Number_Of_Customers: 70
Vehicle_Capacity:    50
Alpha:               0.75
Number_Of_Scenarios: 100

Location_Coordinates:
0 0 0
1 -0.0345493 -0.670247
2 0.152327 0.165649
3 -0.933314 -1.20202
4 -2.33976 0.598625
5 1.08466 -0.180113
6 -2.16013 -0.358694
7 1.43602 0.210725
8 1.65219 -1.69377
9 -2.19607 0.583696
10 0.175641 1.99318
11 -0.650726 -1.74409
12 2.15424 1.31419
13 -2.39866 0.647673
14 0.438791 -0.232145
15 -1.66752 -1.02215
16 0.693506 0.752786
17 2.07323 -0.252026
18 -0.808526 1.10873
19 -0.611646 0.0646626
20 1.78351 0.41229
21 -0.649564 -2.22375
22 0.416982 -1.78132
23 1.29413 0.372045
24 -2.03265 2.2735
25 0.737674 -1.90912
26 -1.65276 2.04691
27 2.40303 -2.25989
28 -1.91475 -1.21769
29 -0.631934 -0.920307
30 2.4071 1.14301
31 0.588199 0.856592
32 1.74683 -0.963126
33 -2.26164 -1.32382
34 0.551187 -1.19509
35 -0.934534 -1.71325
36 0.398138 1.5043
37 -2.30134 1.43559
38 -2.11127 0.816801
39 -2.03098 0.379754
40 -2.4691 1.81408
41 -0.832744 -0.930915
42 -0.893048 0.541978
43 -0.971915 0.0173656
44 1.86329 1.32793
45 -1.53212 -0.331896
46 1.81583 -1.38309
47 -0.676356 2.48371
48 -1.34286 0.546562
49 1.06562 -0.126471
50 -0.600587 0.930993
51 2.19892 2.19566
52 2.49795 -1.9496
53 -1.98589 -1.89289
54 1.16156 2.30423
55 2.18597 -0.433753
56 -0.0845044 -0.264945
57 2.06569 -2.01706
58 -0.724505 -1.74777
59 0.231067 -1.45013
60 -2.38051 0.765879
61 2.12432 -1.58948
62 0.683636 -0.12578
63 1.01496 -1.60305
64 -2.38412 0.0822072
65 1.65719 2.42158
66 -0.483515 -1.42903
67 2.31876 1.4392
68 -1.28821 -1.02807
69 1.28876 0.105755
70 2.41865 0.17338

Demand_per_scenario:
1 8 8 8 8 8 7 7 7 8 9 8 8 10 7 9 8 9 10 11 9 8 8 8 8 9 8 6 7 7 7 7 8 8 9 8 9 7 7 7 8 7 7 6 6 7 9 10 9 7 8 9 8 9 6 10 7 8 10 8 8 10 8 7 7 6 9 7 8 7 8 8 8 9 8 6 10 6 10 8 9 7 9 8 9 8 6 10 7 8 7 8 8 8 9 10 9 9 8 8 7
2 5 6 6 7 5 6 6 6 6 4 6 6 6 6 5 6 8 5 6 4 7 6 5 6 5 5 5 6 7 7 6 6 7 6 5 6 5 7 4 6 6 7 6 5 5 6 5 6 8 5 6 6 6 6 8 5 4 8 5 5 3 5 5 5 6 8 6 5 4 7 6 6 5 6 5 5 6 7 6 5 7 7 5 7 7 6 6 4 6 4 4 7 4 7 5 6 7 6 5 7
3 3 5 3 6 4 4 4 5 4 3 4 4 5 5 3 4 4 4 4 5 3 2 4 4 6 5 4 6 4 5 5 4 4 4 5 4 4 2 4 4 3 4 5 4 2 4 5 3 4 3 5 3 4 4 5 3 2 6 3 3 4 4 4 4 4 5 5 3 3 4 5 5 3 3 5 6 3 6 5 6 3 3 4 4 6 6 4 4 3 2 4 3 5 3 5 7 4 4 4 5
4 5 5 5 5 4 5 5 6 5 4 4 4 3 5 3 4 2 5 4 5 6 5 2 4 4 5 4 6 5 5 6 3 5 5 5 5 6 4 4 4 4 4 4 4 4 6 4 3 7 4 4 4 5 5 5 6 5 5 6 4 5 5 4 5 6 6 4 5 6 5 3 3 2 5 6 5 5 5 5 5 6 6 5 4 4 4 3 3 3 6 6 4 2 6 5 5 5 6 4 4
5 4 3 2 5 3 3 6 3 6 4 4 5 2 2 3 4 3 4 6 3 3 4 3 5 5 4 3 6 4 5 3 3 4 5 3 4 4 4 3 4 2 2 3 4 5 3 4 5 3 4 4 5 5 5 6 2 4 5 4 4 4 4 3 4 5 4 3 4 3 7 3 5 4 4 2 4 3 4 4 3 4 5 5 8 5 4 5 4 5 3 3 3 4 5 5 5 4 5 5 4
6 4 6 7 6 5 5 6 4 5 5 5 5 6 5 5 5 4 4 5 3 5 6 4 4 5 4 6 6 5 5 5 5 4 5 5 4 7 7 3 6 4 4 6 5 5 5 5 6 5 5 4 7 7 4 6 7 4 4 4 6 6 5 5 6 5 5 6 5 5 3 4 5 3 5 4 4 4 4 5 5 5 5 5 6 7 5 7 4 6 6 5 6 5 4 6 4 5 5 5 7
7 6 6 7 7 8 6 6 6 5 8 5 6 4 7 4 8 7 5 5 7 8 4 7 5 5 5 5 6 7 7 7 5 6 5 6 7 7 6 6 7 7 7 4 5 6 6 7 6 5 6 5 5 6 6 4 6 6 7 4 6 5 5 7 8 8 7 6 7 6 7 6 8 7 7 6 6 7 5 5 5 5 6 7 6 4 5 5 5 5 5 5 5 4 7 5 3 7 5 6 5
8 4 5 4 5 2 3 4 6 6 3 4 4 5 5 5 5 5 5 4 5 4 2 6 5 3 5 6 5 6 7 5 5 4 5 6 6 6 4 7 4 6 6 5 4 5 5 4 6 4 5 6 5 4 5 5 3 5 3 4 5 5 5 5 4 5 6 5 4 6 5 5 5 4 5 5 3 5 2 3 5 4 4 5 6 4 5 4 5 4 5 4 4 5 4 6 5 4 5 6 4
9 5 5 4 5 3 5 4 3 3 4 3 3 3 4 2 5 3 4 3 5 3 4 4 4 5 4 3 4 4 5 4 3 4 6 5 4 4 4 4 5 4 3 4 4 3 4 3 4 5 5 3 3 4 5 5 2 5 3 4 2 6 4 5 3 4 6 4 4 5 4 4 4 2 3 5 2 5 3 4 3 5 5 6 4 6 4 4 3 3 3 4 5 4 4 5 3 4 4 4 5
10 6 5 6 3 7 6 7 7 6 4 4 6 5 7 8 8 6 8 5 6 6 6 8 6 5 6 6 6 6 7 6 5 7 7 5 6 5 6 8 6 5 8 5 7 7 5 8 4 5 6 6 7 7 7 6 6 6 8 8 7 7 5 7 7 6 5 8 7 7 5 6 5 8 6 7 5 6 5 5 4 6 5 7 6 6 7 6 6 7 6 5 6 6 6 7 7 7 6 6 6
11 7 7 7 7 7 7 6 7 7 7 5 5 6 6 6 5 8 7 8 8 6 7 5 6 7 8 7 7 7 6 5 6 7 5 4 5 6 6 8 7 7 6 6 6 8 7 5 6 7 7 5 6 6 7 7 6 5 7 10 7 8 6 6 6 6 5 6 5 7 5 6 6 6 5 6 5 8 8 8 6 7 7 7 6 6 5 6 5 7 7 8 5 6 7 7 7 7 6 7 8
12 3 3 4 4 3 3 3 2 2 3 3 3 3 3 2 4 4 2 2 4 4 3 4 3 2 4 1 5 4 4 5 3 4 3 4 4 3 4 3 4 2 3 3 2 3 2 3 2 3 3 4 4 3 2 5 3 2 2 5 2 2 2 2 1 4 4 2 4 3 3 3 3 3 4 3 2 3 4 3 4 4 3 3 1 4 5 2 2 2 2 2 3 3 3 3 3 2 3 3 3
13 7 8 8 7 7 8 7 7 8 10 7 9 8 9 6 7 8 6 9 8 9 7 6 8 8 6 7 7 8 8 7 6 7 6 9 9 7 7 8 7 7 7 9 6 8 8 7 8 8 8 8 8 8 6 7 10 7 6 7 6 7 7 8 7 6 7 8 7 8 6 9 6 8 6 7 8 7 8 9 8 6 7 8 7 7 8 8 7 9 8 7 9 7 9 8 8 7 8 9 7
14 6 8 7 7 5 6 7 7 6 8 6 5 7 6 6 8 5 6 8 7 5 6 5 6 7 6 7 8 5 6 6 7 7 6 8 6 6 6 5 8 7 9 7 6 8 5 6 8 6 7 6 6 6 7 8 7 7 6 4 6 6 7 8 6 6 6 8 5 7 7 7 5 7 7 7 7 7 7 8 6 6 7 7 6 8 6 7 7 7 5 6 7 8 8 6 6 6 6 8 7
15 8 8 8 7 7 7 7 8 8 7 8 7 7 7 8 7 7 7 8 7 7 9 5 5 7 7 8 8 7 7 6 6 7 7 6 8 6 5 7 6 7 5 6 7 7 6 7 7 6 7 8 6 6 7 7 6 8 8 8 6 6 8 6 7 7 7 7 6 8 6 7 8 5 6 6 7 6 8 8 8 6 7 8 7 9 6 6 6 7 6 7 7 7 9 7 6 7 7 7 5
16 7 7 8 7 6 7 7 8 6 7 8 8 8 7 7 8 6 8 9 7 8 6 5 7 10 8 8 8 6 8 6 7 6 5 8 6 8 8 7 7 7 7 7 7 8 6 6 5 8 8 8 7 8 7 8 7 6 7 9 8 7 7 7 6 6 8 7 5 6 6 6 6 5 6 7 7 9 6 7 8 8 6 7 8 7 6 9 6 6 8 8 7 7 9 7 6 9 5 7 5
17 8 7 7 6 8 8 7 8 7 6 9 9 7 9 6 7 7 8 6 6 8 6 7 8 7 10 8 7 7 8 7 9 6 9 6 7 7 9 7 7 7 6 7 6 7 6 7 10 6 9 8 7 7 6 6 6 8 7 7 8 8 7 7 7 8 8 7 6 8 6 7 6 7 7 6 6 8 8 6 6 8 7 6 8 7 6 8 7 6 6 8 8 8 7 6 7 6 9 8 8
18 7 6 5 7 5 9 6 5 6 4 7 7 6 5 8 6 7 8 7 7 5 8 7 8 6 8 8 8 6 6 6 8 5 8 5 5 6 7 7 6 7 4 5 4 8 5 6 6 6 6 7 6 5 7 8 6 8 7 7 7 5 6 7 8 8 7 5 5 8 7 7 5 8 6 6 6 7 5 5 8 6 7 7 7 4 6 5 6 7 7 5 6 6 6 7 6 5 6 7 6
19 7 6 5 7 8 7 6 3 7 6 4 6 6 7 6 4 5 7 6 5 9 7 7 7 6 7 5 6 6 7 7 6 6 8 7 5 5 5 5 7 6 4 6 5 7 4 6 7 6 7 6 6 6 5 5 6 5 6 7 6 7 6 5 7 5 7 6 6 6 7 8 6 7 6 6 7 5 6 4 4 6 5 6 6 7 5 7 7 8 5 6 5 7 6 7 5 6 6 8 5
20 5 4 5 3 5 5 3 3 3 3 4 4 5 3 3 3 3 4 2 3 3 3 2 5 1 5 4 5 4 4 4 3 3 4 3 4 3 3 3 3 2 3 4 1 4 3 4 2 3 6 3 5 2 4 5 3 4 4 4 4 3 4 2 4 3 4 2 5 4 3 1 4 5 5 5 3 6 5 4 3 4 2 3 4 2 2 6 1 3 4 3 3 5 5 2 2 4 3 3 1
21 5 5 4 6 5 5 5 6 4 5 3 4 5 3 5 5 6 5 6 4 6 5 4 3 4 5 5 4 4 5 5 5 4 6 4 5 4 4 4 3 5 5 5 4 5 6 3 5 4 3 6 5 1 2 5 3 4 3 6 5 5 4 2 4 4 4 4 4 3 6 4 4 4 3 4 5 3 4 5 4 6 5 4 5 3 5 6 5 4 5 4 5 5 4 7 4 4 4 6 4
22 3 4 4 4 4 5 6 5 4 4 2 5 3 6 4 4 4 5 4 4 5 4 5 4 5 4 6 4 4 5 5 3 5 4 4 5 4 5 5 4 4 6 5 5 3 6 6 4 4 5 5 4 3 3 4 4 5 4 4 5 3 4 3 6 5 4 4 4 3 5 5 4 4 6 6 5 7 6 4 6 5 4 5 6 4 4 5 4 4 3 5 5 5 4 5 5 4 5 4 6
23 6 7 6 7 7 7 5 5 6 6 8 6 8 5 7 7 6 7 8 6 6 6 6 7 7 5 4 7 7 7 7 7 7 3 7 6 6 8 6 5 6 5 5 7 6 8 6 6 5 6 6 5 6 8 6 6 8 6 6 7 7 6 7 7 8 6 6 6 6 6 5 3 6 5 8 4 6 8 6 7 6 6 5 6 6 9 6 6 6 6 6 7 5 8 5 7 6 5 6 7
24 7 6 6 7 3 6 7 7 6 5 5 5 7 5 6 7 4 5 7 7 5 6 7 8 4 5 6 5 4 7 5 5 6 6 6 5 7 6 6 7 5 6 5 4 7 6 5 6 6 5 3 6 8 5 7 5 6 7 7 6 8 8 6 7 6 7 7 5 7 8 5 6 6 7 6 7 5 7 6 7 6 4 6 4 5 5 5 5 7 8 7 6 7 6 6 7 5 4 6 6
25 7 6 4 7 5 6 7 4 5 6 5 6 6 4 5 6 4 4 6 5 5 5 8 6 6 7 5 8 6 6 8 6 5 6 5 5 7 4 5 7 6 6 4 6 7 8 5 6 6 6 6 6 5 5 5 5 5 5 6 5 4 6 5 5 5 5 6 5 6 6 6 6 6 5 6 6 6 4 6 8 5 5 8 6 6 6 6 5 7 7 5 6 5 5 7 5 6 3 7 5
26 5 8 7 5 6 7 7 6 6 8 5 6 6 7 5 8 7 7 5 6 8 7 8 6 6 6 6 7 7 5 7 8 7 7 6 6 8 7 7 6 6 6 7 8 6 7 4 6 7 8 7 7 8 5 6 5 8 7 7 7 6 6 6 6 7 7 6 6 6 6 6 7 7 8 6 6 6 7 6 7 7 6 7 6 7 8 6 5 7 6 6 7 6 7 6 6 5 7 7 7
27 6 5 6 6 3 5 7 6 4 6 6 6 5 6 6 6 6 7 6 4 5 7 7 6 6 6 5 8 7 6 6 5 6 6 6 4 6 6 6 2 8 5 5 5 6 6 7 5 6 5 5 6 7 8 6 6 7 6 5 7 5 7 7 5 6 6 6 5 8 6 6 8 7 7 7 7 6 5 7 5 7 7 4 5 6 6 5 5 7 5 6 6 6 7 4 6 5 6 5 6
28 4 3 5 4 4 4 5 4 4 4 3 2 5 5 5 4 5 3 3 4 2 4 3 3 4 5 3 3 3 4 4 2 3 5 3 3 4 6 3 5 4 6 4 6 4 3 5 4 4 2 2 3 3 2 3 3 3 3 3 5 2 4 4 5 2 4 3 4 4 4 5 3 2 5 4 4 4 3 6 2 4 3 2 5 4 3 3 4 3 6 4 5 4 5 4 2 4 4 2 5
29 6 3 6 5 5 4 5 7 6 6 7 4 6 6 5 5 5 6 5 5 4 3 5 4 6 6 6 3 7 4 5 5 6 6 5 5 6 6 3 6 5 5 4 6 6 4 6 4 5 7 5 8 4 6 5 5 6 5 5 4 5 5 6 5 5 6 6 6 6 5 3 5 4 5 5 6 5 7 5 4 3 5 4 6 5 5 5 5 6 5 4 5 6 7 5 6 4 5 6 6
30 3 3 2 4 3 3 5 5 3 3 3 4 5 3 4 5 3 4 3 3 5 2 4 3 4 6 7 3 4 5 2 3 2 5 4 5 4 6 2 4 5 4 3 4 3 3 5 5 3 4 4 3 4 4 3 3 4 5 3 4 2 5 3 4 5 4 5 4 4 3 5 4 4 3 4 4 4 4 3 4 4 2 4 3 4 5 4 4 4 4 4 4 3 4 4 4 4 5 4 4
31 7 6 6 7 6 5 6 6 4 6 6 6 7 7 5 6 7 5 8 6 7 6 4 6 7 6 8 6 5 6 6 7 6 7 6 7 7 7 5 7 6 6 5 5 6 8 8 6 5 6 7 6 5 7 7 5 6 7 4 6 6 7 6 5 5 6 7 4 6 6 5 7 8 6 6 7 7 5 8 5 8 7 3 6 5 5 7 8 5 7 5 7 7 8 5 5 4 7 6 6
32 7 7 5 5 5 7 3 7 5 6 7 6 4 6 4 4 4 5 5 7 6 4 5 4 5 4 6 6 6 5 6 5 5 6 5 6 6 6 5 5 6 6 5 6 6 6 5 5 6 4 6 5 6 4 7 5 4 6 8 5 4 6 4 6 6 5 5 5 7 6 6 6 6 4 5 5 6 7 6 7 4 3 7 4 4 5 6 4 6 5 4 4 6 3 6 5 4 5 5 6
33 8 8 6 9 7 9 7 8 7 6 8 8 7 7 6 7 6 6 7 7 7 6 7 7 6 8 9 6 6 7 7 6 8 6 7 7 8 9 5 6 8 8 5 9 6 7 7 7 6 7 8 6 6 8 8 7 7 7 7 7 7 7 8 8 7 7 7 7 8 5 9 6 10 7 6 7 7 8 8 4 6 7 7 8 7 7 8 8 6 7 8 7 6 10 7 10 7 6 8 7
34 5 5 6 6 5 5 7 8 5 7 7 7 6 7 6 8 8 7 6 5 7 7 6 7 5 6 6 7 5 8 7 6 3 9 5 6 7 5 6 5 7 7 5 6 7 6 6 5 6 6 7 7 6 7 4 6 7 6 6 4 7 7 6 5 5 6 5 5 6 7 6 6 4 7 6 6 8 7 5 5 6 6 8 6 7 5 7 5 5 6 4 7 6 6 5 6 4 5 3 5
35 5 5 2 2 4 3 4 4 4 4 2 4 3 5 4 4 4 5 3 3 3 4 4 3 3 3 4 4 4 5 5 5 3 6 5 4 1 3 2 2 4 4 5 5 4 2 6 3 4 3 5 3 4 3 5 4 4 3 2 2 4 4 3 4 4 4 2 2 3 3 3 4 3 3 1 3 4 3 5 4 3 3 4 3 4 4 4 3 3 3 4 3 6 3 2 4 6 3 4 2
36 6 7 6 5 6 5 5 7 7 6 6 5 7 6 5 5 8 7 6 4 6 7 7 4 7 5 7 7 6 4 5 6 4 7 8 6 7 6 6 7 7 4 5 5 5 6 7 6 7 7 6 5 5 6 8 6 5 8 6 5 7 6 5 7 6 5 6 5 5 6 6 6 6 5 5 6 5 6 5 4 6 6 8 7 5 5 5 6 7 6 5 6 5 6 5 5 7 5 6 6
37 8 6 7 8 7 7 9 8 8 7 7 6 8 7 8 8 7 7 7 8 9 9 8 5 7 8 7 6 7 8 8 7 6 6 7 7 6 7 6 8 9 7 7 8 7 8 7 8 5 8 7 8 9 8 7 7 6 8 7 7 7 8 8 7 8 9 6 7 7 8 7 8 6 9 6 7 7 7 8 10 6 6 6 8 6 10 7 9 8 8 7 9 9 7 7 8 10 6 7 7
38 8 11 7 10 8 7 8 9 7 9 8 9 8 6 7 7 6 10 9 7 9 8 8 9 9 9 8 8 7 8 8 8 9 9 8 8 7 9 8 7 8 7 8 9 9 8 7 8 8 6 9 8 8 8 9 8 7 8 8 7 9 7 8 9 10 6 7 8 8 8 6 10 8 5 7 6 7 9 9 8 8 7 9 6 6 7 9 7 7 8 8 9 8 10 7 9 7 7 10 8
39 4 5 5 5 8 6 7 4 6 7 5 4 7 6 4 6 5 5 5 6 5 7 7 6 6 6 5 4 5 5 5 6 5 4 7 7 6 7 5 6 6 6 5 4 8 5 6 7 6 6 5 7 6 7 6 7 5 5 6 4 7 6 6 4 6 4 4 5 7 6 5 6 7 6 4 5 6 7 7 5 6 3 6 6 6 6 7 4 4 7 6 7 4 6 6 6 6 6 4 6
40 7 4 7 6 6 4 7 8 8 6 5 6 7 5 7 6 5 8 7 7 7 7 6 8 6 7 8 6 6 7 6 8 7 7 7 6 6 8 7 9 6 6 6 7 7 6 7 6 7 6 6 4 7 7 6 8 7 7 6 6 6 7 6 5 7 6 7 6 5 6 6 6 6 6 7 6 6 7 6 8 7 6 5 6 7 5 5 6 4 7 6 6 6 8 7 6 6 5 8 7
41 4 3 5 7 7 5 3 4 3 4 5 3 4 2 7 6 4 5 5 5 5 5 5 4 3 4 3 5 6 5 5 5 5 6 5 4 4 6 5 5 6 5 4 5 3 4 5 5 3 3 4 4 6 5 7 4 4 4 3 5 3 5 5 4 3 2 4 5 5 5 6 6 5 4 6 6 5 5 6 4 7 3 6 6 6 5 6 5 4 3 6 4 4 4 5 4 6 5 5 4
42 8 7 10 10 8 7 8 7 8 7 10 7 8 8 8 8 7 8 8 8 8 8 8 8 6 7 8 6 8 9 8 9 9 7 9 9 8 8 10 8 9 8 8 7 8 8 6 7 10 8 8 7 8 8 7 8 6 7 7 8 7 7 8 6 8 8 9 8 10 7 7 6 7 8 7 7 6 8 8 6 9 8 6 9 7 7 7 8 10 8 6 6 8 8 9 8 6 8 7 9
43 6 7 5 7 8 7 7 6 7 4 7 6 7 6 5 6 6 7 6 5 7 5 6 5 6 3 8 7 7 7 4 6 7 7 5 5 5 5 7 7 6 7 6 5 6 6 7 7 8 8 5 6 5 5 6 5 6 7 6 5 8 5 7 6 5 6 6 5 7 4 6 7 6 8 6 7 7 7 5 8 6 5 6 7 6 7 7 7 6 7 6 8 7 6 6 4 5 6 6 5
44 6 3 3 5 5 4 3 4 4 5 5 4 4 2 4 3 2 4 6 4 3 6 5 7 4 4 5 4 3 3 4 6 3 6 4 3 5 4 6 4 5 4 7 3 5 3 4 4 6 4 4 3 5 4 3 4 5 3 7 5 3 4 6 4 5 5 5 5 6 5 4 4 3 6 5 5 5 4 6 5 5 3 3 4 6 5 4 5 4 3 4 4 5 6 3 3 4 5 5 2
45 6 3 6 6 4 4 5 5 7 6 5 3 6 6 4 5 6 5 5 5 6 6 4 6 4 4 5 4 4 4 5 6 6 5 4 3 4 6 3 5 6 5 2 6 6 4 5 4 4 7 5 4 5 6 6 5 5 4 5 4 5 5 5 4 7 5 5 3 6 5 4 7 5 7 5 6 6 3 7 6 5 6 3 6 4 4 5 6 3 4 5 5 5 5 5 6 4 6 6 6
46 4 4 4 2 5 1 5 4 5 3 4 4 3 6 4 5 4 4 4 2 3 2 4 3 3 4 4 3 6 4 4 4 4 4 4 3 6 3 4 5 4 5 3 3 5 3 5 3 3 5 4 5 4 5 3 4 5 3 3 4 4 2 4 4 3 4 4 4 4 4 4 4 3 3 4 2 1 5 5 4 4 4 3 5 3 2 4 5 3 6 5 4 5 4 3 3 3 4 4 5
47 8 8 8 6 8 6 7 9 8 8 6 7 7 9 5 7 5 8 8 6 7 8 7 7 6 7 7 4 8 6 7 8 7 7 7 7 7 8 8 6 8 7 5 8 5 8 7 6 6 7 6 7 7 6 7 8 7 7 8 6 8 7 6 9 7 7 8 7 7 6 8 5 6 7 6 6 8 5 9 8 8 7 5 6 7 6 6 5 6 9 6 8 7 8 6 8 7 6 7 6
48 7 8 8 6 8 6 6 7 8 6 6 7 7 5 7 8 7 6 6 7 9 8 7 7 7 7 6 6 9 8 5 6 8 6 6 7 7 7 7 8 8 7 6 7 8 5 7 7 7 5 8 7 7 8 7 7 9 7 6 8 5 5 7 8 8 6 8 6 5 7 6 7 7 7 8 7 6 7 7 6 9 7 6 6 6 7 6 6 5 6 6 5 6 5 7 7 7 6 5 7
49 6 6 7 6 4 5 6 6 8 5 7 5 6 6 5 7 6 5 7 5 3 6 4 5 6 7 3 7 6 4 5 4 6 6 6 6 6 5 5 5 6 6 5 6 6 6 5 5 5 5 5 4 6 6 6 5 6 5 7 5 6 6 5 6 4 4 5 6 6 5 7 4 7 4 5 5 6 6 5 7 5 6 6 5 8 7 4 5 6 5 5 5 5 6 4 7 5 6 4 3
50 7 6 5 8 6 4 7 6 6 5 5 6 4 6 6 5 6 5 6 5 6 6 6 5 5 7 7 7 7 6 8 7 5 6 5 7 4 5 6 5 6 6 7 8 5 5 4 8 7 7 7 5 6 6 6 5 7 7 7 8 6 8 7 7 6 5 8 7 5 7 5 6 7 5 5 5 5 5 5 8 6 6 5 7 4 5 4 7 7 6 6 6 7 7 6 7 7 8 7 6
51 6 8 8 7 7 6 8 7 8 6 7 8 7 6 7 6 8 7 7 7 7 7 6 6 5 6 5 6 7 5 8 5 6 6 8 4 7 7 7 7 7 7 6 6 8 5 6 7 7 8 7 6 8 8 5 7 8 8 7 4 6 7 7 7 7 6 7 6 8 7 8 6 7 7 6 5 7 9 7 7 6 6 6 6 5 8 7 6 7 5 8 7 7 7 6 5 7 9 7 6
52 5 5 5 7 4 5 7 5 7 5 4 6 5 7 5 7 5 7 6 7 8 7 6 7 6 7 7 7 4 7 5 5 6 8 6 7 7 7 5 5 6 6 7 5 7 4 6 5 7 6 5 4 6 4 8 7 5 8 8 6 6 7 6 8 7 6 7 8 6 7 4 9 4 5 5 5 7 7 7 5 8 6 6 6 6 7 6 7 7 6 5 7 6 6 6 7 7 6 6 6
53 6 4 3 4 3 5 5 3 4 6 4 4 3 5 4 3 4 3 4 4 4 3 5 2 4 3 3 3 4 4 5 6 3 5 3 6 4 3 4 4 3 5 4 4 3 5 4 4 5 3 3 5 5 5 4 2 4 4 4 3 5 4 3 4 4 3 4 4 4 5 6 5 2 4 4 5 4 5 5 4 4 3 4 4 4 4 4 5 3 6 4 5 3 3 4 4 5 5 5 3
54 4 3 5 5 5 5 6 6 5 6 6 4 5 6 5 5 5 6 6 5 6 4 5 5 7 5 5 5 6 6 7 7 5 4 4 6 5 5 6 7 6 6 6 3 6 5 5 6 5 7 6 5 6 5 7 4 4 6 5 6 5 4 5 6 3 6 3 5 7 4 4 7 5 5 5 5 4 4 4 6 5 6 6 4 6 5 6 5 5 5 7 6 7 6 4 6 4 4 6 6
55 4 3 2 3 4 2 2 4 3 1 2 2 1 2 2 3 3 2 3 1 3 3 4 3 3 2 2 3 3 3 3 3 2 3 4 3 1 3 3 3 4 2 2 1 1 4 3 4 3 3 4 4 4 1 4 3 4 1 1 3 2 3 3 2 3 3 2 2 2 2 2 3 3 4 4 2 3 3 4 3 3 1 3 2 2 2 3 2 3 3 3 3 2 3 2 2 3 3 2 4
56 3 3 6 5 4 5 3 3 4 5 4 4 4 4 3 4 4 4 3 5 4 4 5 5 5 4 5 3 6 4 3 2 3 5 6 3 6 5 4 4 4 4 2 4 3 4 3 4 5 5 4 5 5 4 5 4 5 3 4 4 2 5 5 3 4 3 4 5 4 3 4 4 3 5 7 5 3 4 4 5 5 4 5 6 4 4 5 3 2 4 4 6 4 4 5 1 2 7 4 4
57 2 5 6 6 6 4 3 4 5 4 4 4 4 3 5 3 5 6 5 6 3 4 6 2 4 3 4 4 5 4 4 7 4 5 3 5 3 3 4 4 5 5 5 4 5 4 5 6 4 4 3 6 5 5 5 5 3 4 5 4 3 7 4 4 3 5 5 3 5 4 4 5 6 6 6 4 4 3 5 5 4 6 3 5 5 5 6 4 3 4 5 5 3 5 4 4 4 4 4 6
58 5 8 5 5 5 5 5 4 5 5 5 6 5 4 4 5 5 4 6 5 4 5 5 5 6 6 5 6 4 7 6 5 5 6 5 5 4 5 5 6 5 4 4 5 6 3 6 5 4 7 6 6 6 7 5 4 3 7 5 5 4 5 6 5 4 5 4 6 6 7 4 7 6 5 5 5 4 5 4 6 3 6 6 4 4 4 5 6 6 6 5 5 4 5 6 6 4 4 6 4
59 6 7 6 7 5 7 6 6 8 6 7 5 6 5 6 6 8 7 7 4 6 5 6 7 6 7 8 6 8 8 5 7 8 6 6 4 6 7 5 6 5 6 5 8 7 6 6 7 5 6 6 7 5 7 6 7 5 7 6 7 7 6 6 7 7 6 6 5 6 6 5 7 6 7 7 5 8 4 7 5 6 7 5 8 6 8 6 5 7 7 8 8 6 7 7 8 7 7 6 6
60 2 1 5 3 3 3 2 4 4 4 3 2 3 4 3 4 4 4 3 1 2 3 3 4 3 2 3 3 2 4 3 2 3 1 2 3 1 2 4 2 2 3 1 3 2 1 2 3 2 3 4 4 1 4 2 3 1 3 4 1 2 1 4 1 2 4 2 3 2 2 4 4 4 3 2 3 2 4 3 3 5 5 1 2 2 5 3 2 2 4 2 3 3 3 4 3 3 2 4 3
61 8 8 8 8 10 8 7 8 8 7 6 7 8 10 8 6 7 6 8 8 8 8 8 8 7 9 7 5 9 6 9 9 8 10 8 7 8 7 7 8 8 7 9 6 9 7 7 8 8 8 7 7 8 9 8 8 8 8 8 7 9 8 8 8 8 9 8 8 7 8 8 8 8 10 8 8 8 6 6 8 8 7 8 7 7 8 7 8 7 8 9 8 8 8 8 8 9 7 9 7
62 9 6 6 6 8 6 8 5 6 6 6 7 7 6 6 6 7 7 6 5 5 6 6 4 3 6 7 6 7 6 5 6 6 6 6 6 6 8 6 8 6 6 6 6 6 4 5 6 4 5 5 6 7 5 5 6 7 6 6 7 7 5 5 6 8 5 6 6 7 5 5 8 5 6 8 6 7 6 5 8 6 6 7 6 5 7 6 6 6 5 7 5 5 6 8 5 6 6 7 5
63 4 1 4 3 4 3 4 3 3 4 2 2 3 5 3 3 3 3 3 3 3 3 4 2 5 4 2 2 3 4 3 2 2 3 4 2 4 1 4 4 4 3 3 3 3 2 4 3 4 4 4 6 3 4 2 2 2 2 5 3 3 1 5 4 3 5 3 4 4 3 5 5 3 3 3 3 6 4 2 5 2 2 3 2 4 2 3 3 3 3 4 3 2 5 3 3 4 2 5 5
64 6 6 8 6 7 7 7 6 4 6 6 6 7 8 7 5 6 4 7 6 6 7 6 7 6 8 7 5 7 6 8 6 6 6 5 8 5 8 5 6 7 8 7 6 7 6 6 6 6 6 7 7 6 5 6 10 6 6 7 7 6 4 7 6 6 8 7 5 7 8 8 6 6 5 6 6 8 5 6 6 7 7 6 6 7 7 7 6 7 7 6 6 7 6 4 7 5 6 5 7
65 1 5 2 3 2 4 4 2 4 4 4 3 4 3 4 4 2 3 3 3 3 4 5 3 3 4 4 2 3 5 2 3 3 4 5 4 4 3 4 2 1 3 3 4 4 3 3 2 3 3 2 2 4 5 2 1 2 2 4 5 4 3 2 5 3 3 3 3 5 3 2 3 1 3 3 3 3 3 4 2 3 4 2 4 3 1 4 3 2 3 4 3 1 3 3 2 5 2 3 3
66 9 8 9 7 9 7 9 8 9 8 7 7 10 9 6 10 9 8 7 7 9 10 9 10 7 10 8 10 10 9 8 10 9 8 9 9 9 8 8 8 9 6 7 8 9 8 10 9 7 7 9 10 6 8 9 8 9 7 8 10 8 8 9 10 8 8 10 7 9 10 8 10 7 9 7 9 8 10 8 9 7 8 9 9 10 7 9 9 8 9 8 8 10 9 10 7 7 8 9 10
67 5 6 6 6 6 5 6 6 5 6 7 6 6 7 5 7 6 5 5 6 7 6 6 7 5 5 6 5 6 6 6 5 5 7 6 8 6 7 8 4 6 3 6 6 5 7 6 6 6 5 7 7 5 7 5 6 6 5 6 6 7 5 4 8 7 5 6 7 6 4 5 6 6 6 6 6 6 6 6 5 6 5 6 6 6 5 5 5 5 4 7 6 5 7 5 6 6 6 6 5
68 7 5 4 5 4 3 5 5 6 5 5 4 6 8 6 4 5 6 5 4 6 5 6 6 7 7 5 6 4 5 4 4 5 5 5 3 4 5 4 5 5 6 6 3 5 5 5 5 6 3 5 5 7 6 3 6 5 5 6 3 4 4 5 6 7 4 5 5 3 6 5 5 5 4 4 5 5 4 6 5 5 6 5 5 4 7 5 6 6 5 5 4 4 5 5 4 5 7 4 4
69 9 8 9 7 8 8 9 8 7 9 8 7 8 9 9 11 7 7 8 8 8 8 8 8 10 7 6 10 7 8 9 9 9 8 9 9 8 8 8 9 8 8 6 9 10 7 8 10 8 7 8 9 8 9 8 9 9 8 7 9 7 11 10 8 6 8 9 9 10 7 9 8 7 9 8 8 6 7 7 10 7 9 8 11 7 10 8 7 8 9 10 11 8 9 8 8 9 7 7 9
70 5 6 4 5 6 5 6 4 4 4 4 4 4 5 3 5 5 6 6 6 4 4 5 5 4 5 6 4 5 4 5 6 2 5 4 4 5 3 7 5 5 6 6 7 4 6 6 5 4 4 4 3 5 3 5 6 5 3 4 4 4 6 4 5 5 4 7 6 4 5 6 5 6 6 3 3 5 3 6 3 3 5 3 6 5 5 5 5 4 6 6 3 3 6 4 5 4 5 5 4

Probability_of_each_scenario_occuring:
0.01 0.01 0.01 0.01 0.01 0.01 0.01 0.01 0.01 0.01 0.01 0.01 0.01 0.01 0.01 0.01 0.01 0.01 0.01 0.01 0.01 0.01 0.01 0.01 0.01 0.01 0.01 0.01 0.01 0.01 0.01 0.01 0.01 0.01 0.01 0.01 0.01 0.01 0.01 0.01 0.01 0.01 0.01 0.01 0.01 0.01 0.01 0.01 0.01 0.01 0.01 0.01 0.01 0.01 0.01 0.01 0.01 0.01 0.01 0.01 0.01 0.01 0.01 0.01 0.01 0.01 0.01 0.01 0.01 0.01 0.01 0.01 0.01 0.01 0.01 0.01 0.01 0.01 0.01 0.01 0.01 0.01 0.01 0.01 0.01 0.01 0.01 0.01 0.01 0.01 0.01 0.01 0.01 0.01 0.01 0.01 0.01 0.01 0.01 0.01 

Travel_Costs:
0 0.68 0.23 1.53 2.42 1.1 2.19 1.46 2.37 2.28 2.01 1.87 2.53 2.49 0.5 1.96 1.03 2.09 1.38 0.62 1.84 2.32 1.83 1.35 3.05 2.05 2.64 3.3 2.27 1.12 2.67 1.04 2 2.63 1.32 1.96 1.56 2.72 2.27 2.07 3.07 1.25 1.05 0.98 2.29 1.57 2.29 2.58 1.45 1.08 1.11 3.11 3.17 2.75 2.59 2.23 0.28 2.89 1.9 1.47 2.51 2.66 0.7 1.9 2.39 2.94 1.51 2.73 1.65 1.3 2.43 
0.68 0 0.86 1.05 2.64 1.23 2.15 1.72 1.98 2.5 2.68 1.24 2.96 2.71 0.65 1.68 1.6 2.15 1.95 0.94 2.12 1.68 1.2 1.69 3.56 1.46 3.17 2.92 1.96 0.65 3.05 1.65 1.81 2.33 0.79 1.38 2.22 3.1 2.56 2.26 3.48 0.84 1.49 1.17 2.76 1.54 1.99 3.22 1.79 1.23 1.7 3.64 2.84 2.31 3.21 2.24 0.41 2.5 1.28 0.83 2.76 2.35 0.91 1.41 2.47 3.53 0.89 3.17 1.31 1.54 2.6 
0.23 0.86 0 1.75 2.53 1 2.38 1.29 2.39 2.39 1.83 2.08 2.31 2.6 0.5 2.18 0.8 1.97 1.35 0.78 1.65 2.53 1.97 1.17 3.04 2.16 2.61 3.31 2.49 1.34 2.46 0.82 1.96 2.84 1.42 2.18 1.37 2.77 2.36 2.2 3.1 1.48 1.12 1.14 2.07 1.76 2.28 2.47 1.55 0.96 1.08 2.89 3.16 2.97 2.37 2.13 0.5 2.91 2.11 1.62 2.61 2.64 0.61 1.97 2.54 2.72 1.72 2.52 1.88 1.14 2.27 
1.53 1.05 1.75 0 2.29 2.27 1.49 2.76 2.64 2.19 3.39 0.62 3.99 2.36 1.69 0.76 2.55 3.16 2.32 1.31 3.17 1.07 1.47 2.73 3.65 1.82 3.33 3.51 0.99 0.42 4.09 2.56 2.7 1.34 1.49 0.52 3.02 2.98 2.34 1.93 3.39 0.29 1.75 1.22 3.78 1.06 2.76 3.7 1.8 2.27 2.16 4.63 3.52 1.26 4.09 3.22 1.27 3.11 0.59 1.2 2.45 3.09 1.95 1.99 1.94 4.46 0.51 4.19 0.4 2.58 3.63 
2.42 2.64 2.53 2.29 0 3.52 0.98 3.8 4.61 0.15 2.88 2.89 4.56 0.08 2.91 1.76 3.04 4.5 1.62 1.81 4.13 3.29 3.65 3.65 1.71 3.97 1.61 5.54 1.87 2.29 4.78 2.94 4.38 1.93 3.41 2.71 2.89 0.84 0.32 0.38 1.23 2.15 1.45 1.49 4.27 1.24 4.61 2.52 1 3.49 1.78 4.82 5.47 2.52 3.9 4.65 2.42 5.13 2.85 3.29 0.18 4.98 3.11 4.02 0.52 4.4 2.75 4.74 1.94 3.67 4.78 
1.1 1.23 1 2.27 3.52 0 3.25 0.53 1.62 3.37 2.36 2.34 1.84 3.59 0.65 2.88 1.02 1 2.3 1.72 0.92 2.69 1.74 0.6 3.97 1.77 3.53 2.47 3.18 1.87 1.88 1.15 1.03 3.54 1.15 2.54 1.82 3.76 3.35 3.17 4.08 2.06 2.11 2.07 1.7 2.63 1.41 3.2 2.54 0.06 2.02 2.63 2.27 3.52 2.49 1.14 1.18 2.09 2.4 1.54 3.6 1.76 0.41 1.43 3.48 2.67 2.01 2.04 2.52 0.36 1.39 
2.19 2.15 2.38 1.49 0.98 3.25 0 3.65 4.04 0.95 3.32 2.05 4.63 1.04 2.61 0.83 3.07 4.24 2 1.61 4.02 2.41 2.95 3.54 2.64 3.29 2.46 4.95 0.9 1.63 4.81 3.01 3.96 0.98 2.84 1.83 3.17 1.8 1.18 0.75 2.2 1.45 1.56 1.25 4.37 0.63 4.11 3.21 1.22 3.24 2.03 5.06 4.93 1.55 4.26 4.35 2.08 4.54 2 2.63 1.15 4.46 2.86 3.42 0.5 4.73 1.99 4.83 1.1 3.49 4.61 
1.46 1.72 1.29 2.76 3.8 0.53 3.65 0 1.92 3.66 2.19 2.86 1.32 3.86 1.1 3.34 0.92 0.79 2.42 2.06 0.41 3.21 2.24 0.22 4.04 2.24 3.6 2.66 3.65 2.36 1.35 1.07 1.22 4.01 1.67 3.06 1.66 3.94 3.6 3.48 4.23 2.54 2.36 2.42 1.2 3.02 1.64 3.11 2.8 0.51 2.17 2.13 2.41 4.02 2.12 0.99 1.6 2.32 2.92 2.06 3.86 1.93 0.83 1.87 3.83 2.23 2.53 1.52 3 0.19 0.99 
2.37 1.98 2.39 2.64 4.61 1.62 4.04 1.92 0 4.48 3.98 2.31 3.05 4.68 1.9 3.39 2.63 1.51 3.73 2.87 2.12 2.37 1.24 2.1 5.42 0.94 5 0.95 3.6 2.42 2.94 2.77 0.74 3.94 1.21 2.59 3.44 5.05 4.53 4.23 5.42 2.6 3.39 3.14 3.03 3.47 0.36 4.79 3.75 1.68 3.46 3.93 0.89 3.65 4.03 1.37 2.25 0.53 2.38 1.45 4.73 0.49 1.85 0.65 4.41 4.12 2.16 3.21 3.02 1.84 2.02 
2.28 2.5 2.39 2.19 0.15 3.37 0.95 3.66 4.48 0 2.76 2.8 4.42 0.22 2.76 1.7 2.9 4.36 1.49 1.67 3.99 3.21 3.53 3.5 1.7 3.85 1.57 5.41 1.83 2.17 4.64 2.8 4.24 1.91 3.28 2.63 2.76 0.86 0.25 0.27 1.27 2.04 1.31 1.35 4.13 1.14 4.47 2.44 0.86 3.34 1.64 4.69 5.34 2.49 3.78 4.5 2.28 5 2.76 3.17 0.26 4.84 2.97 3.89 0.54 4.27 2.65 4.6 1.85 3.52 4.64 
2.01 2.68 1.83 3.39 2.88 2.36 3.32 2.19 3.98 2.76 0 3.83 2.1 2.91 2.25 3.54 1.35 2.94 1.33 2.09 2.26 4.3 3.79 1.97 2.23 3.95 1.83 4.81 3.84 3.03 2.39 1.21 3.35 4.12 3.22 3.87 0.54 2.54 2.58 2.74 2.66 3.1 1.81 2.29 1.82 2.89 3.76 0.99 2.1 2.3 1.32 2.04 4.58 4.45 1.04 3.16 2.28 4.44 3.85 3.45 2.84 4.08 2.18 3.7 3.2 1.55 3.49 2.22 3.36 2.2 2.89 
1.87 1.24 2.08 0.62 2.89 2.34 2.05 2.86 2.31 2.8 3.83 0 4.15 2.97 1.87 1.25 2.84 3.11 2.86 1.81 3.26 0.48 1.07 2.88 4.25 1.4 3.93 3.1 1.37 0.83 4.21 2.89 2.53 1.67 1.33 0.29 3.42 3.59 2.95 2.54 4 0.84 2.3 1.8 3.97 1.67 2.5 4.23 2.4 2.36 2.68 4.87 3.16 1.35 4.44 3.13 1.59 2.74 0.08 0.93 3.05 2.78 2.1 1.68 2.52 4.77 0.36 4.36 0.96 2.69 3.62 
2.53 2.96 2.31 3.99 4.56 1.84 4.63 1.32 3.05 4.42 2.1 4.15 0 4.61 2.31 4.48 1.57 1.57 2.97 3.04 0.98 4.52 3.55 1.28 4.3 3.53 3.88 3.59 4.8 3.58 0.31 1.64 2.32 5.15 2.98 4.33 1.77 4.46 4.3 4.29 4.66 3.74 3.15 3.39 0.3 4.04 2.72 3.07 3.59 1.81 2.79 0.89 3.29 5.24 1.41 1.75 2.74 3.34 4.21 3.37 4.57 2.91 2.06 3.14 4.71 1.22 3.81 0.21 4.17 1.49 1.18 
2.49 2.71 2.6 2.36 0.08 3.59 1.04 3.86 4.68 0.22 2.91 2.97 4.61 0 2.98 1.83 3.1 4.57 1.66 1.88 4.19 3.37 3.72 3.71 1.67 4.05 1.59 5.62 1.93 2.37 4.84 3 4.45 1.98 3.48 2.78 2.93 0.8 0.34 0.46 1.17 2.23 1.51 1.56 4.32 1.31 4.68 2.52 1.07 3.55 1.83 4.86 5.55 2.58 3.93 4.72 2.49 5.2 2.93 3.37 0.12 5.05 3.18 4.09 0.57 4.43 2.83 4.79 2.02 3.73 4.85 
0.5 0.65 0.5 1.69 2.91 0.65 2.61 1.1 1.9 2.76 2.25 1.87 2.31 2.98 0 2.25 1.02 1.64 1.84 1.1 1.5 2.27 1.55 1.05 3.52 1.71 3.1 2.83 2.56 1.28 2.41 1.1 1.5 2.92 0.97 2.02 1.74 3.21 2.76 2.55 3.56 1.46 1.55 1.44 2.12 1.98 1.8 2.94 1.95 0.64 1.56 3 2.69 2.94 2.64 1.76 0.53 2.42 1.92 1.24 3 2.17 0.27 1.49 2.85 2.93 1.52 2.52 1.91 0.92 2.03 
1.96 1.68 2.18 0.76 1.76 2.88 0.83 3.34 3.39 1.7 3.54 1.25 4.48 1.83 2.25 0 2.96 3.82 2.3 1.52 3.74 1.58 2.22 3.28 3.32 2.57 3.07 4.26 0.32 1.05 4.62 2.94 3.42 0.67 2.23 1.01 3.27 2.54 1.9 1.45 2.95 0.84 1.75 1.26 4.25 0.71 3.51 3.65 1.61 2.88 2.23 5.04 4.27 0.93 4.37 3.9 1.76 3.87 1.19 1.95 1.93 3.84 2.52 2.75 1.32 4.79 1.26 4.69 0.38 3.17 4.26 
1.03 1.6 0.8 2.55 3.04 1.02 3.07 0.92 2.63 2.9 1.35 2.84 1.57 3.1 1.02 2.96 0 1.71 1.55 1.48 1.15 3.27 2.55 0.72 3.13 2.67 2.68 3.47 3.27 2.14 1.76 0.15 2.02 3.62 1.96 2.96 0.81 3.08 2.81 2.75 3.34 2.28 1.61 1.83 1.31 2.48 2.42 2.21 2.05 0.96 1.31 2.09 3.25 3.77 1.63 1.91 1.29 3.1 2.88 2.26 3.08 2.75 0.88 2.38 3.15 1.93 2.48 1.77 2.67 0.88 1.82 
2.09 2.15 1.97 3.16 4.5 1 4.24 0.79 1.51 4.36 2.94 3.11 1.57 4.57 1.64 3.82 1.71 0 3.19 2.71 0.73 3.37 2.26 1 4.83 2.13 4.38 2.04 4.11 2.79 1.44 1.86 0.79 4.47 1.8 3.35 2.43 4.69 4.32 4.16 5 2.99 3.08 3.06 1.6 3.61 1.16 3.88 3.51 1.02 2.93 2.46 1.75 4.38 2.72 0.22 2.16 1.77 3.18 2.2 4.57 1.34 1.4 1.72 4.47 2.71 2.82 1.71 3.45 0.87 0.55 
1.38 1.95 1.35 2.32 1.62 2.3 2 2.42 3.73 1.49 1.33 2.86 2.97 1.66 1.84 2.3 1.55 3.19 0 1.07 2.69 3.34 3.14 2.23 1.69 3.4 1.27 4.66 2.58 2.04 3.22 1.42 3.29 2.84 2.68 2.83 1.27 1.53 1.34 1.43 1.81 2.04 0.58 1.11 2.69 1.62 3.62 1.39 0.78 2.25 0.28 3.2 4.51 3.23 2.31 3.37 1.56 4.25 2.86 2.77 1.61 3.99 1.94 3.27 1.89 2.8 2.56 3.15 2.19 2.33 3.36 
0.62 0.94 0.78 1.31 1.81 1.72 1.61 2.06 2.87 1.67 2.09 1.81 3.04 1.88 1.1 1.52 1.48 2.71 1.07 0 2.43 2.29 2.12 1.94 2.63 2.4 2.24 3.81 1.83 0.99 3.21 1.44 2.58 2.16 1.72 1.81 1.76 2.18 1.68 1.46 2.56 1.02 0.56 0.37 2.78 1.01 2.83 2.42 0.88 1.69 0.87 3.53 3.71 2.4 2.86 2.85 0.63 3.4 1.82 1.74 1.91 3.2 1.31 2.33 1.78 3.28 1.5 3.24 1.29 1.91 3.04 
1.84 2.12 1.65 3.17 4.13 0.92 4.02 0.41 2.12 3.99 2.26 3.26 0.98 4.19 1.5 3.74 1.15 0.73 2.69 2.43 0 3.59 2.59 0.5 4.25 2.55 3.81 2.75 4.05 2.76 0.97 1.28 1.38 4.41 2.03 3.46 1.77 4.22 3.92 3.82 4.48 2.95 2.68 2.79 0.92 3.4 1.8 3.22 3.13 0.9 2.44 1.84 2.47 4.42 2 0.94 1.99 2.45 3.31 2.43 4.18 2.04 1.23 2.16 4.19 2.02 2.93 1.16 3.4 0.59 0.68 
2.32 1.68 2.53 1.07 3.29 2.69 2.41 3.21 2.37 3.21 4.3 0.48 4.52 3.37 2.27 1.58 3.27 3.37 3.34 2.29 3.59 0 1.16 3.25 4.71 1.43 4.39 3.06 1.62 1.31 4.55 3.32 2.71 1.85 1.59 0.59 3.88 4.02 3.38 2.95 4.43 1.31 2.78 2.27 4.36 2.09 2.61 4.71 2.86 2.71 3.16 5.26 3.16 1.38 4.88 3.36 2.04 2.73 0.49 1.18 3.46 2.85 2.49 1.78 2.89 5.19 0.82 4.72 1.36 3.04 3.9 
1.83 1.2 1.97 1.47 3.65 1.74 2.95 2.24 1.24 3.53 3.79 1.07 3.55 3.72 1.55 2.22 2.55 2.26 3.14 2.12 2.59 1.16 0 2.33 4.74 0.35 4.36 2.05 2.4 1.36 3.54 2.65 1.57 2.72 0.61 1.36 3.29 4.22 3.63 3.27 4.62 1.52 2.67 2.28 3.43 2.43 1.46 4.41 2.92 1.78 2.9 4.36 2.09 2.41 4.16 2.23 1.6 1.67 1.15 0.38 3.79 1.72 1.68 0.63 3.37 4.39 0.97 3.75 1.87 2.08 2.8 
1.35 1.69 1.17 2.73 3.65 0.6 3.54 0.22 2.1 3.5 1.97 2.88 1.28 3.71 1.05 3.28 0.72 1 2.23 1.94 0.5 3.25 2.33 0 3.84 2.35 3.39 2.86 3.59 2.32 1.36 0.86 1.41 3.94 1.74 3.06 1.45 3.75 3.44 3.33 4.04 2.5 2.2 2.3 1.12 2.92 1.84 2.89 2.65 0.55 1.98 2.04 2.62 3.99 1.94 1.21 1.52 2.52 2.93 2.11 3.7 2.13 0.79 2 3.69 2.09 2.54 1.48 2.94 0.27 1.15 
3.05 3.56 3.04 3.65 1.71 3.97 2.64 4.04 5.42 1.7 2.23 4.25 4.3 1.67 3.52 3.32 3.13 4.83 1.69 2.63 4.25 4.71 4.74 3.84 0 5.02 0.45 6.35 3.5 3.49 4.59 2.98 4.98 3.61 4.33 4.14 2.55 0.88 1.46 1.9 0.64 3.43 2.08 2.5 4.01 2.66 5.31 1.38 1.86 3.92 1.97 4.24 6.2 4.17 3.2 5.02 3.2 5.94 4.23 4.36 1.55 5.68 3.63 4.94 2.22 3.7 4.02 4.44 3.39 3.97 4.93 
2.05 1.46 2.16 1.82 3.97 1.77 3.29 2.24 0.94 3.85 3.95 1.4 3.53 4.05 1.71 2.57 2.67 2.13 3.4 2.4 2.55 1.43 0.35 2.35 5.02 0 4.63 1.71 2.75 1.69 3.48 2.77 1.39 3.06 0.74 1.69 3.44 4.52 3.95 3.6 4.92 1.86 2.95 2.58 3.43 2.77 1.2 4.62 3.22 1.82 3.14 4.36 1.77 2.73 4.24 2.07 1.84 1.34 1.48 0.69 4.11 1.43 1.79 0.42 3.71 4.43 1.32 3.71 2.21 2.09 2.68 
2.64 3.17 2.61 3.33 1.61 3.53 2.46 3.6 5 1.57 1.83 3.93 3.88 1.59 3.1 3.07 2.68 4.38 1.27 2.24 3.81 4.39 4.36 3.39 0.45 4.63 0 5.92 3.28 3.14 4.16 2.54 4.55 3.43 3.93 3.83 2.13 0.9 1.32 1.71 0.85 3.09 1.69 2.15 3.59 2.39 4.88 1.07 1.54 3.49 1.54 3.86 5.77 3.96 2.83 4.58 2.8 5.51 3.91 3.98 1.48 5.25 3.2 4.53 2.1 3.34 3.67 4.02 3.1 3.53 4.49 
3.3 2.92 3.31 3.51 5.54 2.47 4.95 2.66 0.95 5.41 4.81 3.1 3.59 5.62 2.83 4.26 3.47 2.04 4.66 3.81 2.75 3.06 2.05 2.86 6.35 1.71 5.92 0 4.45 3.32 3.41 3.61 1.46 4.76 2.14 3.39 4.27 5.99 5.47 5.17 6.36 3.5 4.33 4.08 3.63 4.39 1.06 5.66 4.69 2.52 4.39 4.47 0.33 4.41 4.73 1.84 3.19 0.42 3.17 2.32 5.67 0.73 2.75 1.54 5.33 4.75 3.01 3.71 3.9 2.62 2.44 
2.27 1.96 2.49 0.99 1.87 3.18 0.9 3.65 3.6 1.83 3.84 1.37 4.8 1.93 2.56 0.32 3.27 4.11 2.58 1.83 4.05 1.62 2.4 3.59 3.5 2.75 3.28 4.45 0 1.32 4.93 3.26 3.68 0.37 2.47 1.1 3.58 2.69 2.05 1.61 3.09 1.12 2.04 1.56 4.56 0.97 3.74 3.91 1.86 3.18 2.52 5.35 4.48 0.68 4.68 4.18 2.07 4.06 1.31 2.16 2.04 4.06 2.82 2.96 1.39 5.1 1.45 5 0.66 3.47 4.56 
1.12 0.65 1.34 0.42 2.29 1.87 1.63 2.36 2.42 2.17 3.03 0.83 3.58 2.37 1.28 1.05 2.14 2.79 2.04 0.99 2.76 1.31 1.36 2.32 3.49 1.69 3.14 3.32 1.32 0 3.68 2.16 2.38 1.68 1.22 0.85 2.64 2.89 2.29 1.91 3.3 0.21 1.49 1 3.36 1.08 2.5 3.41 1.64 1.88 1.86 4.21 3.3 1.67 3.69 2.86 0.86 2.92 0.84 1.02 2.43 2.84 1.54 1.79 2.02 4.06 0.53 3.78 0.67 2.18 3.25 
2.67 3.05 2.46 4.09 4.78 1.88 4.81 1.35 2.94 4.64 2.39 4.21 0.31 4.84 2.41 4.62 1.76 1.44 3.22 3.21 0.97 4.55 3.54 1.36 4.59 3.48 4.16 3.41 4.93 3.68 0 1.85 2.21 5.29 2.99 4.4 2.05 4.72 4.54 4.51 4.93 3.85 3.36 3.57 0.58 4.21 2.6 3.37 3.8 1.85 3.02 1.08 3.1 5.34 1.71 1.6 2.87 3.18 4.27 3.39 4.81 2.75 2.15 3.08 4.91 1.49 3.87 0.31 4.29 1.53 0.97 
1.04 1.65 0.82 2.56 2.94 1.15 3.01 1.07 2.77 2.8 1.21 2.89 1.64 3 1.1 2.94 0.15 1.86 1.42 1.44 1.28 3.32 2.65 0.86 2.98 2.77 2.54 3.61 3.26 2.16 1.85 0 2.16 3.59 2.06 2.99 0.68 2.95 2.7 2.67 3.21 2.29 1.52 1.78 1.36 2.44 2.56 2.07 1.96 1.1 1.2 2.1 3.4 3.77 1.56 2.06 1.31 3.24 2.92 2.34 2.98 2.89 0.99 2.5 3.08 1.9 2.53 1.83 2.66 1.03 1.96 
2 1.81 1.96 2.7 4.38 1.03 3.96 1.22 0.74 4.24 3.35 2.53 2.32 4.45 1.5 3.42 2.02 0.79 3.29 2.58 1.38 2.71 1.57 1.41 4.98 1.39 4.55 1.46 3.68 2.38 2.21 2.16 0 4.03 1.22 2.79 2.82 4.71 4.25 4.01 5.05 2.58 3.04 2.9 2.3 3.34 0.43 4.22 3.44 1.08 3.02 3.2 1.24 3.85 3.32 0.69 1.96 1.11 2.6 1.6 4.48 0.74 1.36 0.98 4.27 3.39 2.28 2.47 3.04 1.17 1.33 
2.63 2.33 2.84 1.34 1.93 3.54 0.98 4.01 3.94 1.91 4.12 1.67 5.15 1.98 2.92 0.67 3.62 4.47 2.84 2.16 4.41 1.85 2.72 3.94 3.61 3.06 3.43 4.76 0.37 1.68 5.29 3.59 4.03 0 2.82 1.39 3.89 2.76 2.15 1.72 3.15 1.49 2.32 1.87 4.91 1.24 4.08 4.13 2.09 3.54 2.81 5.69 4.81 0.64 4.99 4.54 2.43 4.39 1.6 2.5 2.1 4.4 3.18 3.29 1.42 5.43 1.79 5.35 1.02 3.83 4.92 
1.32 0.79 1.42 1.49 3.41 1.15 2.84 1.67 1.21 3.28 3.22 1.33 2.98 3.48 0.97 2.23 1.96 1.8 2.68 1.72 2.03 1.59 0.61 1.74 4.33 0.74 3.93 2.14 2.47 1.22 2.99 2.06 1.22 2.82 0 1.58 2.71 3.89 3.34 3.03 4.27 1.41 2.26 1.95 2.85 2.26 1.28 3.88 2.58 1.19 2.42 3.77 2.09 2.64 3.56 1.81 1.13 1.73 1.4 0.41 3.53 1.63 1.08 0.62 3.21 3.79 1.07 3.18 1.85 1.5 2.32 
1.96 1.38 2.18 0.52 2.71 2.54 1.83 3.06 2.59 2.63 3.87 0.29 4.33 2.78 2.02 1.01 2.96 3.35 2.83 1.81 3.46 0.59 1.36 3.06 4.14 1.69 3.83 3.39 1.1 0.85 4.4 2.99 2.79 1.39 1.58 0 3.49 3.44 2.8 2.37 3.85 0.79 2.26 1.74 4.14 1.51 2.78 4.21 2.3 2.56 2.67 5.01 3.45 1.07 4.54 3.38 1.68 3.02 0.22 1.2 2.88 3.07 2.27 1.96 2.31 4.88 0.54 4.54 0.78 2.88 3.85 
1.56 2.22 1.37 3.02 2.89 1.82 3.17 1.66 3.44 2.76 0.54 3.42 1.77 2.93 1.74 3.27 0.81 2.43 1.27 1.76 1.77 3.88 3.29 1.45 2.55 3.44 2.13 4.27 3.58 2.64 2.05 0.68 2.82 3.89 2.71 3.49 0 2.71 2.61 2.68 2.89 2.73 1.62 2.03 1.48 2.67 3.22 1.46 1.99 1.77 1.16 1.93 4.05 4.16 1.11 2.64 1.84 3.9 3.45 2.96 2.88 3.55 1.66 3.17 3.13 1.56 3.07 1.93 3.05 1.66 2.42 
2.72 3.1 2.77 2.98 0.84 3.76 1.8 3.94 5.05 0.86 2.54 3.59 4.46 0.8 3.21 2.54 3.08 4.69 1.53 2.18 4.22 4.02 4.22 3.75 0.88 4.52 0.9 5.99 2.69 2.89 4.72 2.95 4.71 2.76 3.89 3.44 2.71 0 0.65 1.09 0.42 2.79 1.67 1.95 4.17 1.93 4.99 1.94 1.31 3.72 1.78 4.57 5.88 3.35 3.58 4.87 2.8 5.57 3.56 3.84 0.68 5.37 3.37 4.5 1.36 4.08 3.4 4.63 2.67 3.83 4.89 
2.27 2.56 2.36 2.34 0.32 3.35 1.18 3.6 4.53 0.25 2.58 2.95 4.3 0.34 2.76 1.9 2.81 4.32 1.34 1.68 3.92 3.38 3.63 3.44 1.46 3.95 1.32 5.47 2.05 2.29 4.54 2.7 4.25 2.15 3.34 2.8 2.61 0.65 0 0.45 1.06 2.17 1.25 1.4 4.01 1.29 4.51 2.2 0.82 3.32 1.52 4.53 5.38 2.72 3.6 4.48 2.3 5.05 2.92 3.26 0.28 4.88 2.95 3.96 0.79 4.1 2.78 4.48 2.03 3.48 4.58 
2.07 2.26 2.2 1.93 0.38 3.17 0.75 3.48 4.23 0.27 2.74 2.54 4.29 0.46 2.55 1.45 2.75 4.16 1.43 1.46 3.82 2.95 3.27 3.33 1.9 3.6 1.71 5.17 1.61 1.91 4.51 2.67 4.01 1.72 3.03 2.37 2.68 1.09 0.45 0 1.5 1.78 1.15 1.12 4.01 0.87 4.24 2.51 0.71 3.14 1.54 4.61 5.1 2.28 3.73 4.3 2.06 4.75 2.5 2.91 0.53 4.6 2.77 3.64 0.47 4.22 2.39 4.48 1.6 3.34 4.46 
3.07 3.48 3.1 3.39 1.23 4.08 2.2 4.23 5.42 1.27 2.66 4 4.66 1.17 3.56 2.95 3.34 5 1.81 2.56 4.48 4.43 4.62 4.04 0.64 4.92 0.85 6.36 3.09 3.3 4.93 3.21 5.05 3.15 4.27 3.85 2.89 0.42 1.06 1.5 0 3.2 2.03 2.34 4.36 2.35 5.35 1.92 1.7 4.04 2.07 4.69 6.24 3.74 3.67 5.17 3.17 5.94 3.97 4.24 1.06 5.72 3.71 4.89 1.74 4.18 3.81 4.81 3.08 4.13 5.16 
1.25 0.84 1.48 0.29 2.15 2.06 1.45 2.54 2.6 2.04 3.1 0.84 3.74 2.23 1.46 0.84 2.28 2.99 2.04 1.02 2.95 1.31 1.52 2.5 3.43 1.86 3.09 3.5 1.12 0.21 3.85 2.29 2.58 1.49 1.41 0.79 2.73 2.79 2.17 1.78 3.2 0 1.48 0.96 3.52 0.93 2.69 3.42 1.57 2.07 1.88 4.36 3.49 1.51 3.81 3.06 1.01 3.1 0.83 1.19 2.3 3.03 1.72 1.97 1.86 4.18 0.61 3.95 0.47 2.37 3.44 
1.05 1.49 1.12 1.75 1.45 2.11 1.56 2.36 3.39 1.31 1.81 2.3 3.15 1.51 1.55 1.75 1.61 3.08 0.58 0.56 2.68 2.78 2.67 2.2 2.08 2.95 1.69 4.33 2.04 1.49 3.36 1.52 3.04 2.32 2.26 2.26 1.62 1.67 1.25 1.15 2.03 1.48 0 0.54 2.87 1.09 3.33 1.96 0.45 2.07 0.49 3.51 4.21 2.67 2.71 3.23 1.15 3.92 2.3 2.29 1.51 3.7 1.72 2.88 1.57 3.17 2.02 3.34 1.62 2.23 3.34 
0.98 1.17 1.14 1.22 1.49 2.07 1.25 2.42 3.14 1.35 2.29 1.8 3.39 1.56 1.44 1.26 1.83 3.06 1.11 0.37 2.79 2.27 2.28 2.3 2.5 2.58 2.15 4.08 1.56 1 3.57 1.78 2.9 1.87 1.95 1.74 2.03 1.95 1.4 1.12 2.34 0.96 0.54 0 3.13 0.67 3.12 2.49 0.65 2.05 0.99 3.85 3.99 2.17 3.13 3.19 0.94 3.66 1.79 1.9 1.6 3.49 1.67 2.57 1.42 3.57 1.53 3.59 1.1 2.27 3.4 
2.29 2.76 2.07 3.78 4.27 1.7 4.37 1.2 3.03 4.13 1.82 3.97 0.3 4.32 2.12 4.25 1.31 1.6 2.69 2.78 0.92 4.36 3.43 1.12 4.01 3.43 3.59 3.63 4.56 3.36 0.58 1.36 2.3 4.91 2.85 4.14 1.48 4.17 4.01 4.01 4.36 3.52 2.87 3.13 0 3.78 2.72 2.8 3.3 1.66 2.5 0.94 3.34 5.02 1.21 1.8 2.52 3.36 4.02 3.23 4.29 2.93 1.88 3.06 4.43 1.12 3.63 0.47 3.94 1.36 1.29 
1.57 1.54 1.76 1.06 1.24 2.63 0.63 3.02 3.47 1.14 2.89 1.67 4.04 1.31 1.98 0.71 2.48 3.61 1.62 1.01 3.4 2.09 2.43 2.92 2.66 2.77 2.39 4.39 0.97 1.08 4.21 2.44 3.34 1.24 2.26 1.51 2.67 1.93 1.29 0.87 2.35 0.93 1.09 0.67 3.78 0 3.51 2.95 0.9 2.61 1.57 4.51 4.35 1.63 3.77 3.72 1.45 3.98 1.64 2.09 1.39 3.87 2.23 2.85 0.95 4.22 1.52 4.24 0.74 2.86 3.99 
2.29 1.99 2.28 2.76 4.61 1.41 4.11 1.64 0.36 4.47 3.76 2.5 2.72 4.68 1.8 3.51 2.42 1.16 3.62 2.83 1.8 2.61 1.46 1.84 5.31 1.2 4.88 1.06 3.74 2.5 2.6 2.56 0.43 4.08 1.28 2.78 3.22 4.99 4.51 4.24 5.35 2.69 3.33 3.12 2.72 3.51 0 4.61 3.71 1.47 3.35 3.6 0.89 3.84 3.75 1.02 2.21 0.69 2.57 1.59 4.72 0.38 1.7 0.84 4.45 3.81 2.3 2.87 3.13 1.58 1.67 
2.58 3.22 2.47 3.7 2.52 3.2 3.21 3.11 4.79 2.44 0.99 4.23 3.07 2.52 2.94 3.65 2.21 3.88 1.39 2.42 3.22 4.71 4.41 2.89 1.38 4.62 1.07 5.66 3.91 3.41 3.37 2.07 4.22 4.13 3.88 4.21 1.46 1.94 2.2 2.51 1.92 3.42 1.96 2.49 2.8 2.95 4.61 0 2.05 3.14 1.56 2.89 5.46 4.57 1.85 4.09 2.82 5.28 4.24 4.04 2.42 4.95 2.95 4.43 2.95 2.34 3.92 3.18 3.57 3.09 3.87 
1.45 1.79 1.55 1.8 1 2.54 1.22 2.8 3.75 0.86 2.1 2.4 3.59 1.07 1.95 1.61 2.05 3.51 0.78 0.88 3.13 2.86 2.92 2.65 1.86 3.22 1.54 4.69 1.86 1.64 3.8 1.96 3.44 2.09 2.58 2.3 1.99 1.31 0.82 0.71 1.7 1.57 0.45 0.65 3.3 0.9 3.71 2.05 0 2.51 0.84 3.91 4.59 2.53 3.06 3.67 1.5 4.27 2.38 2.55 1.07 4.08 2.14 3.2 1.15 3.54 2.16 3.77 1.58 2.67 3.78 
1.08 1.23 0.96 2.27 3.49 0.06 3.24 0.51 1.68 3.34 2.3 2.36 1.81 3.55 0.64 2.88 0.96 1.02 2.25 1.69 0.9 2.71 1.78 0.55 3.92 1.82 3.49 2.52 3.18 1.88 1.85 1.1 1.08 3.54 1.19 2.56 1.77 3.72 3.32 3.14 4.04 2.07 2.07 2.05 1.66 2.61 1.47 3.14 2.51 0 1.98 2.59 2.32 3.53 2.44 1.17 1.16 2.14 2.42 1.57 3.56 1.81 0.39 1.48 3.46 2.62 2.03 2.01 2.53 0.33 1.39 
1.11 1.7 1.08 2.16 1.78 2.02 2.03 2.17 3.46 1.64 1.32 2.68 2.79 1.83 1.56 2.23 1.31 2.93 0.28 0.87 2.44 3.16 2.9 1.98 1.97 3.14 1.54 4.39 2.52 1.86 3.02 1.2 3.02 2.81 2.42 2.67 1.16 1.78 1.52 1.54 2.07 1.88 0.49 0.99 2.5 1.57 3.35 1.56 0.84 1.98 0 3.08 4.24 3.15 2.24 3.11 1.31 3.98 2.69 2.53 1.79 3.72 1.67 3.01 1.98 2.71 2.37 2.97 2.08 2.07 3.12 
3.11 3.64 2.89 4.63 4.82 2.63 5.06 2.13 3.93 4.69 2.04 4.87 0.89 4.86 3 5.04 2.09 2.46 3.2 3.53 1.84 5.26 4.36 2.04 4.24 4.36 3.86 4.47 5.35 4.21 1.08 2.1 3.2 5.69 3.77 5.01 1.93 4.57 4.53 4.61 4.69 4.36 3.51 3.85 0.94 4.51 3.6 2.89 3.91 2.59 3.08 0 4.16 5.86 1.05 2.63 3.36 4.22 4.91 4.15 4.8 3.79 2.78 3.98 5.05 0.59 4.51 0.77 4.75 2.28 2.04 
3.17 2.84 3.16 3.52 5.47 2.27 4.93 2.41 0.89 5.34 4.58 3.16 3.29 5.55 2.69 4.27 3.25 1.75 4.51 3.71 2.47 3.16 2.09 2.62 6.2 1.77 5.77 0.33 4.48 3.3 3.1 3.4 1.24 4.81 2.09 3.45 4.05 5.88 5.38 5.1 6.24 3.49 4.21 3.99 3.34 4.35 0.89 5.46 4.59 2.32 4.24 4.16 0 4.49 4.46 1.55 3.09 0.44 3.23 2.33 5.59 0.52 2.58 1.53 5.29 4.46 3.03 3.4 3.9 2.39 2.13 
2.75 2.31 2.97 1.26 2.52 3.52 1.55 4.02 3.65 2.49 4.45 1.35 5.24 2.58 2.94 0.93 3.77 4.38 3.23 2.4 4.42 1.38 2.41 3.99 4.17 2.73 3.96 4.41 0.68 1.67 5.34 3.77 3.85 0.64 2.64 1.07 4.16 3.35 2.72 2.28 3.74 1.51 2.67 2.17 5.02 1.63 3.84 4.57 2.53 3.53 3.15 5.86 4.49 0 5.25 4.42 2.51 4.06 1.27 2.27 2.69 4.13 3.21 3.02 2.02 5.65 1.58 5.45 1.12 3.84 4.87 
2.59 3.21 2.37 4.09 3.9 2.49 4.26 2.12 4.03 3.78 1.04 4.44 1.41 3.93 2.64 4.37 1.63 2.72 2.31 2.86 2 4.88 4.16 1.94 3.2 4.24 2.83 4.73 4.68 3.69 1.71 1.56 3.32 4.99 3.56 4.54 1.11 3.58 3.6 3.73 3.67 3.81 2.71 3.13 1.21 3.77 3.75 1.85 3.06 2.44 2.24 1.05 4.46 5.25 0 2.93 2.86 4.42 4.47 3.87 3.87 4.02 2.48 3.92 4.19 0.51 4.08 1.45 4.14 2.21 2.48 
2.23 2.24 2.13 3.22 4.65 1.14 4.35 0.99 1.37 4.5 3.16 3.13 1.75 4.72 1.76 3.9 1.91 0.22 3.37 2.85 0.94 3.36 2.23 1.21 5.02 2.07 4.58 1.84 4.18 2.86 1.6 2.06 0.69 4.54 1.81 3.38 2.64 4.87 4.48 4.3 5.17 3.06 3.23 3.19 1.8 3.72 1.02 4.09 3.67 1.17 3.11 2.63 1.55 4.42 2.93 0 2.28 1.59 3.2 2.21 4.73 1.16 1.54 1.66 4.6 2.91 2.85 1.88 3.53 1.05 0.66 
0.28 0.41 0.5 1.27 2.42 1.18 2.08 1.6 2.25 2.28 2.28 1.59 2.74 2.49 0.53 1.76 1.29 2.16 1.56 0.63 1.99 2.04 1.6 1.52 3.2 1.84 2.8 3.19 2.07 0.86 2.87 1.31 1.96 2.43 1.13 1.68 1.84 2.8 2.3 2.06 3.17 1.01 1.15 0.94 2.52 1.45 2.21 2.82 1.5 1.16 1.31 3.36 3.09 2.51 2.86 2.28 0 2.78 1.62 1.23 2.52 2.58 0.79 1.74 2.33 3.21 1.24 2.95 1.43 1.43 2.55 
2.89 2.5 2.91 3.11 5.13 2.09 4.54 2.32 0.53 5 4.44 2.74 3.34 5.2 2.42 3.87 3.1 1.77 4.25 3.4 2.45 2.73 1.67 2.52 5.94 1.34 5.51 0.42 4.06 2.92 3.18 3.24 1.11 4.39 1.73 3.02 3.9 5.57 5.05 4.75 5.94 3.1 3.92 3.66 3.36 3.98 0.69 5.28 4.27 2.14 3.98 4.22 0.44 4.06 4.42 1.59 2.78 0 2.81 1.93 5.25 0.44 2.35 1.13 4.93 4.46 2.62 3.47 3.5 2.27 2.22 
1.9 1.28 2.11 0.59 2.85 2.4 2 2.92 2.38 2.76 3.85 0.08 4.21 2.93 1.92 1.19 2.88 3.18 2.86 1.82 3.31 0.49 1.15 2.93 4.23 1.48 3.91 3.17 1.31 0.84 4.27 2.92 2.6 1.6 1.4 0.22 3.45 3.56 2.92 2.5 3.97 0.83 2.3 1.79 4.02 1.64 2.57 4.24 2.38 2.42 2.69 4.91 3.23 1.27 4.47 3.2 1.62 2.81 0 1.01 3.02 2.86 2.15 1.75 2.48 4.81 0.4 4.41 0.92 2.74 3.69 
1.47 0.83 1.62 1.2 3.29 1.54 2.63 2.06 1.45 3.17 3.45 0.93 3.37 3.37 1.24 1.95 2.26 2.2 2.77 1.74 2.43 1.18 0.38 2.11 4.36 0.69 3.98 2.32 2.16 1.02 3.39 2.34 1.6 2.5 0.41 1.2 2.96 3.84 3.26 2.91 4.24 1.19 2.29 1.9 3.23 2.09 1.59 4.04 2.55 1.57 2.53 4.15 2.33 2.27 3.87 2.21 1.23 1.93 1.01 0 3.43 1.9 1.4 0.8 3.04 4.13 0.72 3.57 1.58 1.89 2.73 
2.51 2.76 2.61 2.45 0.18 3.6 1.15 3.86 4.73 0.26 2.84 3.05 4.57 0.12 3 1.93 3.08 4.57 1.61 1.91 4.18 3.46 3.79 3.7 1.55 4.11 1.48 5.67 2.04 2.43 4.81 2.98 4.48 2.1 3.53 2.88 2.88 0.68 0.28 0.53 1.06 2.3 1.51 1.6 4.29 1.39 4.72 2.42 1.07 3.56 1.79 4.8 5.59 2.69 3.87 4.73 2.52 5.25 3.02 3.43 0 5.09 3.2 4.15 0.69 4.37 2.91 4.75 2.11 3.73 4.84 
2.66 2.35 2.64 3.09 4.98 1.76 4.46 1.93 0.49 4.84 4.08 2.78 2.91 5.05 2.17 3.84 2.75 1.34 3.99 3.2 2.04 2.85 1.72 2.13 5.68 1.43 5.25 0.73 4.06 2.84 2.75 2.89 0.74 4.4 1.63 3.07 3.55 5.37 4.88 4.6 5.72 3.03 3.7 3.49 2.93 3.87 0.38 4.95 4.08 1.81 3.72 3.79 0.52 4.13 4.02 1.16 2.58 0.44 2.86 1.9 5.09 0 2.06 1.11 4.81 4.04 2.62 3.04 3.46 1.89 1.79 
0.7 0.91 0.61 1.95 3.11 0.41 2.86 0.83 1.85 2.97 2.18 2.1 2.06 3.18 0.27 2.52 0.88 1.4 1.94 1.31 1.23 2.49 1.68 0.79 3.63 1.79 3.2 2.75 2.82 1.54 2.15 0.99 1.36 3.18 1.08 2.27 1.66 3.37 2.95 2.77 3.71 1.72 1.72 1.67 1.88 2.23 1.7 2.95 2.14 0.39 1.67 2.78 2.58 3.21 2.48 1.54 0.79 2.35 2.15 1.4 3.2 2.06 0 1.52 3.08 2.73 1.75 2.27 2.17 0.65 1.77 
1.9 1.41 1.97 1.99 4.02 1.43 3.42 1.87 0.65 3.89 3.7 1.68 3.14 4.09 1.49 2.75 2.38 1.72 3.27 2.33 2.16 1.78 0.63 2 4.94 0.42 4.53 1.54 2.96 1.79 3.08 2.5 0.98 3.29 0.62 1.96 3.17 4.5 3.96 3.64 4.89 1.97 2.88 2.57 3.06 2.85 0.84 4.43 3.2 1.48 3.01 3.98 1.53 3.02 3.92 1.66 1.74 1.13 1.75 0.8 4.15 1.11 1.52 0 3.8 4.08 1.51 3.31 2.38 1.74 2.27 
2.39 2.47 2.54 1.94 0.52 3.48 0.5 3.83 4.41 0.54 3.2 2.52 4.71 0.57 2.85 1.32 3.15 4.47 1.89 1.78 4.19 2.89 3.37 3.69 2.22 3.71 2.1 5.33 1.39 2.02 4.91 3.08 4.27 1.42 3.21 2.31 3.13 1.36 0.79 0.47 1.74 1.86 1.57 1.42 4.43 0.95 4.45 2.95 1.15 3.46 1.98 5.05 5.29 2.02 4.19 4.6 2.33 4.93 2.48 3.04 0.69 4.81 3.08 3.8 0 4.67 2.43 4.9 1.57 3.68 4.81 
2.94 3.53 2.72 4.46 4.4 2.67 4.73 2.23 4.12 4.27 1.55 4.77 1.22 4.43 2.93 4.79 1.93 2.71 2.8 3.28 2.02 5.19 4.39 2.09 3.7 4.43 3.34 4.75 5.1 4.06 1.49 1.9 3.39 5.43 3.79 4.88 1.56 4.08 4.1 4.22 4.18 4.18 3.17 3.57 1.12 4.22 3.81 2.34 3.54 2.62 2.71 0.59 4.46 5.65 0.51 2.91 3.21 4.46 4.81 4.13 4.37 4.04 2.73 4.08 4.67 0 4.41 1.19 4.54 2.35 2.38 
1.51 0.89 1.72 0.51 2.75 2.01 1.99 2.53 2.16 2.65 3.49 0.36 3.81 2.83 1.52 1.26 2.48 2.82 2.56 1.5 2.93 0.82 0.97 2.54 4.02 1.32 3.67 3.01 1.45 0.53 3.87 2.53 2.28 1.79 1.07 0.54 3.07 3.4 2.78 2.39 3.81 0.61 2.02 1.53 3.63 1.52 2.3 3.92 2.16 2.03 2.37 4.51 3.03 1.58 4.08 2.85 1.24 2.62 0.4 0.72 2.91 2.62 1.75 1.51 2.43 4.41 0 4.01 0.9 2.35 3.32 
2.73 3.17 2.52 4.19 4.74 2.04 4.83 1.52 3.21 4.6 2.22 4.36 0.21 4.79 2.52 4.69 1.77 1.71 3.15 3.24 1.16 4.72 3.75 1.48 4.44 3.71 4.02 3.71 5 3.78 0.31 1.83 2.47 5.35 3.18 4.54 1.93 4.63 4.48 4.48 4.81 3.95 3.34 3.59 0.47 4.24 2.87 3.18 3.77 2.01 2.97 0.77 3.4 5.45 1.45 1.88 2.95 3.47 4.41 3.57 4.75 3.04 2.27 3.31 4.9 1.19 4.01 0 4.38 1.69 1.27 
