Number_Of_Customers: 30
Vehicle_Capacity:    50
Alpha:               0.75
Number_Of_Scenarios: 50

Location_Coordinates:
0 0 0
1 1.65486 -1.76849
2 1.93463 0.256399
3 -0.697836 1.4639
4 -1.2762 0.878917
5 1.95092 -0.888688
6 -1.1762 1.53047
7 -2.32853 -0.558951
8 0.717074 1.8611
9 -0.420203 -2.35101
10 1.54814 -0.479859
11 0.011179 -2.11382
12 -1.98338 0.293938
13 0.220187 0.674697
14 -0.368669 -1.2194
15 0.470723 1.44684
16 2.09793 -0.0323405
17 1.45367 1.75812
18 -1.32484 -1.55154
19 -1.77739 2.42303
20 -1.08704 0.137238
21 1.56319 -2.48981
22 -1.26425 1.83194
23 -0.527912 2.38415
24 0.364365 -1.111
25 2.4181 1.06004
26 1.1276 1.49241
27 -2.0734 2.30896
28 1.68098 2.28789
29 -2.47721 0.479545
30 -0.29073 -1.30499

Demand_per_scenario:
1 6 6 4 5 6 5 6 5 6 6 6 7 6 4 5 7 6 4 5 5 2 5 4 4 7 4 5 7 4 3 5 5 4 6 5 5 5 4 5 6 6 4 6 6 5 5 7 6 5 5
2 7 8 5 6 6 8 7 7 7 6 6 10 8 6 7 8 5 6 8 7 8 8 6 8 7 7 6 8 5 7 9 8 7 8 8 9 7 6 9 7 6 9 6 8 6 7 5 6 8 6
3 4 4 4 5 4 4 4 5 4 3 6 4 4 4 5 4 5 4 5 4 4 3 4 4 5 5 4 5 4 4 3 4 4 5 5 3 4 4 3 4 3 3 6 4 5 3 5 5 3 3
4 9 9 9 10 10 9 10 8 9 11 11 9 9 10 10 8 9 9 10 11 9 9 9 10 9 9 8 7 9 10 10 9 10 6 8 9 9 9 9 8 9 10 8 8 10 9 7 8 9 9
5 5 5 6 7 6 5 6 6 5 6 7 6 5 6 5 5 7 6 7 5 4 6 6 6 5 6 6 5 6 8 5 6 7 8 7 7 7 6 6 7 6 6 8 6 5 6 6 6 6 7
6 9 7 6 8 7 5 7 7 8 6 6 7 7 7 6 7 6 7 8 7 7 7 10 5 8 9 8 8 6 7 9 7 5 9 6 7 7 7 8 7 6 8 6 8 7 8 6 7 7 7
7 8 9 8 7 8 9 9 8 8 9 9 9 10 9 11 8 7 9 8 8 10 10 9 10 8 9 9 7 9 9 10 8 9 8 8 9 10 8 9 9 8 9 10 9 10 8 10 8 9 8
8 6 8 6 6 6 7 5 6 6 6 6 8 5 7 6 6 5 8 5 6 6 8 6 6 6 7 7 5 6 5 7 6 8 6 6 7 7 7 5 5 7 7 9 7 7 5 8 6 6 6
9 6 5 6 6 8 5 7 6 6 6 7 6 7 6 5 7 6 6 7 6 7 7 6 5 5 7 8 7 8 6 6 5 8 6 7 6 7 6 8 7 6 8 6 5 5 7 6 5 8 5
10 7 6 5 7 7 6 6 7 7 8 5 9 9 7 7 8 6 6 6 6 6 5 8 7 8 7 7 6 6 6 8 7 8 6 8 5 6 6 9 6 8 6 8 6 5 8 8 6 6 6
11 7 6 6 8 6 7 8 8 7 8 7 5 6 6 7 9 6 7 6 5 7 4 6 7 5 7 5 7 5 7 7 6 7 6 5 6 7 6 7 7 7 6 5 6 6 7 6 6 6 6
12 7 6 5 8 8 7 7 5 8 6 6 7 5 6 6 7 6 5 7 6 7 7 8 6 6 7 6 5 5 4 6 6 4 8 7 7 6 6 7 7 6 6 6 6 5 6 7 5 6 7
13 6 5 3 5 6 6 4 4 4 5 5 4 5 3 5 3 5 5 5 4 3 5 4 5 6 5 4 6 2 3 3 5 3 3 3 3 3 4 3 2 5 6 3 4 5 3 5 3 3 6
14 4 3 2 2 4 4 3 3 2 4 3 4 3 4 2 2 3 3 1 2 6 3 3 4 5 4 3 4 3 5 5 4 1 4 3 5 2 2 3 3 5 5 4 4 5 4 3 3 3 4
15 6 4 4 5 5 5 4 6 5 5 7 3 6 6 4 5 7 5 5 7 7 5 6 6 5 4 6 6 5 6 6 6 5 5 6 5 4 5 4 4 5 6 4 6 5 7 5 6 5 5
16 5 5 6 5 5 4 5 6 5 5 5 5 4 5 2 5 5 6 3 6 6 4 6 5 6 6 5 5 4 6 4 6 6 2 5 7 3 4 6 5 5 5 5 5 5 5 6 5 6 3
17 9 10 13 8 10 11 9 8 12 9 10 9 9 12 9 8 10 9 8 10 11 10 9 9 9 9 10 9 8 9 8 9 10 9 11 7 10 11 10 11 9 9 9 7 10 9 11 9 9 11
18 3 3 3 3 5 4 5 3 3 4 3 2 3 4 3 4 4 3 3 6 6 4 3 4 5 4 3 3 3 4 3 4 2 4 5 3 6 4 2 5 3 4 4 3 4 3 3 3 4 4
19 3 4 5 7 6 5 7 5 5 6 5 5 5 6 5 4 7 4 3 7 5 6 5 5 5 6 5 6 7 6 5 6 5 6 6 5 4 6 7 5 4 4 6 5 4 4 7 5 4 5
20 5 6 6 6 6 5 7 7 8 5 5 4 4 6 6 7 6 4 6 4 3 5 5 5 6 7 5 6 6 5 5 5 6 5 4 6 7 6 5 6 5 6 4 6 6 5 5 6 5 5
21 5 6 4 5 6 5 4 4 4 6 4 5 4 6 4 3 3 4 6 4 3 5 3 3 3 5 4 5 5 2 4 4 5 5 5 3 5 4 5 5 4 4 6 5 3 4 4 4 3 3
22 6 6 7 6 6 6 6 7 6 7 5 7 6 5 5 6 5 6 6 7 6 6 6 4 4 4 4 5 5 6 6 6 4 6 7 4 8 7 7 4 7 7 5 6 4 6 5 6 7 7
23 7 5 5 3 5 6 5 5 3 6 4 6 7 4 5 5 4 5 5 6 5 3 4 6 6 6 5 5 5 6 5 5 5 4 6 7 6 5 4 5 6 5 5 5 5 6 4 6 6 3
24 3 2 3 4 2 4 3 4 4 2 3 3 5 4 3 4 5 4 5 3 2 2 4 4 3 3 4 5 2 2 3 3 3 3 4 3 5 4 2 4 1 2 4 4 3 4 2 2 4 2
25 4 6 4 5 6 4 2 5 5 4 4 4 5 5 3 3 4 3 2 4 5 5 4 5 5 6 4 5 5 4 6 4 2 3 4 5 5 5 4 3 6 4 5 4 4 4 4 4 4 4
26 4 3 4 3 2 4 5 2 4 5 3 3 5 3 1 3 4 3 5 2 3 5 4 5 4 4 3 3 2 3 1 5 4 4 3 5 2 3 4 4 2 1 2 4 5 3 4 3 4 4
27 4 4 7 7 6 5 5 6 4 4 4 6 5 4 3 5 5 5 5 5 4 6 4 5 6 5 7 3 5 4 4 5 6 6 5 4 4 5 3 7 5 5 6 4 6 5 6 5 4 4
28 6 6 7 9 8 9 8 8 8 8 6 7 9 7 7 7 7 7 8 6 6 9 6 6 6 7 7 9 8 5 8 7 7 8 9 5 7 6 5 7 7 7 6 7 8 7 6 7 6 6
29 6 7 6 6 8 8 7 6 5 5 7 7 6 6 8 7 6 5 7 6 6 6 6 8 6 6 7 8 7 6 7 8 7 7 8 6 6 8 7 8 7 7 7 7 3 7 8 7 8 6
30 5 4 4 5 3 3 2 2 2 4 3 3 4 5 2 2 4 2 2 2 2 5 4 4 5 4 6 3 6 3 4 4 2 5 4 2 3 5 4 4 4 4 5 5 4 3 2 3 1 3

Probability_of_each_scenario_occuring:
0.02 0.02 0.02 0.02 0.02 0.02 0.02 0.02 0.02 0.02 0.02 0.02 0.02 0.02 0.02 0.02 0.02 0.02 0.02 0.02 0.02 0.02 0.02 0.02 0.02 0.02 0.02 0.02 0.02 0.02 0.02 0.02 0.02 0.02 0.02 0.02 0.02 0.02 0.02 0.02 0.02 0.02 0.02 0.02 0.02 0.02 0.02 0.02 0.02 0.02 

Travel_Costs:
0 2.43 1.96 1.63 1.55 2.15 1.94 2.4 2 2.39 1.63 2.12 2.01 0.71 1.28 1.53 2.1 2.29 2.05 3.01 1.1 2.94 2.23 2.45 1.17 2.65 1.88 3.11 2.84 2.53 1.34 
2.43 0 2.05 4 3.95 0.93 4.35 4.17 3.75 2.16 1.3 1.68 4.19 2.84 2.1 3.43 1.8 3.54 2.99 5.42 3.34 0.73 4.64 4.7 1.45 2.93 3.31 5.53 4.06 4.71 2.01 
1.96 2.05 0 2.9 3.28 1.15 3.37 4.35 2.02 3.52 0.84 3.06 3.92 1.77 2.74 1.89 0.34 1.58 3.73 4.3 3.03 2.78 3.57 3.26 2.09 0.94 1.48 4.51 2.05 4.42 2.72 
1.63 4 2.9 0 0.83 3.55 0.49 2.6 1.47 3.83 2.98 3.65 1.74 1.22 2.71 1.17 3.18 2.18 3.08 1.45 1.39 4.56 0.68 0.94 2.79 3.15 1.83 1.62 2.52 2.04 2.8 
1.55 3.95 3.28 0.83 0 3.68 0.66 1.79 2.23 3.35 3.14 3.26 0.92 1.52 2.29 1.84 3.5 2.87 2.44 1.63 0.77 4.41 0.96 1.69 2.58 3.7 2.49 1.64 3.28 1.27 2.4 
2.15 0.93 1.15 3.55 3.68 0 3.96 4.3 3.02 2.79 0.58 2.3 4.11 2.34 2.35 2.77 0.87 2.7 3.35 4.99 3.21 1.65 4.22 4.11 1.61 2.01 2.52 5.15 3.19 4.64 2.28 
1.94 4.35 3.37 0.49 0.66 3.96 0 2.39 1.93 3.96 3.39 3.84 1.48 1.64 2.87 1.65 3.63 2.64 3.09 1.08 1.4 4.87 0.32 1.08 3.06 3.63 2.31 1.19 2.96 1.68 2.98 
2.4 4.17 4.35 2.6 1.79 4.3 2.39 0 3.9 2.62 3.88 2.81 0.93 2.84 2.07 3.45 4.46 4.44 1.42 3.04 1.43 4.35 2.62 3.46 2.75 5.02 4.02 2.88 4.92 1.05 2.18 
2 3.75 2.02 1.47 2.23 3.02 1.93 3.9 0 4.37 2.49 4.04 3.13 1.29 3.27 0.49 2.35 0.75 3.98 2.56 2.5 4.44 1.99 1.36 3 1.89 0.56 2.83 1.06 3.49 3.33 
2.39 2.16 3.52 3.83 3.35 2.79 3.96 2.62 4.37 0 2.72 0.5 3.08 3.1 1.14 3.91 3.43 4.52 1.21 4.97 2.58 1.99 4.27 4.74 1.47 4.44 4.15 4.95 5.1 3.5 1.06 
1.63 1.3 0.84 2.98 3.14 0.58 3.39 3.88 2.49 2.72 0 2.25 3.62 1.76 2.06 2.21 0.71 2.24 3.07 4.42 2.71 2.02 3.65 3.54 1.35 1.77 2.02 4.58 2.78 4.14 2.02 
2.12 1.68 3.06 3.65 3.26 2.3 3.84 2.81 4.04 0.5 2.25 0 3.13 2.8 0.98 3.6 2.95 4.14 1.45 4.88 2.51 1.6 4.15 4.54 1.07 3.99 3.78 4.89 4.71 3.6 0.87 
2.01 4.19 3.92 1.74 0.92 4.11 1.48 0.93 3.13 3.08 3.62 3.13 0 2.24 2.22 2.72 4.1 3.74 1.96 2.14 0.91 4.51 1.7 2.55 2.74 4.47 3.34 2.02 4.18 0.53 2.33 
0.71 2.84 1.77 1.22 1.52 2.34 1.64 2.84 1.29 3.1 1.76 2.8 2.24 0 1.99 0.82 2.01 1.65 2.71 2.66 1.42 3.44 1.89 1.87 1.8 2.24 1.23 2.82 2.18 2.71 2.05 
1.28 2.1 2.74 2.71 2.29 2.35 2.87 2.07 3.27 1.14 2.06 0.98 2.22 1.99 0 2.8 2.74 3.5 1.02 3.91 1.54 2.32 3.19 3.61 0.75 3.61 3.1 3.92 4.07 2.71 0.12 
1.53 3.43 1.89 1.17 1.84 2.77 1.65 3.45 0.49 3.91 2.21 3.6 2.72 0.82 2.8 0 2.2 1.04 3.5 2.46 2.04 4.09 1.78 1.37 2.57 1.99 0.66 2.69 1.48 3.11 2.86 
2.1 1.8 0.34 3.18 3.5 0.87 3.63 4.46 2.35 3.43 0.71 2.95 4.1 2.01 2.74 2.2 0 1.91 3.75 4.59 3.19 2.52 3.85 3.57 2.05 1.14 1.81 4.79 2.36 4.61 2.71 
2.29 3.54 1.58 2.18 2.87 2.7 2.64 4.44 0.75 4.52 2.24 4.14 3.74 1.65 3.5 1.04 1.91 0 4.33 3.3 3.02 4.25 2.72 2.08 3.07 1.2 0.43 3.57 0.58 4.14 3.53 
2.05 2.99 3.73 3.08 2.44 3.35 3.09 1.42 3.98 1.21 3.07 1.45 1.96 2.71 1.02 3.5 3.75 4.33 0 4.01 1.71 3.04 3.39 4.02 1.75 4.57 3.91 3.94 4.88 2.34 1.07 
3.01 5.42 4.3 1.45 1.63 4.99 1.08 3.04 2.56 4.97 4.42 4.88 2.14 2.66 3.91 2.46 4.59 3.3 4.01 0 2.39 5.95 0.79 1.26 4.14 4.42 3.06 0.32 3.47 2.07 4.02 
1.1 3.34 3.03 1.39 0.77 3.21 1.4 1.43 2.5 2.58 2.71 2.51 0.91 1.42 1.54 2.04 3.19 3.02 1.71 2.39 0 3.74 1.71 2.32 1.92 3.63 2.6 2.39 3.51 1.44 1.65 
2.94 0.73 2.78 4.56 4.41 1.65 4.87 4.35 4.44 1.99 2.02 1.6 4.51 3.44 2.32 4.09 2.52 4.25 3.04 5.95 3.74 0 5.17 5.31 1.83 3.66 4.01 6.03 4.78 5.02 2.21 
2.23 4.64 3.57 0.68 0.96 4.22 0.32 2.62 1.99 4.27 3.65 4.15 1.7 1.89 3.19 1.78 3.85 2.72 3.39 0.79 1.71 5.17 0 0.93 3.37 3.77 2.42 0.94 2.99 1.82 3.29 
2.45 4.7 3.26 0.94 1.69 4.11 1.08 3.46 1.36 4.74 3.54 4.54 2.55 1.87 3.61 1.37 3.57 2.08 4.02 1.26 2.32 5.31 0.93 0 3.61 3.23 1.89 1.55 2.22 2.73 3.7 
1.17 1.45 2.09 2.79 2.58 1.61 3.06 2.75 3 1.47 1.35 1.07 2.74 1.8 0.75 2.57 2.05 3.07 1.75 4.14 1.92 1.83 3.37 3.61 0 2.99 2.72 4.2 3.65 3.26 0.69 
2.65 2.93 0.94 3.15 3.7 2.01 3.63 5.02 1.89 4.44 1.77 3.99 4.47 2.24 3.61 1.99 1.14 1.2 4.57 4.42 3.63 3.66 3.77 3.23 2.99 0 1.37 4.67 1.44 4.93 3.6 
1.88 3.31 1.48 1.83 2.49 2.52 2.31 4.02 0.56 4.15 2.02 3.78 3.34 1.23 3.1 0.66 1.81 0.43 3.91 3.06 2.6 4.01 2.42 1.89 2.72 1.37 0 3.31 0.97 3.75 3.14 
3.11 5.53 4.51 1.62 1.64 5.15 1.19 2.88 2.83 4.95 4.58 4.89 2.02 2.82 3.92 2.69 4.79 3.57 3.94 0.32 2.39 6.03 0.94 1.55 4.2 4.67 3.31 0 3.76 1.88 4.03 
2.84 4.06 2.05 2.52 3.28 3.19 2.96 4.92 1.06 5.1 2.78 4.71 4.18 2.18 4.07 1.48 2.36 0.58 4.88 3.47 3.51 4.78 2.99 2.22 3.65 1.44 0.97 3.76 0 4.54 4.1 
2.53 4.71 4.42 2.04 1.27 4.64 1.68 1.05 3.49 3.5 4.14 3.6 0.53 2.71 2.71 3.11 4.61 4.14 2.34 2.07 1.44 5.02 1.82 2.73 3.26 4.93 3.75 1.88 4.54 0 2.83 
1.34 2.01 2.72 2.8 2.4 2.28 2.98 2.18 3.33 1.06 2.02 0.87 2.33 2.05 0.12 2.86 2.71 3.53 1.07 4.02 1.65 2.21 3.29 3.7 0.69 3.6 3.14 4.03 4.1 2.83 0 
