Number_Of_Customers: 40
Vehicle_Capacity:    50
Alpha:               0.75
Number_Of_Scenarios: 3

Location_Coordinates:
0 0 0
1 -0.280943 -1.80903
2 0.559726 2.32162
3 -0.563747 0.108953
4 1.17755 1.00556
5 0.389486 1.08421
6 2.3378 1.39902
7 -1.60277 2.3234
8 -0.595914 -0.519535
9 -1.81732 1.34595
10 1.42675 -0.579808
11 0.172077 2.10341
12 2.07538 0.870855
13 1.45647 -1.08049
14 0.125001 0.895792
15 0.571576 1.48499
16 -1.78859 -0.887238
17 -1.80755 0.479904
18 0.738978 0.0108142
19 1.75351 1.32121
20 0.519519 1.56331
21 -0.404867 0.402516
22 0.0897761 -1.13277
23 1.57619 1.0916
24 1.57476 1.97868
25 0.622557 -1.68493
26 1.44585 0.448115
27 1.47716 1.69123
28 -0.532537 -0.345709
29 -0.324537 0.506076
30 0.624367 -1.26082
31 -0.529586 -0.756463
32 1.12025 -1.94156
33 -1.87599 0.189694
34 -1.80715 2.16468
35 1.76765 -1.03731
36 0.883945 1.46553
37 1.22413 -0.983417
38 1.71008 1.23812
39 -0.993549 1.41419
40 -1.72085 -2.3225

Demand_per_scenario:
1 5 6 8
2 4 5 6
3 6 8 10
4 5 7 8
5 3 4 5
6 3 4 4
7 3 4 5
8 8 11 13
9 5 7 9
10 5 6 8
11 5 6 7
12 5 6 7
13 6 7 9
14 5 6 7
15 1 1 1
16 5 7 8
17 5 7 9
18 3 4 5
19 7 9 11
20 5 7 9
21 4 5 6
22 5 7 9
23 6 7 9
24 6 8 10
25 3 4 5
26 3 4 5
27 6 8 9
28 6 7 9
29 3 4 5
30 3 4 5
31 4 5 7
32 4 5 6
33 5 7 9
34 3 3 4
35 6 8 10
36 4 6 7
37 5 6 8
38 5 6 7
39 5 7 8
40 6 8 10

Probability_of_each_scenario_occuring:
0.333333 0.333333 0.333333 

Travel_Costs:
0 1.84 2.39 0.58 1.55 1.16 2.73 2.83 0.8 2.27 1.55 2.12 2.26 1.82 0.91 1.6 2 1.88 0.74 2.2 1.65 0.58 1.14 1.92 2.53 1.8 1.52 2.25 0.64 0.61 1.41 0.93 2.25 1.89 2.82 2.05 1.72 1.58 2.12 1.73 2.9 
1.84 0 4.22 1.94 3.18 2.97 4.15 4.34 1.33 3.51 2.11 3.94 3.57 1.89 2.74 3.41 1.77 2.76 2.09 3.74 3.47 2.22 0.78 3.45 4.22 0.92 2.85 3.92 1.49 2.32 1.06 1.09 1.41 2.56 4.26 2.19 3.48 1.72 3.64 3.31 1.53 
2.39 4.22 0 2.49 1.46 1.25 2.01 2.17 3.07 2.57 3.03 0.45 2.1 3.52 1.5 0.84 3.98 3 2.32 1.56 0.76 2.15 3.49 1.6 1.08 4.01 2.08 1.12 2.89 2.02 3.59 3.27 4.3 3.24 2.38 3.57 0.92 3.38 1.59 1.8 5.18 
0.58 1.94 2.49 0 1.96 1.37 3.18 2.45 0.63 1.77 2.11 2.13 2.75 2.35 1.05 1.79 1.58 1.3 1.31 2.62 1.82 0.34 1.41 2.36 2.85 2.16 2.04 2.59 0.46 0.47 1.82 0.87 2.66 1.32 2.41 2.6 1.99 2.1 2.54 1.38 2.7 
1.55 3.18 1.46 1.96 0 0.8 1.23 3.08 2.34 3.02 1.61 1.49 0.91 2.11 1.06 0.78 3.52 3.04 1.09 0.66 0.87 1.7 2.4 0.41 1.06 2.75 0.62 0.75 2.18 1.59 2.34 2.46 2.95 3.17 3.21 2.13 0.55 1.99 0.59 2.21 4.42 
1.16 2.97 1.25 1.37 0.8 0 1.98 2.35 1.89 2.23 1.97 1.05 1.7 2.42 0.33 0.45 2.94 2.28 1.13 1.39 0.5 1.05 2.24 1.19 1.49 2.78 1.24 1.25 1.71 0.92 2.36 2.06 3.12 2.44 2.45 2.53 0.63 2.23 1.33 1.43 4.01 
2.73 4.15 2.01 3.18 1.23 1.98 0 4.05 3.51 4.16 2.18 2.28 0.59 2.64 2.27 1.77 4.72 4.25 2.12 0.59 1.83 2.92 3.39 0.83 0.96 3.53 1.31 0.91 3.36 2.81 3.17 3.59 3.56 4.39 4.22 2.51 1.46 2.63 0.65 3.34 5.51 
2.83 4.34 2.17 2.45 3.08 2.35 4.05 0 3.02 1.01 4.2 1.79 3.96 4.58 2.25 2.34 3.22 1.86 3.3 3.51 2.26 2.27 3.85 3.41 3.2 4.59 3.58 3.15 2.88 2.23 4.22 3.27 5.07 2.16 0.26 4.76 2.64 4.36 3.49 1.1 4.65 
0.8 1.33 3.07 0.63 2.34 1.89 3.51 3.02 0 2.23 2.03 2.74 3.02 2.13 1.59 2.32 1.25 1.58 1.44 2.99 2.37 0.95 0.92 2.71 3.31 1.69 2.26 3.04 0.19 1.07 1.43 0.25 2.23 1.47 2.95 2.42 2.48 1.88 2.9 1.98 2.13 
2.27 3.51 2.57 1.77 3.02 2.23 4.16 1.01 2.23 0 3.78 2.13 3.93 4.08 2 2.4 2.24 0.87 2.89 3.58 2.35 1.7 3.13 3.41 3.46 3.9 3.39 3.32 2.13 1.72 3.58 2.47 4.41 1.16 0.82 4.31 2.71 3.84 3.53 0.83 3.67 
1.55 2.11 3.03 2.11 1.61 1.97 2.18 4.2 2.03 3.78 0 2.97 1.59 0.51 1.97 2.24 3.24 3.41 0.91 1.93 2.33 2.08 1.45 1.68 2.57 1.37 1.03 2.28 1.98 2.07 1.06 1.97 1.4 3.4 4.25 0.58 2.12 0.46 1.84 3.14 3.6 
2.12 3.94 0.45 2.13 1.49 1.05 2.28 1.79 2.74 2.13 2.97 0 2.27 3.44 1.21 0.74 3.58 2.57 2.17 1.77 0.65 1.8 3.24 1.74 1.41 3.82 2.09 1.37 2.55 1.68 3.4 2.95 4.16 2.81 1.99 3.53 0.96 3.27 1.77 1.36 4.82 
2.26 3.57 2.1 2.75 0.91 1.7 0.59 3.96 3.02 3.93 1.59 2.27 0 2.05 1.96 1.63 4.25 3.91 1.59 0.56 1.71 2.53 2.83 0.55 1.22 2.94 0.76 1.02 2.88 2.43 2.58 3.08 2.98 4.01 4.1 1.94 1.34 2.05 0.52 3.12 4.97 
1.82 1.89 3.52 2.35 2.11 2.42 2.64 4.58 2.13 4.08 0.51 3.44 2.05 0 2.39 2.72 3.26 3.62 1.31 2.43 2.81 2.38 1.37 2.18 3.07 1.03 1.53 2.78 2.13 2.39 0.86 2.02 0.93 3.57 4.61 0.32 2.61 0.26 2.34 3.5 3.42 
0.91 2.74 1.5 1.05 1.06 0.33 2.27 2.25 1.59 2 1.97 1.21 1.96 2.39 0 0.74 2.62 1.98 1.08 1.69 0.78 0.73 2.03 1.47 1.81 2.63 1.4 1.57 1.41 0.6 2.22 1.78 3.01 2.13 2.32 2.54 0.95 2.18 1.63 1.24 3.72 
1.6 3.41 0.84 1.79 0.78 0.45 1.77 2.34 2.32 2.4 2.24 0.74 1.63 2.72 0.74 0 3.35 2.59 1.49 1.2 0.1 1.46 2.67 1.08 1.12 3.18 1.36 0.93 2.14 1.33 2.75 2.5 3.48 2.77 2.48 2.8 0.32 2.56 1.17 1.57 4.45 
2 1.77 3.98 1.58 3.52 2.94 4.72 3.22 1.25 2.24 3.24 3.58 4.25 3.26 2.62 3.35 0 1.37 2.69 4.18 3.37 1.9 1.9 3.91 4.42 2.54 3.5 4.17 1.37 2.03 2.45 1.27 3.1 1.09 3.06 3.56 3.57 3.02 4.1 2.44 1.44 
1.88 2.76 3 1.3 3.04 2.28 4.25 1.86 1.58 0.87 3.41 2.57 3.91 3.62 1.98 2.59 1.37 0 2.59 3.66 2.57 1.41 2.5 3.44 3.7 3.26 3.26 3.51 1.52 1.49 3 1.78 3.8 0.3 1.69 3.89 2.87 3.37 3.6 1.24 2.81 
0.74 2.09 2.32 1.31 1.09 1.13 2.12 3.3 1.44 2.89 0.91 2.17 1.59 1.31 1.08 1.49 2.69 2.59 0 1.66 1.57 1.21 1.32 1.37 2.14 1.7 0.84 1.84 1.33 1.18 1.28 1.49 1.99 2.63 3.34 1.47 1.47 1.11 1.57 2.23 3.4 
2.2 3.74 1.56 2.62 0.66 1.39 0.59 3.51 2.99 3.58 1.93 1.77 0.56 2.43 1.69 1.2 4.18 3.66 1.66 0 1.26 2.35 2.97 0.3 0.69 3.22 0.93 0.47 2.83 2.24 2.82 3.09 3.33 3.81 3.66 2.36 0.89 2.37 0.1 2.75 5.04 
1.65 3.47 0.76 1.82 0.87 0.5 1.83 2.26 2.37 2.35 2.33 0.65 1.71 2.81 0.78 0.1 3.37 2.57 1.57 1.26 0 1.49 2.74 1.16 1.14 3.25 1.45 0.97 2.18 1.36 2.83 2.55 3.56 2.77 2.41 2.89 0.38 2.65 1.24 1.53 4.49 
0.58 2.22 2.15 0.34 1.7 1.05 2.92 2.27 0.95 1.7 2.08 1.8 2.53 2.38 0.73 1.46 1.9 1.41 1.21 2.35 1.49 0 1.62 2.1 2.54 2.33 1.86 2.29 0.76 0.14 1.96 1.17 2.8 1.49 2.26 2.61 1.68 2.14 2.28 1.18 3.03 
1.14 0.78 3.49 1.41 2.4 2.24 3.39 3.85 0.92 3.13 1.45 3.24 2.83 1.37 2.03 2.67 1.9 2.5 1.32 2.97 2.74 1.62 0 2.68 3.45 0.77 2.09 3.15 1.01 1.7 0.55 0.73 1.31 2.37 3.81 1.69 2.72 1.15 2.88 2.77 2.17 
1.92 3.45 1.6 2.36 0.41 1.19 0.83 3.41 2.71 3.41 1.68 1.74 0.55 2.18 1.47 1.08 3.91 3.44 1.37 0.3 1.16 2.1 2.68 0 0.89 2.94 0.66 0.61 2.56 1.99 2.54 2.81 3.07 3.57 3.55 2.14 0.79 2.11 0.2 2.59 4.75 
2.53 4.22 1.08 2.85 1.06 1.49 0.96 3.2 3.31 3.46 2.57 1.41 1.22 3.07 1.81 1.12 4.42 3.7 2.14 0.69 1.14 2.54 3.45 0.89 0 3.79 1.54 0.31 3.14 2.41 3.38 3.46 3.95 3.89 3.39 3.03 0.87 2.99 0.76 2.63 5.42 
1.8 0.92 4.01 2.16 2.75 2.78 3.53 4.59 1.69 3.9 1.37 3.82 2.94 1.03 2.63 3.18 2.54 3.26 1.7 3.22 3.25 2.33 0.77 2.94 3.79 0 2.29 3.49 1.77 2.39 0.43 1.48 0.56 3.13 4.56 1.32 3.17 0.93 3.12 3.5 2.43 
1.52 2.85 2.08 2.04 0.62 1.24 1.31 3.58 2.26 3.39 1.03 2.09 0.76 1.53 1.4 1.36 3.5 3.26 0.84 0.93 1.45 1.86 2.09 0.66 1.54 2.29 0 1.25 2.14 1.78 1.9 2.32 2.42 3.34 3.68 1.52 1.17 1.45 0.84 2.63 4.21 
2.25 3.92 1.12 2.59 0.75 1.25 0.91 3.15 3.04 3.32 2.28 1.37 1.02 2.78 1.57 0.93 4.17 3.51 1.84 0.47 0.97 2.29 3.15 0.61 0.31 3.49 1.25 0 2.87 2.16 3.08 3.17 3.66 3.68 3.32 2.75 0.64 2.69 0.51 2.49 5.14 
0.64 1.49 2.89 0.46 2.18 1.71 3.36 2.88 0.19 2.13 1.98 2.55 2.88 2.13 1.41 2.14 1.37 1.52 1.33 2.83 2.18 0.76 1.01 2.56 3.14 1.77 2.14 2.87 0 0.88 1.48 0.42 2.3 1.45 2.82 2.41 2.3 1.87 2.75 1.82 2.31 
0.61 2.32 2.02 0.47 1.59 0.92 2.81 2.23 1.07 1.72 2.07 1.68 2.43 2.39 0.6 1.33 2.03 1.49 1.18 2.24 1.36 0.14 1.7 1.99 2.41 2.39 1.78 2.16 0.88 0 2.01 1.28 2.85 1.59 2.23 2.6 1.55 2.15 2.17 1.13 3.16 
1.41 1.06 3.59 1.82 2.34 2.36 3.17 4.22 1.43 3.58 1.06 3.4 2.58 0.86 2.22 2.75 2.45 3 1.28 2.82 2.83 1.96 0.55 2.54 3.38 0.43 1.9 3.08 1.48 2.01 0 1.26 0.85 2.9 4.21 1.17 2.74 0.67 2.73 3.13 2.58 
0.93 1.09 3.27 0.87 2.46 2.06 3.59 3.27 0.25 2.47 1.97 2.95 3.08 2.02 1.78 2.5 1.27 1.78 1.49 3.09 2.55 1.17 0.73 2.81 3.46 1.48 2.32 3.17 0.42 1.28 1.26 0 2.04 1.65 3.19 2.32 2.64 1.77 3 2.22 1.97 
2.25 1.41 4.3 2.66 2.95 3.12 3.56 5.07 2.23 4.41 1.4 4.16 2.98 0.93 3.01 3.48 3.1 3.8 1.99 3.33 3.56 2.8 1.31 3.07 3.95 0.56 2.42 3.66 2.3 2.85 0.85 2.04 0 3.68 5.05 1.12 3.42 0.97 3.24 3.97 2.87 
1.89 2.56 3.24 1.32 3.17 2.44 4.39 2.16 1.47 1.16 3.4 2.81 4.01 3.57 2.13 2.77 1.09 0.3 2.63 3.81 2.77 1.49 2.37 3.57 3.89 3.13 3.34 3.68 1.45 1.59 2.9 1.65 3.68 0 1.98 3.85 3.05 3.32 3.74 1.51 2.52 
2.82 4.26 2.38 2.41 3.21 2.45 4.22 0.26 2.95 0.82 4.25 1.99 4.1 4.61 2.32 2.48 3.06 1.69 3.34 3.66 2.41 2.26 3.81 3.55 3.39 4.56 3.68 3.32 2.82 2.23 4.21 3.19 5.05 1.98 0 4.8 2.79 4.38 3.64 1.11 4.49 
2.05 2.19 3.57 2.6 2.13 2.53 2.51 4.76 2.42 4.31 0.58 3.53 1.94 0.32 2.54 2.8 3.56 3.89 1.47 2.36 2.89 2.61 1.69 2.14 3.03 1.32 1.52 2.75 2.41 2.6 1.17 2.32 1.12 3.85 4.8 0 2.66 0.55 2.28 3.7 3.72 
1.72 3.48 0.92 1.99 0.55 0.63 1.46 2.64 2.48 2.71 2.12 0.96 1.34 2.61 0.95 0.32 3.57 2.87 1.47 0.89 0.38 1.68 2.72 0.79 0.87 3.17 1.17 0.64 2.3 1.55 2.74 2.64 3.42 3.05 2.79 2.66 0 2.48 0.86 1.88 4.6 
1.58 1.72 3.38 2.1 1.99 2.23 2.63 4.36 1.88 3.84 0.46 3.27 2.05 0.26 2.18 2.56 3.02 3.37 1.11 2.37 2.65 2.14 1.15 2.11 2.99 0.93 1.45 2.69 1.87 2.15 0.67 1.77 0.97 3.32 4.38 0.55 2.48 0 2.28 3.27 3.24 
2.12 3.64 1.59 2.54 0.59 1.33 0.65 3.49 2.9 3.53 1.84 1.77 0.52 2.34 1.63 1.17 4.1 3.6 1.57 0.1 1.24 2.28 2.88 0.2 0.76 3.12 0.84 0.51 2.75 2.17 2.73 3 3.24 3.74 3.64 2.28 0.86 2.28 0 2.71 4.95 
1.73 3.31 1.8 1.38 2.21 1.43 3.34 1.1 1.98 0.83 3.14 1.36 3.12 3.5 1.24 1.57 2.44 1.24 2.23 2.75 1.53 1.18 2.77 2.59 2.63 3.5 2.63 2.49 1.82 1.13 3.13 2.22 3.97 1.51 1.11 3.7 1.88 3.27 2.71 0 3.81 
2.9 1.53 5.18 2.7 4.42 4.01 5.51 4.65 2.13 3.67 3.6 4.82 4.97 3.42 3.72 4.45 1.44 2.81 3.4 5.04 4.49 3.03 2.17 4.75 5.42 2.43 4.21 5.14 2.31 3.16 2.58 1.97 2.87 2.52 4.49 3.72 4.6 3.24 4.95 3.81 0 
