Number_Of_Customers: 50
Vehicle_Capacity:    50
Alpha:               0.75
Number_Of_Scenarios: 10

Location_Coordinates:
0 0 0
1 1.03767 0.188417
2 1.73122 1.61128
3 0.741024 -0.602076
4 0.910169 2.2056
5 -0.463342 -2.38731
6 1.52006 -2.31499
7 1.93952 2.45038
8 -1.51227 -1.65543
9 2.25953 0.968158
10 1.83319 0.374051
11 1.67032 -1.9456
12 0.382829 -0.793268
13 -2.45144 -1.34543
14 2.2804 1.63063
15 0.973078 -0.485644
16 -2.21307 -0.0176973
17 -2.43915 0.232599
18 -0.701652 2.33866
19 0.829714 0.00559141
20 -1.02524 -1.25692
21 0.0150041 2.17319
22 -0.203217 -0.470727
23 -1.50542 -1.65828
24 -0.673496 0.550097
25 0.479111 2.41533
26 -0.57741 0.474983
27 -1.95663 -0.0892872
28 -0.650288 0.605267
29 -2.2858 2.492
30 -1.99228 0.721965
31 -0.937287 2.01471
32 1.24485 2.26775
33 -0.942561 -1.62135
34 0.0174187 -2.24376
35 -0.868135 -0.742884
36 -0.645095 -2.10622
37 0.765269 1.87913
38 -2.44642 -2.01944
39 -0.667476 1.73515
40 -2.3155 -1.60942
41 0.435944 1.90417
42 -1.66078 2.28693
43 1.37495 -1.17722
44 -0.527802 -0.776186
45 -0.363154 1.47603
46 -2.28189 -1.67313
47 -0.326067 -0.200103
48 1.86694 -2.27788
49 0.593103 -1.71378
50 1.53521 2.1938

Demand_per_scenario:
1 7 4 6 8 6 5 8 6 7 7
2 8 8 7 8 6 8 7 7 7 8
3 6 6 6 6 6 6 6 7 5 7
4 4 3 4 3 2 3 4 3 3 1
5 7 6 6 5 8 6 5 6 7 6
6 6 6 6 4 6 4 3 6 6 5
7 6 5 6 6 3 5 4 4 6 5
8 6 7 6 7 7 5 8 4 6 6
9 8 7 7 8 7 8 6 7 6 6
10 7 4 6 6 7 6 6 5 6 6
11 2 5 4 4 5 5 3 1 3 4
12 7 7 5 7 5 7 7 7 7 7
13 5 5 7 7 3 5 4 5 5 4
14 7 5 7 7 5 4 6 7 4 6
15 3 3 4 4 4 5 5 4 1 3
16 5 5 3 2 4 3 4 2 5 2
17 9 9 9 7 9 7 9 6 9 9
18 8 7 6 6 8 7 6 7 7 8
19 8 7 8 6 6 7 6 6 6 7
20 5 6 7 5 5 6 6 6 6 7
21 6 6 5 6 7 5 6 6 6 5
22 8 8 8 7 9 8 7 8 9 7
23 6 5 6 7 7 7 4 6 5 8
24 5 5 7 5 7 6 7 5 6 6
25 7 5 7 7 5 5 5 7 7 7
26 2 2 1 1 3 2 1 2 1 3
27 6 6 6 4 7 6 6 7 4 6
28 4 5 7 3 5 6 4 6 4 4
29 6 5 6 6 6 6 7 6 6 6
30 5 8 5 5 7 7 8 6 8 5
31 9 8 5 6 3 7 6 6 6 4
32 8 6 9 9 8 6 6 7 7 9
33 5 6 7 6 5 5 5 6 5 6
34 5 4 3 3 4 2 2 2 4 4
35 5 5 5 5 6 3 2 4 5 6
36 7 5 6 7 6 5 6 6 6 6
37 8 9 8 9 10 9 9 10 9 9
38 4 7 8 8 7 7 5 7 6 5
39 6 7 4 6 3 5 3 5 3 4
40 5 7 4 6 6 5 8 7 6 6
41 6 7 8 6 5 5 7 6 6 6
42 6 6 7 7 7 8 7 8 8 8
43 5 3 4 3 5 3 4 3 3 5
44 6 8 6 8 8 6 7 8 8 8
45 6 5 5 4 7 7 5 4 7 6
46 8 9 8 10 8 9 9 9 9 8
47 5 3 2 3 3 4 2 3 3 2
48 3 2 2 2 3 1 1 3 3 1
49 4 3 5 2 3 3 4 3 4 3
50 9 8 9 8 9 7 8 8 10 8

Probability_of_each_scenario_occuring:
0.1 0.1 0.1 0.1 0.1 0.1 0.1 0.1 0.1 0.1 

Travel_Costs:
0 1.06 2.37 0.96 2.39 2.44 2.77 3.13 2.25 2.46 1.88 2.57 0.89 2.8 2.81 1.09 2.22 2.46 2.45 0.83 1.63 2.18 0.52 2.24 0.87 2.47 0.75 1.96 0.89 3.39 2.12 2.23 2.59 1.88 2.25 1.15 2.21 2.03 3.18 1.86 2.82 1.96 2.83 1.82 0.94 1.53 2.83 0.39 2.95 1.82 2.68 
1.06 0 1.59 0.85 2.03 2.99 2.55 2.44 3.15 1.45 0.82 2.23 1.19 3.82 1.91 0.68 3.26 3.48 2.77 0.28 2.52 2.24 1.41 3.15 1.75 2.3 1.65 3.01 1.74 4.05 3.08 2.69 2.09 2.69 2.64 2.13 2.85 1.72 4.13 2.31 3.81 1.82 3.42 1.41 1.84 1.91 3.81 1.42 2.61 1.96 2.07 
2.37 1.59 0 2.43 1.02 4.57 3.94 0.87 4.61 0.84 1.25 3.56 2.76 5.13 0.55 2.23 4.27 4.4 2.54 1.85 3.98 1.81 2.85 4.61 2.63 1.49 2.58 4.07 2.59 4.12 3.83 2.7 0.82 4.2 4.22 3.51 4.42 1.01 5.54 2.41 5.18 1.33 3.46 2.82 3.29 2.1 5.19 2.75 3.9 3.52 0.62 
0.96 0.85 2.43 0 2.82 2.16 1.89 3.28 2.49 2.19 1.47 1.64 0.41 3.28 2.72 0.26 3.02 3.29 3.28 0.62 1.89 2.87 0.96 2.49 1.83 3.03 1.71 2.75 1.85 4.33 3.04 3.11 2.92 1.97 1.8 1.62 2.05 2.49 3.49 2.73 3.22 2.53 3.76 0.86 1.29 2.36 3.21 1.15 2.02 1.13 2.91 
2.39 2.03 1.02 2.82 0 4.8 4.57 1.06 4.56 1.84 2.06 4.23 3.05 4.89 1.49 2.7 3.84 3.89 1.62 2.21 3.97 0.9 2.9 4.56 2.3 0.48 2.29 3.68 2.24 3.21 3.26 1.86 0.35 4.26 4.54 3.45 4.59 0.36 5.4 1.65 5 0.57 2.58 3.42 3.32 1.47 5.03 2.71 4.59 3.94 0.63 
2.44 2.99 4.57 2.16 4.8 0 1.99 5.41 1.28 4.33 3.6 2.18 1.81 2.25 4.87 2.39 2.95 3.29 4.74 2.72 1.27 4.59 1.94 1.28 2.95 4.9 2.87 2.75 3 5.21 3.47 4.43 4.96 0.91 0.51 1.7 0.34 4.44 2.02 4.13 2.01 4.39 4.83 2.21 1.62 3.87 1.96 2.2 2.34 1.26 5 
2.77 2.55 3.94 1.89 4.57 1.99 0 4.79 3.11 3.37 2.71 0.4 1.9 4.09 4.02 1.91 4.39 4.71 5.16 2.43 2.76 4.74 2.53 3.1 3.61 4.85 3.5 4.13 3.64 6.14 4.65 4.98 4.6 2.56 1.51 2.86 2.18 4.27 3.98 4.61 3.9 4.36 5.6 1.15 2.57 4.24 3.86 2.81 0.35 1.11 4.51 
3.13 2.44 0.87 3.28 1.06 5.41 4.79 0 5.37 1.52 2.08 4.41 3.6 5.81 0.89 3.1 4.84 4.91 2.65 2.69 4.75 1.95 3.63 5.37 3.24 1.47 3.2 4.66 3.18 4.23 4.3 2.91 0.72 4.99 5.08 4.26 5.24 1.31 6.27 2.71 5.89 1.6 3.61 3.68 4.07 2.51 5.91 3.49 4.73 4.38 0.48 
2.25 3.15 4.61 2.49 4.56 1.28 3.11 5.37 0 4.6 3.92 3.2 2.09 0.99 5.02 2.75 1.79 2.11 4.08 2.88 0.63 4.13 1.77 0.01 2.36 4.54 2.33 1.63 2.42 4.22 2.43 3.72 4.8 0.58 1.64 1.12 0.98 4.21 1.01 3.5 0.81 4.06 3.95 2.93 1.32 3.34 0.77 1.88 3.44 2.11 4.91 
2.46 1.45 0.84 2.19 1.84 4.33 3.37 1.52 4.6 0 0.74 2.98 2.58 5.25 0.67 1.95 4.58 4.76 3.27 1.73 3.97 2.55 2.86 4.6 2.97 2.3 2.88 4.35 2.94 4.8 4.26 3.37 1.65 4.12 3.92 3.57 4.23 1.76 5.58 3.03 5.26 2.05 4.14 2.33 3.29 2.68 5.26 2.84 3.27 3.16 1.43 
1.88 0.82 1.25 1.47 2.06 3.6 2.71 2.08 3.92 0.74 0 2.33 1.87 4.62 1.34 1.22 4.07 4.28 3.21 1.07 3.3 2.56 2.21 3.91 2.52 2.45 2.42 3.82 2.5 4.64 3.85 3.22 1.99 3.42 3.19 2.93 3.51 1.85 4.91 2.85 4.6 2.08 3.99 1.62 2.63 2.46 4.6 2.24 2.66 2.43 1.85 
2.57 2.23 3.56 1.64 4.23 2.18 0.4 4.41 3.2 2.98 2.33 0 1.73 4.17 3.63 1.62 4.34 4.66 4.9 2.13 2.79 4.44 2.39 3.19 3.43 4.53 3.31 4.08 3.45 5.95 4.54 4.75 4.24 2.64 1.68 2.81 2.33 3.94 4.12 4.37 4 4.05 5.39 0.83 2.49 3.99 3.97 2.66 0.39 1.11 4.15 
0.89 1.19 2.76 0.41 3.05 1.81 1.9 3.6 2.09 2.58 1.87 1.73 0 2.89 3.08 0.67 2.71 3.01 3.32 0.92 1.49 2.99 0.67 2.08 1.71 3.22 1.6 2.45 1.74 4.24 2.82 3.11 3.19 1.57 1.5 1.26 1.67 2.7 3.09 2.74 2.82 2.7 3.7 1.07 0.92 2.39 2.81 0.93 2.1 0.95 3.21 
2.8 3.82 5.13 3.28 4.89 2.25 4.09 5.81 0.99 5.25 4.62 4.17 2.89 0 5.59 3.54 1.35 1.58 4.08 3.55 1.43 4.3 2.42 1 2.6 4.77 2.62 1.36 2.66 3.85 2.12 3.69 5.17 1.54 2.63 1.7 1.97 4.56 0.68 3.56 0.3 4.35 3.72 3.84 2.01 3.52 0.37 2.42 4.42 3.07 5.34 
2.81 1.91 0.55 2.72 1.49 4.87 4.02 0.89 5.02 0.67 1.34 3.63 3.08 5.59 0 2.49 4.79 4.93 3.07 2.18 4.39 2.33 3.26 5.02 3.15 1.97 3.09 4.58 3.11 4.65 4.37 3.25 1.22 4.58 4.49 3.95 4.75 1.54 5.98 2.95 5.63 1.87 4 2.96 3.7 2.65 5.64 3.19 3.94 3.75 0.94 
1.09 0.68 2.23 0.26 2.7 2.39 1.91 3.1 2.75 1.95 1.22 1.62 0.67 3.54 2.49 0 3.23 3.49 3.29 0.52 2.15 2.83 1.18 2.75 1.95 2.95 1.83 2.96 1.96 4.42 3.21 3.15 2.77 2.23 2.01 1.86 2.3 2.38 3.75 2.77 3.48 2.45 3.83 0.8 1.53 2.38 3.47 1.34 2.01 1.29 2.74 
2.22 3.26 4.27 3.02 3.84 2.95 4.39 4.84 1.79 4.58 4.07 4.34 2.71 1.35 4.79 3.23 0 0.34 2.8 3.05 1.72 3.13 2.07 1.79 1.65 3.63 1.71 0.27 1.69 2.52 0.78 2.4 4.15 2.05 3.16 1.53 2.62 3.54 2.02 2.34 1.6 3.28 2.37 3.78 1.85 2.38 1.66 1.9 4.67 3.28 4.36 
2.46 3.48 4.4 3.29 3.89 3.29 4.71 4.91 2.11 4.76 4.28 4.66 3.01 1.58 4.93 3.49 0.34 0 2.74 3.28 2.06 3.13 2.35 2.11 1.8 3.65 1.88 0.59 1.83 2.27 0.67 2.34 4.21 2.39 3.49 1.85 2.95 3.61 2.26 2.33 1.85 3.33 2.2 4.07 2.17 2.42 1.92 2.16 4.99 3.61 4.44 
2.45 2.77 2.54 3.28 1.62 4.74 5.16 2.65 4.08 3.27 3.21 4.9 3.32 4.08 3.07 3.29 2.8 2.74 0 2.8 3.62 0.74 2.86 4.08 1.79 1.19 1.87 2.74 1.74 1.6 2.07 0.41 1.95 3.97 4.64 3.09 4.45 1.54 4.7 0.61 4.27 1.22 0.97 4.09 3.12 0.93 4.32 2.57 5.29 4.26 2.25 
0.83 0.28 1.85 0.62 2.21 2.72 2.43 2.69 2.88 1.73 1.07 2.13 0.92 3.55 2.18 0.52 3.05 3.28 2.8 0 2.25 2.32 1.14 2.87 1.6 2.44 1.49 2.79 1.6 3.99 2.92 2.68 2.3 2.41 2.4 1.86 2.58 1.88 3.86 2.29 3.54 1.94 3.38 1.31 1.57 1.9 3.54 1.18 2.51 1.74 2.3 
1.63 2.52 3.98 1.89 3.97 1.27 2.76 4.75 0.63 3.97 3.3 2.79 1.49 1.43 4.39 2.15 1.72 2.06 3.62 2.25 0 3.59 1.14 0.63 1.85 3.97 1.79 1.5 1.9 3.96 2.21 3.28 4.2 0.38 1.44 0.54 0.94 3.62 1.62 3.02 1.34 3.49 3.61 2.41 0.7 2.82 1.33 1.27 3.07 1.69 4.3 
2.18 2.24 1.81 2.87 0.9 4.59 4.74 1.95 4.13 2.55 2.56 4.44 2.99 4.3 2.33 2.83 3.13 3.13 0.74 2.32 3.59 0 2.66 4.13 1.77 0.53 1.8 3.01 1.71 2.33 2.48 0.97 1.24 3.92 4.42 3.05 4.34 0.81 4.87 0.82 4.45 0.5 1.68 3.62 3 0.8 4.48 2.4 4.83 3.93 1.53 
0.52 1.41 2.85 0.96 2.9 1.94 2.53 3.63 1.77 2.86 2.21 2.39 0.67 2.42 3.26 1.18 2.07 2.35 2.86 1.14 1.14 2.66 0 1.77 1.13 2.97 1.02 1.8 1.17 3.63 2.16 2.6 3.1 1.37 1.79 0.72 1.7 2.55 2.73 2.26 2.4 2.46 3.12 1.73 0.45 1.96 2.41 0.3 2.75 1.48 3.19 
2.24 3.15 4.61 2.49 4.56 1.28 3.1 5.37 0.01 4.6 3.91 3.19 2.08 1 5.02 2.75 1.79 2.11 4.08 2.87 0.63 4.13 1.77 0 2.36 4.54 2.33 1.64 2.42 4.23 2.43 3.72 4.8 0.57 1.64 1.12 0.97 4.21 1.01 3.5 0.82 4.06 3.95 2.93 1.32 3.34 0.78 1.88 3.43 2.1 4.91 
0.87 1.75 2.63 1.83 2.3 2.95 3.61 3.24 2.36 2.97 2.52 3.43 1.71 2.6 3.15 1.95 1.65 1.8 1.79 1.6 1.85 1.77 1.13 2.36 0 2.2 0.13 1.44 0.06 2.53 1.33 1.49 2.58 2.19 2.88 1.31 2.66 1.96 3.13 1.19 2.72 1.76 2 2.68 1.34 0.98 2.75 0.83 3.81 2.6 2.76 
2.47 2.3 1.49 3.03 0.48 4.9 4.85 1.47 4.54 2.3 2.45 4.53 3.22 4.77 1.97 2.95 3.63 3.65 1.19 2.44 3.97 0.53 2.97 4.54 2.2 0 2.21 3.5 2.14 2.77 3 1.48 0.78 4.28 4.69 3.44 4.66 0.61 5.32 1.34 4.9 0.52 2.15 3.71 3.35 1.27 4.94 2.74 4.9 4.14 1.08 
0.75 1.65 2.58 1.71 2.29 2.87 3.5 3.2 2.33 2.88 2.42 3.31 1.6 2.62 3.09 1.83 1.71 1.88 1.87 1.49 1.79 1.8 1.02 2.33 0.13 2.21 0 1.5 0.15 2.65 1.44 1.59 2.56 2.13 2.79 1.26 2.59 1.95 3.12 1.27 2.72 1.76 2.12 2.56 1.26 1.03 2.75 0.73 3.69 2.49 2.73 
1.96 3.01 4.07 2.75 3.68 2.75 4.13 4.66 1.63 4.35 3.82 4.08 2.45 1.36 4.58 2.96 0.27 0.59 2.74 2.79 1.5 3.01 1.8 1.64 1.44 3.5 1.5 0 1.48 2.61 0.82 2.34 3.98 1.84 2.93 1.27 2.41 3.36 2 2.24 1.57 3.12 2.4 3.51 1.59 2.24 1.62 1.64 4.41 3.03 4.18 
0.89 1.74 2.59 1.85 2.24 3 3.64 3.18 2.42 2.94 2.5 3.45 1.74 2.66 3.11 1.96 1.69 1.83 1.74 1.6 1.9 1.71 1.17 2.42 0.06 2.14 0.15 1.48 0 2.5 1.35 1.44 2.53 2.25 2.93 1.37 2.72 1.91 3.19 1.14 2.78 1.7 1.97 2.7 1.39 0.92 2.81 0.87 3.83 2.64 2.71 
3.39 4.05 4.12 4.33 3.21 5.21 6.14 4.23 4.22 4.8 4.64 5.95 4.24 3.85 4.65 4.42 2.52 2.27 1.6 3.99 3.96 2.33 3.63 4.23 2.53 2.77 2.65 2.61 2.5 0 1.8 1.44 3.54 4.33 5.27 3.54 4.89 3.12 4.52 1.79 4.11 2.79 0.66 5.19 3.72 2.18 4.17 3.33 6.33 5.1 3.84 
2.12 3.08 3.83 3.04 3.26 3.47 4.65 4.3 2.43 4.26 3.85 4.54 2.82 2.12 4.37 3.21 0.78 0.67 2.07 2.92 2.21 2.48 2.16 2.43 1.33 3 1.44 0.82 1.35 1.8 0 1.67 3.59 2.57 3.59 1.85 3.14 3 2.78 1.67 2.36 2.71 1.6 3.87 2.1 1.8 2.42 1.91 4.89 3.56 3.83 
2.23 2.69 2.7 3.11 1.86 4.43 4.98 2.91 3.72 3.37 3.22 4.75 3.11 3.69 3.25 3.15 2.4 2.34 0.41 2.68 3.28 0.97 2.6 3.72 1.49 1.48 1.59 2.34 1.44 1.44 1.67 0 2.2 3.64 4.37 2.76 4.14 1.71 4.31 0.39 3.88 1.38 0.78 3.95 2.83 0.79 3.93 2.3 5.13 4.04 2.48 
2.59 2.09 0.82 2.92 0.35 4.96 4.6 0.72 4.8 1.65 1.99 4.24 3.19 5.17 1.22 2.77 4.15 4.21 1.95 2.3 4.2 1.24 3.1 4.8 2.58 0.78 2.56 3.98 2.53 3.54 3.59 2.2 0 4.47 4.68 3.68 4.77 0.62 5.66 1.99 5.27 0.89 2.91 3.45 3.53 1.8 5.29 2.93 4.59 4.04 0.3 
1.88 2.69 4.2 1.97 4.26 0.91 2.56 4.99 0.58 4.12 3.42 2.64 1.57 1.54 4.58 2.23 2.05 2.39 3.97 2.41 0.38 3.92 1.37 0.57 2.19 4.28 2.13 1.84 2.25 4.33 2.57 3.64 4.47 0 1.15 0.89 0.57 3.9 1.56 3.37 1.38 3.79 3.98 2.36 0.95 3.16 1.35 1.55 2.89 1.54 4.55 
2.25 2.64 4.22 1.8 4.54 0.51 1.51 5.08 1.64 3.92 3.19 1.68 1.5 2.63 4.49 2.01 3.16 3.49 4.64 2.4 1.44 4.42 1.79 1.64 2.88 4.69 2.79 2.93 2.93 5.27 3.59 4.37 4.68 1.15 0 1.75 0.68 4.2 2.48 4.04 2.42 4.17 4.84 1.73 1.57 3.74 2.37 2.08 1.85 0.79 4.69 
1.15 2.13 3.51 1.62 3.45 1.7 2.86 4.26 1.12 3.57 2.93 2.81 1.26 1.7 3.95 1.86 1.53 1.85 3.09 1.86 0.54 3.05 0.72 1.12 1.31 3.44 1.26 1.27 1.37 3.54 1.85 2.76 3.68 0.89 1.75 0 1.39 3.09 2.03 2.49 1.69 2.96 3.14 2.29 0.35 2.28 1.7 0.77 3.14 1.76 3.8 
2.21 2.85 4.42 2.05 4.59 0.34 2.18 5.24 0.98 4.23 3.51 2.33 1.67 1.97 4.75 2.3 2.62 2.95 4.45 2.58 0.94 4.34 1.7 0.97 2.66 4.66 2.59 2.41 2.72 4.89 3.14 4.14 4.77 0.57 0.68 1.39 0 4.23 1.81 3.85 1.75 4.16 4.51 2.23 1.34 3.6 1.7 1.94 2.52 1.3 4.83 
2.03 1.72 1.01 2.49 0.36 4.44 4.27 1.31 4.21 1.76 1.85 3.94 2.7 4.56 1.54 2.38 3.54 3.61 1.54 1.88 3.62 0.81 2.55 4.21 1.96 0.61 1.95 3.36 1.91 3.12 3 1.71 0.62 3.9 4.2 3.09 4.23 0 5.06 1.44 4.66 0.34 2.47 3.12 2.96 1.2 4.69 2.35 4.31 3.6 0.84 
3.18 4.13 5.54 3.49 5.4 2.02 3.98 6.27 1.01 5.58 4.91 4.12 3.09 0.68 5.98 3.75 2.02 2.26 4.7 3.86 1.62 4.87 2.73 1.01 3.13 5.32 3.12 2 3.19 4.52 2.78 4.31 5.66 1.56 2.48 2.03 1.81 5.06 0 4.16 0.44 4.87 4.38 3.92 2.29 4.07 0.39 2.8 4.33 3.06 5.8 
1.86 2.31 2.41 2.73 1.65 4.13 4.61 2.71 3.5 3.03 2.85 4.37 2.74 3.56 2.95 2.77 2.34 2.33 0.61 2.29 3.02 0.82 2.26 3.5 1.19 1.34 1.27 2.24 1.14 1.79 1.67 0.39 1.99 3.37 4.04 2.49 3.85 1.44 4.16 0 3.73 1.12 1.14 3.56 2.52 0.4 3.78 1.97 4.75 3.68 2.25 
2.82 3.81 5.18 3.22 5 2.01 3.9 5.89 0.81 5.26 4.6 4 2.82 0.3 5.63 3.48 1.6 1.85 4.27 3.54 1.34 4.45 2.4 0.82 2.72 4.9 2.72 1.57 2.78 4.11 2.36 3.88 5.27 1.38 2.42 1.69 1.75 4.66 0.44 3.73 0 4.47 3.96 3.72 1.98 3.66 0.08 2.44 4.24 2.92 5.42 
1.96 1.82 1.33 2.53 0.57 4.39 4.36 1.6 4.06 2.05 2.08 4.05 2.7 4.35 1.87 2.45 3.28 3.33 1.22 1.94 3.49 0.5 2.46 4.06 1.76 0.52 1.76 3.12 1.7 2.79 2.71 1.38 0.89 3.79 4.17 2.96 4.16 0.34 4.87 1.12 4.47 0 2.14 3.23 2.85 0.91 4.5 2.24 4.43 3.63 1.14 
2.83 3.42 3.46 3.76 2.58 4.83 5.6 3.61 3.95 4.14 3.99 5.39 3.7 3.72 4 3.83 2.37 2.2 0.97 3.38 3.61 1.68 3.12 3.95 2 2.15 2.12 2.4 1.97 0.66 1.6 0.78 2.91 3.98 4.84 3.14 4.51 2.47 4.38 1.14 3.96 2.14 0 4.61 3.27 1.54 4.01 2.83 5.77 4.6 3.2 
1.82 1.41 2.82 0.86 3.42 2.21 1.15 3.68 2.93 2.33 1.62 0.83 1.07 3.84 2.96 0.8 3.78 4.07 4.09 1.31 2.41 3.62 1.73 2.93 2.68 3.71 2.56 3.51 2.7 5.19 3.87 3.95 3.45 2.36 1.73 2.29 2.23 3.12 3.92 3.56 3.72 3.23 4.61 0 1.95 3.18 3.7 1.97 1.21 0.95 3.38 
0.94 1.84 3.29 1.29 3.32 1.62 2.57 4.07 1.32 3.29 2.63 2.49 0.92 2.01 3.7 1.53 1.85 2.17 3.12 1.57 0.7 3 0.45 1.32 1.34 3.35 1.26 1.59 1.39 3.72 2.1 2.83 3.53 0.95 1.57 0.35 1.34 2.96 2.29 2.52 1.98 2.85 3.27 1.95 0 2.26 1.98 0.62 2.83 1.47 3.62 
1.53 1.91 2.1 2.36 1.47 3.87 4.24 2.51 3.34 2.68 2.46 3.99 2.39 3.52 2.65 2.38 2.38 2.42 0.93 1.9 2.82 0.8 1.96 3.34 0.98 1.27 1.03 2.24 0.92 2.18 1.8 0.79 1.8 3.16 3.74 2.28 3.6 1.2 4.07 0.4 3.66 0.91 1.54 3.18 2.26 0 3.69 1.68 4.37 3.34 2.03 
2.83 3.81 5.19 3.21 5.03 1.96 3.86 5.91 0.77 5.26 4.6 3.97 2.81 0.37 5.64 3.47 1.66 1.92 4.32 3.54 1.33 4.48 2.41 0.78 2.75 4.94 2.75 1.62 2.81 4.17 2.42 3.93 5.29 1.35 2.37 1.7 1.7 4.69 0.39 3.78 0.08 4.5 4.01 3.7 1.98 3.69 0 2.45 4.2 2.88 5.44 
0.39 1.42 2.75 1.15 2.71 2.2 2.81 3.49 1.88 2.84 2.24 2.66 0.93 2.42 3.19 1.34 1.9 2.16 2.57 1.18 1.27 2.4 0.3 1.88 0.83 2.74 0.73 1.64 0.87 3.33 1.91 2.3 2.93 1.55 2.08 0.77 1.94 2.35 2.8 1.97 2.44 2.24 2.83 1.97 0.62 1.68 2.45 0 3.03 1.78 3.04 
2.95 2.61 3.9 2.02 4.59 2.34 0.35 4.73 3.44 3.27 2.66 0.39 2.1 4.42 3.94 2.01 4.67 4.99 5.29 2.51 3.07 4.83 2.75 3.43 3.81 4.9 3.69 4.41 3.83 6.33 4.89 5.13 4.59 2.89 1.85 3.14 2.52 4.31 4.33 4.75 4.24 4.43 5.77 1.21 2.83 4.37 4.2 3.03 0 1.4 4.49 
1.82 1.96 3.52 1.13 3.94 1.26 1.11 4.38 2.11 3.16 2.43 1.11 0.95 3.07 3.75 1.29 3.28 3.61 4.26 1.74 1.69 3.93 1.48 2.1 2.6 4.14 2.49 3.03 2.64 5.1 3.56 4.04 4.04 1.54 0.79 1.76 1.3 3.6 3.06 3.68 2.92 3.63 4.6 0.95 1.47 3.34 2.88 1.78 1.4 0 4.02 
2.68 2.07 0.62 2.91 0.63 5 4.51 0.48 4.91 1.43 1.85 4.15 3.21 5.34 0.94 2.74 4.36 4.44 2.25 2.3 4.3 1.53 3.19 4.91 2.76 1.08 2.73 4.18 2.71 3.84 3.83 2.48 0.3 4.55 4.69 3.8 4.83 0.84 5.8 2.25 5.42 1.14 3.2 3.38 3.62 2.03 5.44 3.04 4.49 4.02 0 
