Number_Of_Customers: 20
Vehicle_Capacity:    50
Alpha:               0.75
Number_Of_Scenarios: 3

Location_Coordinates:
0 0 0
1 -1.94627 -0.896456
2 -1.73816 1.71427
3 1.67094 -1.53449
4 -0.159116 0.742635
5 1.47305 -2.40019
6 -0.0723983 -1.79821
7 -2.44866 0.351185
8 2.35869 2.4559
9 1.38396 0.193919
10 -0.805902 0.213293
11 -0.1911 -1.81475
12 -0.436054 1.24666
13 -2.43011 2.06557
14 1.06513 1.5982
15 0.946053 0.30949
16 1.60218 -2.23432
17 -2.2821 -0.280227
18 0.222756 -1.13705
19 -0.392359 0.630064
20 -0.506284 0.893055

Demand_per_scenario:
1 5 7 8
2 2 2 3
3 2 3 4
4 4 5 6
5 3 4 5
6 3 3 4
7 5 7 9
8 4 5 6
9 6 9 10
10 4 5 6
11 2 2 3
12 4 5 6
13 5 7 8
14 3 4 5
15 4 6 7
16 1 2 2
17 2 3 4
18 3 5 5
19 4 5 6
20 2 3 3

Probability_of_each_scenario_occuring:
0.333333 0.333333 0.333333 

Travel_Costs:
0 2.15 2.45 2.27 0.76 2.82 1.8 2.48 3.41 1.4 0.84 1.83 1.33 3.19 1.93 1 2.75 2.3 1.16 0.75 1.03 
2.15 0 2.62 3.68 2.43 3.74 2.08 1.35 5.46 3.51 1.6 1.99 2.63 3.01 3.92 3.14 3.8 0.71 2.19 2.18 2.3 
2.45 2.62 0 4.71 1.86 5.22 3.89 1.54 4.17 3.48 1.77 3.86 1.39 0.78 2.81 3.03 5.18 2.07 3.47 1.73 1.49 
2.27 3.68 4.71 0 2.93 0.89 1.77 4.54 4.05 1.76 3.04 1.89 3.49 5.46 3.2 1.99 0.71 4.15 1.51 3 3.27 
0.76 2.43 1.86 2.93 0 3.55 2.55 2.33 3.05 1.64 0.84 2.56 0.58 2.63 1.5 1.19 3.46 2.36 1.92 0.26 0.38 
2.82 3.74 5.22 0.89 3.55 0 1.66 4.8 4.94 2.6 3.47 1.77 4.12 5.94 4.02 2.77 0.22 4.32 1.78 3.56 3.85 
1.8 2.08 3.89 1.77 2.55 1.66 0 3.21 4.9 2.47 2.15 0.12 3.07 4.53 3.59 2.35 1.74 2.69 0.73 2.45 2.73 
2.48 1.35 1.54 4.54 2.33 4.8 3.21 0 5.25 3.84 1.65 3.13 2.21 1.72 3.73 3.4 4.81 0.66 3.06 2.08 2.02 
3.41 5.46 4.17 4.05 3.05 4.94 4.9 5.25 0 2.47 3.88 4.98 3.05 4.81 1.56 2.57 4.76 5.39 4.18 3.31 3.27 
1.4 3.51 3.48 1.76 1.64 2.6 2.47 3.84 2.47 0 2.19 2.56 2.11 4.25 1.45 0.46 2.44 3.7 1.77 1.83 2.02 
0.84 1.6 1.77 3.04 0.84 3.47 2.15 1.65 3.88 2.19 0 2.12 1.1 2.47 2.33 1.76 3.44 1.56 1.7 0.59 0.75 
1.83 1.99 3.86 1.89 2.56 1.77 0.12 3.13 4.98 2.56 2.12 0 3.08 4.48 3.64 2.41 1.85 2.6 0.8 2.46 2.73 
1.33 2.63 1.39 3.49 0.58 4.12 3.07 2.21 3.05 2.11 1.1 3.08 0 2.16 1.55 1.67 4.04 2.4 2.48 0.62 0.37 
3.19 3.01 0.78 5.46 2.63 5.94 4.53 1.72 4.81 4.25 2.47 4.48 2.16 0 3.53 3.81 5.9 2.36 4.16 2.5 2.26 
1.93 3.92 2.81 3.2 1.5 4.02 3.59 3.73 1.56 1.45 2.33 3.64 1.55 3.53 0 1.3 3.87 3.84 2.87 1.75 1.73 
1 3.14 3.03 1.99 1.19 2.77 2.35 3.4 2.57 0.46 1.76 2.41 1.67 3.81 1.3 0 2.63 3.29 1.62 1.38 1.57 
2.75 3.8 5.18 0.71 3.46 0.22 1.74 4.81 4.76 2.44 3.44 1.85 4.04 5.9 3.87 2.63 0 4.35 1.77 3.5 3.78 
2.3 0.71 2.07 4.15 2.36 4.32 2.69 0.66 5.39 3.7 1.56 2.6 2.4 2.36 3.84 3.29 4.35 0 2.65 2.1 2.13 
1.16 2.19 3.47 1.51 1.92 1.78 0.73 3.06 4.18 1.77 1.7 0.8 2.48 4.16 2.87 1.62 1.77 2.65 0 1.88 2.16 
0.75 2.18 1.73 3 0.26 3.56 2.45 2.08 3.31 1.83 0.59 2.46 0.62 2.5 1.75 1.38 3.5 2.1 1.88 0 0.29 
1.03 2.3 1.49 3.27 0.38 3.85 2.73 2.02 3.27 2.02 0.75 2.73 0.37 2.26 1.73 1.57 3.78 2.13 2.16 0.29 0 
