Number_Of_Customers: 100
Vehicle_Capacity:    50
Alpha:               0.75
Number_Of_Scenarios: 10

Location_Coordinates:
0 0 0
1 1.7706 -1.57079
2 -0.183785 1.12644
3 2.08971 1.67681
4 2.15247 1.49968
5 0.0550932 0.950798
6 0.0544797 0.640769
7 -0.593042 -2.2524
8 -1.05108 -0.508767
9 -0.840394 0.501286
10 0.119163 -2.22246
11 2.10616 -1.76673
12 1.5455 0.189394
13 -1.85144 -2.22822
14 0.247366 2.48641
15 -0.919748 1.79597
16 -0.207132 -1.26506
17 -1.8059 -1.70064
18 2.32996 -0.423018
19 0.339447 0.0879672
20 -1.53594 0.415216
21 -1.45958 -1.17923
22 0.763829 -2.31816
23 -1.37598 -1.10841
24 0.907398 0.637373
25 2.33578 2.49273
26 0.264595 2.05198
27 -2.4422 -1.01368
28 -1.98463 -0.750543
29 0.630893 -1.58826
30 1.1186 0.300573
31 1.73542 2.23741
32 -0.816548 1.27608
33 2.03191 0.351913
34 -0.396019 -0.890011
35 1.58317 -1.63667
36 2.4691 -1.86459
37 1.75632 -1.50144
38 0.306446 0.445504
39 -2.40963 1.30964
40 1.06496 -1.18623
41 -1.91052 -0.174014
42 0.351491 -2.49821
43 -2.48662 2.42144
44 2.12811 2.18416
45 -0.757412 0.178446
46 -0.866056 -0.802958
47 -0.316775 0.960108
48 1.53448 -0.0576747
49 0.660633 -1.74048
50 -2.20846 2.41992
51 1.62874 -0.687208
52 0.0961582 1.13087
53 1.55088 0.608495
54 1.97257 -1.93419
55 2.13925 -0.696191
56 -0.880609 -0.401885
57 0.513585 1.81659
58 1.40445 -0.42662
59 -0.202332 -0.59906
60 1.59961 -0.425043
61 1.30718 -0.145372
62 1.72497 1.59506
63 -1.84242 -0.494646
64 1.48424 0.558359
65 -0.660085 0.955949
66 1.63862 0.290909
67 -0.684906 -1.21841
68 2.15615 -1.56572
69 -0.135413 -0.883586
70 -0.434534 1.79541
71 0.444701 -0.918415
72 -0.804966 0.942534
73 1.16707 -0.128331
74 -1.86717 -1.47877
75 1.26859 1.15912
76 1.40147 -0.46776
77 -1.63901 -1.80272
78 1.64135 1.14416
79 -0.118666 0.577344
80 -1.57118 -1.88367
81 1.22983 -0.18044
82 2.35163 -1.23263
83 -1.79617 1.80571
84 -1.37305 -1.82318
85 -2.23319 1.70099
86 -1.42895 -1.4001
87 -1.48257 -2.475
88 -2.29472 -2.37832
89 -2.37024 -1.6129
90 1.93321 1.41477
91 -1.89261 0.858788
92 -1.34608 1.38824
93 2.20242 1.15605
94 -0.340495 2.30345
95 -0.99129 -0.60765
96 2.23452 0.507935
97 1.86806 1.40092
98 0.255175 -1.27156
99 -1.12744 1.12097
100 0.17162 -0.579772

Demand_per_scenario:
1 4 6 4 6 6 5 5 6 5 5
2 3 6 4 5 5 4 6 7 5 3
3 7 6 7 7 7 5 7 7 7 6
4 1 5 3 3 3 1 1 2 2 2
5 4 5 5 7 5 7 6 4 5 5
6 5 8 6 9 8 8 8 9 7 7
7 6 6 5 3 5 5 5 6 5 6
8 8 7 8 9 9 7 6 7 7 8
9 3 2 3 3 3 2 3 2 2 2
10 6 4 5 8 7 8 6 7 7 6
11 5 6 6 7 6 6 6 6 9 6
12 7 5 6 7 7 5 6 5 5 5
13 3 3 3 3 4 4 4 3 6 3
14 6 7 6 6 6 6 6 4 6 8
15 6 7 8 8 8 7 7 9 8 6
16 6 5 6 4 7 3 5 5 3 5
17 7 6 7 7 6 7 5 6 6 6
18 5 6 7 8 7 7 5 6 6 9
19 5 7 6 7 5 6 7 6 7 6
20 3 4 4 4 5 3 5 4 4 5
21 5 6 6 7 6 5 7 7 7 6
22 6 9 7 5 7 8 6 7 5 6
23 4 3 4 2 4 2 5 4 4 5
24 6 5 6 7 7 5 4 7 6 6
25 6 8 7 8 8 7 8 8 8 7
26 6 7 6 6 6 7 4 6 7 9
27 7 5 6 6 5 5 5 5 3 4
28 3 5 4 3 4 4 4 5 3 4
29 4 4 4 5 5 6 5 6 5 4
30 5 7 5 7 7 4 5 3 8 6
31 6 5 6 5 7 5 6 6 8 3
32 6 6 5 6 6 3 5 6 6 5
33 4 7 4 5 3 4 5 3 4 3
34 4 5 4 8 5 6 7 6 5 6
35 4 4 6 4 5 6 5 4 5 5
36 1 5 3 5 3 4 2 3 3 2
37 7 8 7 9 6 8 9 7 6 8
38 10 11 8 8 10 9 9 11 8 9
39 7 6 7 5 5 6 6 7 4 6
40 4 5 4 3 4 3 3 2 3 3
41 6 6 4 6 6 6 8 7 5 7
42 8 8 9 8 7 8 7 8 9 7
43 8 6 5 5 7 9 7 5 7 6
44 6 4 5 4 6 6 6 5 5 6
45 3 5 3 5 5 3 4 2 5 4
46 4 5 4 3 4 4 3 3 2 3
47 4 7 5 5 5 5 5 5 5 7
48 5 4 4 6 5 7 4 8 5 5
49 6 4 4 4 4 4 5 5 6 6
50 7 7 6 8 7 6 7 7 7 7
51 3 5 6 7 5 5 5 4 7 5
52 6 5 3 5 6 5 5 3 5 5
53 4 4 3 2 3 3 2 5 4 2
54 3 4 4 2 5 4 4 4 2 4
55 6 7 6 7 8 6 6 8 8 9
56 1 2 1 3 1 3 1 2 1 2
57 6 7 5 6 7 7 6 8 8 6
58 2 3 4 5 3 3 4 2 6 4
59 6 3 6 4 5 5 6 5 6 3
60 6 6 5 6 3 6 6 5 5 5
61 5 3 5 6 4 3 4 4 5 4
62 6 6 6 5 8 6 6 5 8 6
63 5 9 8 7 7 7 8 9 8 8
64 5 5 5 6 4 6 5 6 4 5
65 7 7 6 8 9 7 8 6 6 8
66 7 6 5 7 8 7 7 6 5 5
67 8 7 8 7 6 5 7 6 6 6
68 7 6 7 7 7 6 9 5 8 7
69 5 5 4 6 5 4 5 4 4 5
70 2 2 3 3 3 4 2 2 3 1
71 7 7 9 8 9 9 8 10 9 10
72 4 5 5 9 7 4 5 5 6 5
73 8 6 6 7 7 7 7 6 7 7
74 4 5 3 5 3 3 4 3 3 5
75 6 8 4 6 7 5 6 4 7 6
76 7 7 7 8 6 7 7 8 7 7
77 3 3 3 2 4 2 3 1 3 1
78 5 5 5 4 6 4 5 4 5 5
79 6 6 7 7 6 7 7 6 8 7
80 3 5 4 3 4 4 4 3 5 4
81 8 5 9 9 7 6 8 8 7 7
82 4 5 7 5 7 5 6 5 5 6
83 5 7 5 5 5 8 5 6 6 6
84 4 4 3 4 3 4 5 1 2 3
85 4 2 3 5 2 4 5 4 5 5
86 6 7 6 6 7 7 6 9 6 7
87 5 6 6 7 4 5 4 3 5 7
88 5 7 6 5 4 5 5 5 4 7
89 6 5 8 4 6 6 6 4 4 5
90 5 5 4 3 5 4 5 5 5 1
91 4 6 4 8 6 6 5 6 8 3
92 3 2 4 2 3 3 3 4 3 5
93 6 5 7 7 7 5 6 7 6 5
94 7 5 6 6 6 6 5 8 7 6
95 6 9 7 7 7 7 7 6 7 7
96 6 8 5 5 5 6 7 6 8 5
97 7 6 5 5 6 3 4 5 5 4
98 3 2 4 3 5 3 4 5 3 4
99 6 5 5 7 6 4 5 4 4 4
100 6 7 7 5 7 5 6 5 5 6

Probability_of_each_scenario_occuring:
0.1 0.1 0.1 0.1 0.1 0.1 0.1 0.1 0.1 0.1 

Travel_Costs:
0 2.37 1.15 2.68 2.63 0.96 0.65 2.33 1.17 0.98 2.23 2.75 1.56 2.9 2.5 2.02 1.29 2.49 2.37 0.36 1.6 1.88 2.45 1.77 1.11 3.42 2.07 2.65 2.13 1.71 1.16 2.84 1.52 2.07 0.98 2.28 3.1 2.32 0.55 2.75 1.6 1.92 2.53 3.48 3.05 0.78 1.19 1.02 1.54 1.87 3.28 1.77 1.14 1.67 2.77 2.25 0.97 1.89 1.47 0.64 1.66 1.32 2.35 1.91 1.59 1.17 1.67 1.4 2.67 0.9 1.85 1.03 1.24 1.18 2.39 1.72 1.48 2.44 2.01 0.59 2.46 1.25 2.66 2.55 2.29 2.81 2.01 2.89 3.31 2.87 2.4 2.08 1.94 2.49 2.33 1.17 2.3 2.34 1.3 1.59 0.61 
2.37 0 3.34 3.27 3.1 3.05 2.8 2.46 3.02 3.34 1.78 0.39 1.78 3.69 4.34 4.31 2.01 3.58 1.28 2.2 3.86 3.26 1.26 3.19 2.38 4.11 3.93 4.25 3.85 1.14 1.99 3.81 3.85 1.95 2.28 0.2 0.76 0.08 2.5 5.08 0.81 3.94 1.7 5.84 3.78 3.08 2.75 3.29 1.54 1.13 5.64 0.9 3.18 2.2 0.42 0.95 2.9 3.62 1.21 2.2 1.16 1.5 3.17 3.77 2.15 3.51 1.87 2.49 0.39 2.03 4.03 1.48 3.6 1.57 3.64 2.78 1.17 3.42 2.72 2.87 3.36 1.5 0.68 4.92 3.16 5.18 3.21 3.38 4.15 4.15 2.99 4.4 4.3 2.77 4.42 2.93 2.13 2.98 1.55 3.96 1.89 
1.15 3.34 0 2.34 2.37 0.3 0.55 3.41 1.86 0.91 3.37 3.69 1.97 3.75 1.43 1 2.4 3.26 2.96 1.17 1.53 2.64 3.58 2.54 1.2 2.87 1.03 3.12 2.61 2.84 1.55 2.22 0.66 2.35 2.03 3.28 4 3.27 0.84 2.24 2.63 2.17 3.67 2.65 2.55 1.11 2.05 0.22 2.09 2.99 2.41 2.57 0.28 1.82 3.75 2.96 1.68 0.99 2.23 1.73 2.37 1.96 1.97 2.32 1.77 0.51 2.01 2.4 3.57 2.02 0.72 2.14 0.65 1.85 3.11 1.46 2.25 3.28 1.83 0.56 3.32 1.93 3.47 1.75 3.19 2.13 2.82 3.83 4.1 3.51 2.14 1.73 1.2 2.39 1.19 1.92 2.5 2.08 2.44 0.95 1.75 
2.68 3.27 2.34 0 0.19 2.17 2.29 4.76 3.83 3.16 4.37 3.45 1.59 5.55 2.02 3.02 3.74 5.16 2.12 2.37 3.84 4.56 4.21 4.45 1.58 0.86 1.87 5.28 4.75 3.58 1.69 0.67 2.94 1.33 3.58 3.36 3.57 3.2 2.17 4.52 3.05 4.41 4.53 4.64 0.51 3.22 3.86 2.52 1.83 3.71 4.37 2.41 2.07 1.2 3.62 2.38 3.63 1.59 2.22 3.24 2.16 1.99 0.38 4.5 1.28 2.85 1.46 4.02 3.25 3.4 2.53 3.08 2.99 2.03 5.07 0.98 2.26 5.11 0.7 2.47 5.11 2.05 2.93 3.89 4.93 4.33 4.68 5.48 5.98 5.55 0.31 4.07 3.45 0.54 2.51 3.84 1.18 0.36 3.48 3.27 2.97 
2.63 3.1 2.37 0.19 0 2.17 2.27 4.65 3.79 3.16 4.25 3.27 1.45 5.48 2.15 3.09 3.64 5.1 1.94 2.3 3.85 4.5 4.07 4.39 1.52 1.01 1.97 5.24 4.71 3.45 1.59 0.85 2.98 1.16 3.5 3.19 3.38 3.03 2.13 4.57 2.9 4.4 4.39 4.73 0.69 3.2 3.8 2.53 1.68 3.57 4.46 2.25 2.09 1.08 3.44 2.2 3.58 1.67 2.07 3.16 2.01 1.85 0.44 4.47 1.16 2.87 1.32 3.93 3.07 3.31 2.61 2.97 3.01 1.91 5.01 0.95 2.11 5.03 0.63 2.46 5.04 1.92 2.74 3.97 4.85 4.4 4.61 5.39 5.91 5.5 0.24 4.1 3.51 0.35 2.62 3.79 1 0.31 3.36 3.31 2.88 
0.96 3.05 0.3 2.17 2.17 0 0.32 3.27 1.84 1.01 3.18 3.41 1.68 3.71 1.55 1.3 2.24 3.24 2.66 0.91 1.68 2.62 3.35 2.51 0.91 2.76 1.13 3.18 2.66 2.61 1.25 2.12 0.94 2.07 1.9 3.01 3.71 2.99 0.57 2.5 2.37 2.27 3.47 2.94 2.42 1.13 1.99 0.38 1.8 2.76 2.7 2.28 0.19 1.54 3.47 2.66 1.65 0.98 1.93 1.58 2.07 1.67 1.79 2.39 1.49 0.72 1.72 2.3 3.28 1.85 0.98 1.91 0.87 1.55 3.1 1.24 1.96 3.24 1.6 0.42 3.27 1.64 3.17 2.04 3.13 2.41 2.79 3.76 4.08 3.53 1.94 1.95 1.47 2.16 1.41 1.88 2.23 1.87 2.24 1.2 1.54 
0.65 2.8 0.55 2.29 2.27 0.32 0 2.97 1.6 0.91 2.87 3.17 1.56 3.45 1.86 1.52 1.93 3 2.52 0.63 1.61 2.37 3.05 2.26 0.86 2.94 1.43 3 2.47 2.31 1.12 2.32 1.08 2 1.6 2.75 3.48 2.74 0.32 2.56 2.09 2.13 3.16 3.11 2.59 0.94 1.72 0.49 1.64 2.46 2.88 2.06 0.5 1.5 3.22 2.48 1.41 1.27 1.73 1.27 1.88 1.48 1.93 2.22 1.44 0.79 1.63 2.01 3.05 1.54 1.26 1.61 0.92 1.36 2.87 1.33 1.75 2.98 1.67 0.19 3.01 1.44 2.97 2.19 2.85 2.53 2.53 3.48 3.83 3.32 2.04 1.96 1.59 2.21 1.71 1.63 2.19 1.97 1.93 1.28 1.23 
2.33 2.46 3.41 4.76 4.65 3.27 2.97 0 1.81 2.77 0.72 2.75 3.25 1.26 4.82 4.07 1.07 1.34 3.45 2.52 2.83 1.38 1.36 1.39 3.26 5.58 4.39 2.23 2.05 1.4 3.08 5.06 3.54 3.7 1.38 2.27 3.09 2.47 2.85 4 1.98 2.47 0.98 5.05 5.21 2.44 1.48 3.23 3.06 1.36 4.95 2.72 3.46 3.58 2.59 3.15 1.88 4.22 2.71 1.7 2.86 2.84 4.5 2.16 3.5 3.21 3.39 1.04 2.84 1.45 4.06 1.7 3.21 2.76 1.5 3.89 2.68 1.14 4.07 2.87 1.05 2.76 3.12 4.24 0.9 4.29 1.2 0.92 1.71 1.89 4.46 3.38 3.72 4.41 4.57 1.7 3.96 4.41 1.3 3.42 1.84 
1.17 3.02 1.86 3.83 3.79 1.84 1.6 1.81 0 1.04 2.08 3.4 2.69 1.9 3.27 2.31 1.14 1.42 3.39 1.52 1.05 0.79 2.57 0.69 2.27 4.53 2.88 1.48 0.97 2 2.32 3.92 1.81 3.21 0.76 2.87 3.78 2.98 1.66 2.27 2.23 0.93 2.44 3.27 4.17 0.75 0.35 1.65 2.63 2.11 3.15 2.69 2.01 2.84 3.35 3.2 0.21 2.81 2.46 0.86 2.66 2.39 3.49 0.8 2.76 1.52 2.81 0.8 3.38 0.99 2.39 1.56 1.48 2.26 1.27 2.86 2.46 1.43 3.16 1.44 1.47 2.31 3.48 2.44 1.36 2.51 0.97 2.02 2.25 1.73 3.56 1.61 1.92 3.66 2.91 0.12 3.44 3.49 1.52 1.64 1.23 
0.98 3.34 0.91 3.16 3.16 1.01 0.91 2.77 1.04 0 2.89 3.72 2.41 2.92 2.27 1.3 1.88 2.41 3.31 1.26 0.71 1.8 3.25 1.7 1.76 3.75 1.91 2.21 1.7 2.56 1.97 3.11 0.78 2.88 1.47 3.24 4.07 3.28 1.15 1.77 2.55 1.27 3.23 2.53 3.42 0.34 1.31 0.7 2.44 2.7 2.36 2.75 1.13 2.4 3.73 3.22 0.91 1.89 2.43 1.28 2.61 2.25 2.79 1.42 2.33 0.49 2.49 1.73 3.65 1.56 1.36 1.92 0.45 2.11 2.24 2.21 2.45 2.44 2.57 0.73 2.5 2.18 3.64 1.62 2.39 1.84 2 3.05 3.23 2.61 2.93 1.12 1.03 3.12 1.88 1.12 3.08 2.86 2.09 0.69 1.49 
2.23 1.78 3.37 4.37 4.25 3.18 2.87 0.72 2.08 2.89 0 2.04 2.81 1.98 4.72 4.16 1.02 2 2.86 2.33 3.12 1.9 0.66 1.87 2.97 5.22 4.28 2.84 2.57 0.82 2.72 4.75 3.63 3.21 1.43 1.58 2.38 1.79 2.68 4.35 1.41 2.89 0.37 5.33 4.85 2.56 1.73 3.22 2.59 0.73 5.2 2.16 3.36 3.18 1.88 2.54 2.08 4.06 2.21 1.66 2.33 2.4 4.15 2.62 3.1 3.28 2.94 1.29 2.15 1.37 4.06 1.35 3.3 2.35 2.13 3.58 2.18 1.81 3.7 2.81 1.73 2.33 2.45 4.47 1.55 4.58 1.76 1.63 2.42 2.57 4.07 3.68 3.9 3.97 4.55 1.96 3.46 4.03 0.97 3.57 1.65 
2.75 0.39 3.69 3.45 3.27 3.41 3.17 2.75 3.4 3.72 2.04 0 2.04 3.99 4.65 4.68 2.37 3.92 1.37 2.57 4.25 3.62 1.46 3.55 2.69 4.27 4.24 4.62 4.22 1.49 2.3 4.03 4.22 2.12 2.66 0.54 0.38 0.44 2.86 5.47 1.2 4.33 1.91 6.22 3.96 3.47 3.13 3.65 1.81 1.45 6.02 1.19 3.53 2.44 0.22 1.08 3.29 3.93 1.52 2.59 1.44 1.81 3.39 4.15 2.41 3.89 2.12 2.85 0.21 2.41 4.38 1.87 3.98 1.89 3.99 3.05 1.48 3.75 2.95 3.24 3.68 1.82 0.59 5.3 3.48 5.56 3.56 3.66 4.45 4.48 3.19 4.79 4.68 2.93 4.75 3.31 2.28 3.18 1.92 4.34 2.27 
1.56 1.78 1.97 1.59 1.45 1.68 1.56 3.25 2.69 2.41 2.81 2.04 0 4.17 2.64 2.95 2.28 3.85 1 1.22 3.09 3.31 2.63 3.2 0.78 2.44 2.27 4.17 3.66 2 0.45 2.06 2.61 0.52 2.23 1.83 2.26 1.71 1.27 4.12 1.46 3.48 2.95 4.61 2.08 2.31 2.61 2.02 0.25 2.13 4.37 0.89 1.73 0.42 2.17 1.07 2.5 1.93 0.64 1.92 0.62 0.42 1.42 3.46 0.38 2.34 0.14 2.64 1.86 2 2.55 1.57 2.47 0.5 3.8 1.01 0.68 3.76 0.96 1.71 3.75 0.49 1.64 3.72 3.55 4.07 3.38 4.04 4.62 4.32 1.29 3.51 3.14 1.17 2.84 2.66 0.76 1.26 1.95 2.84 1.58 
2.9 3.69 3.75 5.55 5.48 3.71 3.45 1.26 1.9 2.92 1.98 3.99 4.17 0 5.17 4.14 1.91 0.53 4.56 3.19 2.67 1.12 2.62 1.22 3.98 6.32 4.78 1.36 1.49 2.57 3.91 5.73 3.66 4.67 1.98 3.49 4.34 3.69 3.44 3.59 3.1 2.06 2.22 4.7 5.95 2.65 1.74 3.54 4.03 2.56 4.67 3.81 3.89 4.43 3.84 4.28 2.07 4.69 3.73 2.32 3.9 3.79 5.24 1.74 4.35 3.4 4.31 1.55 4.07 2.19 4.27 2.65 3.34 3.68 0.75 4.61 3.7 0.48 4.86 3.3 0.45 3.7 4.32 4.04 0.63 3.95 0.93 0.45 0.47 0.81 5.26 3.09 3.66 5.29 4.78 1.84 4.92 5.2 2.32 3.43 2.61 
2.5 4.34 1.43 2.02 2.15 1.55 1.86 4.82 3.27 2.27 4.72 4.65 2.64 5.17 0 1.36 3.78 4.67 3.58 2.41 2.74 4.05 4.84 3.95 1.97 2.09 0.44 4.42 3.94 4.1 2.36 1.51 1.62 2.79 3.44 4.34 4.89 4.27 2.05 2.91 3.77 3.43 4.99 2.74 1.91 2.52 3.48 1.63 2.86 4.25 2.46 3.47 1.37 2.29 4.75 3.71 3.11 0.73 3.14 3.12 3.22 2.84 1.73 3.65 2.3 1.78 2.6 3.83 4.48 3.4 0.98 3.42 1.87 2.78 4.5 1.68 3.18 4.69 1.94 1.95 4.74 2.85 4.28 2.16 4.61 2.61 4.24 5.26 5.49 4.87 2 2.69 1.94 2.37 0.62 3.34 2.81 1.96 3.76 1.94 3.07 
2.02 4.31 1 3.02 3.09 1.3 1.52 4.07 2.31 1.3 4.16 4.68 2.95 4.14 1.36 0 3.15 3.61 3.94 2.13 1.52 3.03 4.45 2.94 2.17 3.33 1.22 3.2 2.77 3.73 2.53 2.7 0.54 3.29 2.74 4.25 4.99 4.25 1.83 1.57 3.59 2.21 4.48 1.69 3.08 1.63 2.6 1.04 3.08 3.88 1.44 3.56 1.22 2.75 4.73 3.95 2.2 1.44 3.22 2.51 3.36 2.96 2.66 2.47 2.71 0.88 2.97 3.03 4.56 2.8 0.49 3.04 0.87 2.84 3.41 2.28 3.25 3.67 2.65 1.46 3.74 2.93 4.46 0.88 3.65 1.32 3.24 4.31 4.4 3.71 2.88 1.36 0.59 3.19 0.78 2.41 3.41 2.82 3.29 0.71 2.62 
1.29 2.01 2.4 3.74 3.64 2.24 1.93 1.07 1.14 1.88 1.02 2.37 2.28 1.91 3.78 3.15 0 1.66 2.68 1.46 2.15 1.26 1.44 1.18 2.21 4.54 3.36 2.25 1.86 0.9 2.06 4.01 2.62 2.77 0.42 1.83 2.75 1.98 1.79 3.39 1.28 2.03 1.36 4.34 4.17 1.55 0.81 2.23 2.12 0.99 4.2 1.93 2.42 2.57 2.29 2.42 1.1 3.17 1.82 0.67 2 1.89 3.46 1.81 2.49 2.27 2.42 0.49 2.39 0.39 3.07 0.74 2.29 1.79 1.68 2.84 1.8 1.53 3.04 1.85 1.5 1.81 2.56 3.46 1.3 3.6 1.23 1.76 2.37 2.2 3.43 2.72 2.89 3.42 3.58 1.03 3.02 3.38 0.47 2.56 0.79 
2.49 3.58 3.26 5.16 5.1 3.24 3 1.34 1.42 2.41 2 3.92 3.85 0.53 4.67 3.61 1.66 0 4.33 2.8 2.14 0.63 2.65 0.74 3.59 5.9 4.29 0.94 0.97 2.44 3.55 5.3 3.14 4.36 1.63 3.39 4.28 3.57 3.02 3.08 2.92 1.54 2.31 4.18 5.53 2.16 1.3 3.05 3.73 2.47 4.15 3.59 3.42 4.08 3.79 4.08 1.6 4.22 3.46 1.95 3.64 3.48 4.83 1.21 4 2.9 3.98 1.23 3.97 1.86 3.76 2.39 2.83 3.37 0.24 4.2 3.44 0.2 4.47 2.84 0.3 3.4 4.19 3.51 0.45 3.43 0.49 0.84 0.84 0.58 4.87 2.57 3.13 4.93 4.27 1.37 4.61 4.81 2.11 2.91 2.28 
2.37 1.28 2.96 2.12 1.94 2.66 2.52 3.45 3.39 3.31 2.86 1.37 1 4.56 3.58 3.94 2.68 4.33 0 2.06 3.96 3.87 2.46 3.77 1.78 2.92 3.23 4.81 4.33 2.07 1.42 2.73 3.58 0.84 2.77 1.43 1.45 1.23 2.21 5.05 1.48 4.25 2.87 5.6 2.62 3.15 3.22 2.99 0.88 2.13 5.36 0.75 2.73 1.3 1.56 0.34 3.22 2.89 0.93 2.54 0.74 1.06 2.11 4.18 1.3 3.3 1 3.12 1.16 2.51 3.55 1.95 3.42 1.2 4.33 1.91 0.93 4.21 1.72 2.65 4.17 1.13 0.81 4.69 3.96 5.04 3.89 4.33 5.03 4.85 1.89 4.42 4.1 1.59 3.82 3.33 0.94 1.89 2.25 3.79 2.17 
0.36 2.2 1.17 2.37 2.3 0.91 0.63 2.52 1.52 1.26 2.33 2.57 1.22 3.19 2.41 2.13 1.46 2.8 2.06 0 1.91 2.21 2.45 2.1 0.8 3.13 1.97 3 2.48 1.71 0.81 2.57 1.66 1.72 1.23 2.13 2.89 2.13 0.36 3.01 1.47 2.27 2.59 3.67 2.76 1.11 1.5 1.1 1.21 1.86 3.46 1.51 1.08 1.32 2.6 1.97 1.32 1.74 1.19 0.88 1.37 1 2.05 2.26 1.24 1.33 1.32 1.67 2.46 1.09 1.88 1.02 1.43 0.86 2.71 1.42 1.2 2.74 1.68 0.68 2.75 0.93 2.41 2.75 2.57 3.04 2.32 3.15 3.61 3.2 2.08 2.37 2.13 2.15 2.32 1.51 1.95 2.02 1.37 1.8 0.69 
1.6 3.86 1.53 3.84 3.85 1.68 1.61 2.83 1.05 0.71 3.12 4.25 3.09 2.67 2.74 1.52 2.15 2.14 3.96 1.91 0 1.6 3.58 1.54 2.46 4.4 2.44 1.7 1.25 2.96 2.66 3.75 1.13 3.57 1.74 3.74 4.61 3.81 1.85 1.26 3.06 0.7 3.48 2.23 4.07 0.82 1.4 1.34 3.11 3.08 2.12 3.36 1.79 3.1 4.23 3.84 1.05 2.49 3.06 1.68 3.25 2.9 3.47 0.97 3.03 1.03 3.18 1.85 4.19 1.92 1.77 2.39 0.91 2.76 1.93 2.91 3.07 2.23 3.26 1.43 2.3 2.83 4.23 1.42 2.25 1.47 1.82 2.9 2.9 2.2 3.62 0.57 1 3.82 2.24 1.16 3.78 3.55 2.47 0.82 1.98 
1.88 3.26 2.64 4.56 4.5 2.62 2.37 1.38 0.79 1.8 1.9 3.62 3.31 1.12 4.05 3.03 1.26 0.63 3.87 2.21 1.6 0 2.5 0.11 2.99 5.29 3.67 1 0.68 2.14 2.98 4.68 2.54 3.82 1.11 3.08 3.99 3.24 2.4 2.67 2.53 1.11 2.25 3.75 4.92 1.53 0.71 2.43 3.2 2.2 3.68 3.13 2.79 3.51 3.52 3.64 0.97 3.59 2.97 1.39 3.16 2.96 4.23 0.79 3.42 2.28 3.43 0.78 3.64 1.36 3.15 1.93 2.23 2.83 0.51 3.6 2.95 0.65 3.88 2.21 0.72 2.87 3.82 3.01 0.65 2.99 0.23 1.3 1.47 1.01 4.28 2.09 2.57 4.35 3.66 0.74 4.07 4.22 1.72 2.33 1.74 
2.45 1.26 3.58 4.21 4.07 3.35 3.05 1.36 2.57 3.25 0.66 1.46 2.63 2.62 4.84 4.45 1.44 2.65 2.46 2.45 3.58 2.5 0 2.46 2.96 5.07 4.4 3.47 3.17 0.75 2.65 4.66 3.93 2.96 1.84 1.07 1.77 1.29 2.81 4.82 1.18 3.43 0.45 5.75 4.71 2.93 2.23 3.46 2.39 0.59 5.6 1.85 3.52 3.04 1.27 2.13 2.53 4.15 2 1.98 2.07 2.24 4.03 3.19 2.97 3.58 2.76 1.82 1.59 1.7 4.29 1.44 3.62 2.23 2.77 3.52 1.96 2.46 3.58 3.03 2.38 2.19 1.93 4.86 2.2 5.02 2.38 2.26 3.06 3.22 3.92 4.15 4.27 3.77 4.76 2.46 3.19 3.88 1.17 3.93 1.84 
1.77 3.19 2.54 4.45 4.39 2.51 2.26 1.39 0.69 1.7 1.87 3.55 3.2 1.22 3.95 2.94 1.18 0.74 3.77 2.1 1.54 0.11 2.46 0 2.88 5.18 3.57 1.08 0.71 2.07 2.87 4.57 2.45 3.71 1.01 3.01 3.92 3.16 2.3 2.63 2.45 1.08 2.22 3.71 4.81 1.43 0.6 2.33 3.1 2.14 3.63 3.04 2.68 3.4 3.45 3.54 0.87 3.49 2.87 1.28 3.06 2.86 4.12 0.78 3.32 2.19 3.33 0.7 3.57 1.27 3.06 1.84 2.13 2.73 0.62 3.49 2.86 0.75 3.77 2.11 0.8 2.77 3.73 2.95 0.72 2.94 0.3 1.38 1.57 1.12 4.17 2.04 2.5 4.24 3.57 0.64 3.96 4.11 1.64 2.25 1.64 
1.11 2.38 1.2 1.58 1.52 0.91 0.86 3.26 2.27 1.76 2.97 2.69 0.78 3.98 1.97 2.17 2.21 3.59 1.78 0.8 2.46 2.99 2.96 2.88 0 2.35 1.56 3.74 3.21 2.25 0.4 1.81 1.84 1.17 2.01 2.38 2.95 2.31 0.64 3.39 1.84 2.94 3.19 3.84 1.98 1.73 2.29 1.27 0.94 2.4 3.59 1.51 0.95 0.65 2.79 1.82 2.07 1.25 1.18 1.67 1.27 0.88 1.26 2.98 0.59 1.6 0.81 2.45 2.54 1.85 1.78 1.63 1.74 0.81 3.49 0.64 1.22 3.53 0.9 1.03 3.54 0.88 2.37 2.95 3.36 3.32 3.1 3.93 4.4 3.98 1.29 2.81 2.38 1.4 2.09 2.28 1.34 1.23 2.02 2.1 1.43 
3.42 4.11 2.87 0.86 1.01 2.76 2.94 5.58 4.53 3.75 5.22 4.27 2.44 6.32 2.09 3.33 4.54 5.9 2.92 3.13 4.4 5.29 5.07 5.18 2.35 0 2.12 5.93 5.41 4.43 2.51 0.66 3.38 2.17 4.35 4.2 4.36 4.04 2.89 4.9 3.9 5.02 5.38 4.83 0.38 3.87 4.6 3.07 2.68 4.56 4.55 3.26 2.63 2.05 4.45 3.2 4.33 1.95 3.07 4.01 3.01 2.84 1.09 5.14 2.12 3.37 2.31 4.79 4.07 4.19 2.86 3.91 3.51 2.87 5.79 1.71 3.11 5.86 1.52 3.12 5.87 2.9 3.73 4.19 5.7 4.64 5.42 6.27 6.73 6.25 1.16 4.54 3.85 1.35 2.69 4.55 1.99 1.19 4.31 3.73 3.76 
2.07 3.93 1.03 1.87 1.97 1.13 1.43 4.39 2.88 1.91 4.28 4.24 2.27 4.78 0.44 1.22 3.36 4.29 3.23 1.97 2.44 3.67 4.4 3.57 1.56 2.12 0 4.09 3.6 3.66 1.95 1.49 1.34 2.46 3.02 3.92 4.5 3.86 1.61 2.78 3.34 3.12 4.56 2.78 1.87 2.14 3.08 1.24 2.47 3.82 2.51 3.07 0.94 1.94 4.34 3.33 2.71 0.35 2.73 2.7 2.82 2.44 1.54 3.31 1.93 1.44 2.24 3.41 4.09 2.97 0.75 2.98 1.55 2.36 4.13 1.35 2.77 4.3 1.65 1.53 4.35 2.44 3.9 2.08 4.21 2.53 3.85 4.86 5.12 4.52 1.79 2.47 1.75 2.14 0.66 2.95 2.51 1.74 3.33 1.68 2.64 
2.65 4.25 3.12 5.28 5.24 3.18 3 2.23 1.48 2.21 2.84 4.62 4.17 1.36 4.42 3.2 2.25 0.94 4.81 3 1.7 1 3.47 1.08 3.74 5.93 4.09 0 0.53 3.13 3.8 5.3 2.81 4.68 2.05 4.08 4.99 4.23 3.12 2.33 3.52 1 3.17 3.44 5.58 2.07 1.6 2.91 4.09 3.19 3.45 4.09 3.33 4.32 4.51 4.6 1.68 4.1 3.9 2.28 4.09 3.85 4.92 0.8 4.23 2.66 4.29 1.77 4.64 2.32 3.46 2.89 2.56 3.72 0.74 4.31 3.89 1.13 4.62 2.82 1.24 3.77 4.8 2.9 1.35 2.73 1.09 1.75 1.38 0.61 5.01 1.96 2.65 5.13 3.93 1.51 4.92 4.95 2.71 2.51 2.65 
2.13 3.85 2.61 4.75 4.71 2.66 2.47 2.05 0.97 1.7 2.57 4.22 3.66 1.49 3.94 2.77 1.86 0.97 4.33 2.48 1.25 0.68 3.17 0.71 3.21 5.41 3.6 0.53 0 2.75 3.28 4.78 2.34 4.17 1.6 3.68 4.6 3.82 2.59 2.11 3.09 0.59 2.92 3.22 5.06 1.54 1.12 2.39 3.59 2.83 3.18 3.62 2.81 3.79 4.14 4.13 1.16 3.59 3.41 1.79 3.6 3.35 4.39 0.3 3.71 2.17 3.77 1.39 4.23 1.86 2.99 2.44 2.07 3.22 0.74 3.78 3.4 1.11 4.1 2.3 1.21 3.27 4.37 2.57 1.24 2.47 0.86 1.8 1.66 0.95 4.48 1.62 2.24 4.61 3.47 1.01 4.41 4.42 2.3 2.06 2.17 
1.71 1.14 2.84 3.58 3.45 2.61 2.31 1.4 2 2.56 0.82 1.49 2 2.57 4.1 3.73 0.9 2.44 2.07 1.71 2.96 2.14 0.75 2.07 2.25 4.43 3.66 3.13 2.75 0 1.96 3.99 3.21 2.4 1.25 0.96 1.86 1.13 2.06 4.21 0.6 2.91 0.96 5.08 4.06 2.25 1.7 2.72 1.78 0.16 4.92 1.35 2.78 2.39 1.39 1.76 1.93 3.41 1.4 1.3 1.52 1.6 3.37 2.71 2.32 2.86 2.14 1.37 1.53 1.05 3.55 0.7 2.91 1.56 2.51 2.83 1.36 2.29 2.92 2.3 2.23 1.53 1.76 4.18 2.02 4.37 2.07 2.3 3.04 3.01 3.28 3.52 3.58 3.17 4.02 1.9 2.64 3.24 0.5 3.23 1.11 
1.16 1.99 1.55 1.69 1.59 1.25 1.12 3.08 2.32 1.97 2.72 2.3 0.45 3.91 2.36 2.53 2.06 3.55 1.42 0.81 2.66 2.98 2.65 2.87 0.4 2.51 1.95 3.8 3.28 1.96 0 2.04 2.17 0.92 1.93 2 2.56 1.92 0.83 3.67 1.49 3.07 2.91 4.19 2.14 1.88 2.28 1.58 0.55 2.1 3.95 1.12 1.32 0.54 2.4 1.43 2.12 1.64 0.79 1.6 0.88 0.49 1.43 3.07 0.45 1.9 0.53 2.36 2.14 1.73 2.16 1.4 2.03 0.44 3.48 0.88 0.82 3.47 1 1.27 3.47 0.5 1.97 3.29 3.28 3.64 3.07 3.81 4.34 3.98 1.39 3.07 2.7 1.39 2.48 2.3 1.14 1.34 1.8 2.4 1.3 
2.84 3.81 2.22 0.67 0.85 2.12 2.32 5.06 3.92 3.11 4.75 4.03 2.06 5.73 1.51 2.7 4.01 5.3 2.73 2.57 3.75 4.68 4.66 4.57 1.81 0.66 1.49 5.3 4.78 3.99 2.04 0 2.73 1.91 3.79 3.88 4.17 3.74 2.3 4.25 3.49 4.38 4.94 4.23 0.4 3.24 4.01 2.42 2.31 4.13 3.95 2.93 1.98 1.64 4.18 2.97 3.72 1.3 2.69 3.44 2.67 2.43 0.65 4.51 1.7 2.72 1.95 4.22 3.83 3.64 2.22 3.41 2.86 2.44 5.18 1.18 2.73 5.27 1.1 2.49 5.29 2.48 3.53 3.56 5.12 4.01 4.83 5.71 6.13 5.63 0.85 3.89 3.2 1.18 2.08 3.95 1.81 0.85 3.81 3.08 3.23 
1.52 3.85 0.66 2.94 2.98 0.94 1.08 3.54 1.81 0.78 3.63 4.22 2.61 3.66 1.62 0.54 2.62 3.14 3.58 1.66 1.13 2.54 3.93 2.45 1.84 3.38 1.34 2.81 2.34 3.21 2.17 2.73 0 3 2.21 3.78 4.55 3.79 1.4 1.6 3.1 1.82 3.96 2.03 3.09 1.1 2.08 0.6 2.71 3.36 1.81 3.14 0.93 2.46 4.26 3.56 1.68 1.44 2.8 1.98 2.96 2.56 2.57 2.05 2.42 0.36 2.65 2.5 4.12 2.27 0.65 2.54 0.34 2.44 2.95 2.09 2.83 3.19 2.47 0.99 3.25 2.52 4.05 1.12 3.15 1.48 2.75 3.81 3.95 3.29 2.76 1.16 0.55 3.03 1.14 1.9 3.15 2.69 2.77 0.35 2.11 
2.07 1.95 2.35 1.33 1.16 2.07 2 3.7 3.21 2.88 3.21 2.12 0.52 4.67 2.79 3.29 2.77 4.36 0.84 1.72 3.57 3.82 2.96 3.71 1.17 2.17 2.46 4.68 4.17 2.4 0.92 1.91 3 0 2.73 2.04 2.26 1.88 1.73 4.55 1.82 3.98 3.31 4.97 1.84 2.8 3.12 2.43 0.65 2.51 4.72 1.12 2.09 0.55 2.29 1.06 3.01 2.11 1 2.43 0.89 0.88 1.29 3.97 0.59 2.76 0.4 3.14 1.93 2.5 2.86 2.04 2.9 0.99 4.31 1.12 1.04 4.26 0.89 2.17 4.25 0.97 1.62 4.1 4.05 4.48 3.88 4.52 5.12 4.83 1.07 3.96 3.54 0.83 3.08 3.18 0.26 1.07 2.41 3.26 2.09 
0.98 2.28 2.03 3.58 3.5 1.9 1.6 1.38 0.76 1.47 1.43 2.66 2.23 1.98 3.44 2.74 0.42 1.63 2.77 1.23 1.74 1.11 1.84 1.01 2.01 4.35 3.02 2.05 1.6 1.25 1.93 3.79 2.21 2.73 0 2.12 3.03 2.24 1.51 2.99 1.5 1.68 1.78 3.92 3.98 1.13 0.48 1.86 2.11 1.36 3.78 2.04 2.08 2.46 2.59 2.55 0.69 2.86 1.86 0.35 2.05 1.86 3.27 1.5 2.38 1.87 2.36 0.44 2.65 0.27 2.69 0.85 1.88 1.74 1.59 2.65 1.85 1.55 2.88 1.5 1.54 1.78 2.77 3.04 1.36 3.18 1.16 1.93 2.42 2.11 3.28 2.31 2.47 3.31 3.2 0.66 2.98 3.23 0.76 2.14 0.65 
2.28 0.2 3.28 3.36 3.19 3.01 2.75 2.27 2.87 3.24 1.58 0.54 1.83 3.49 4.34 4.25 1.83 3.39 1.43 2.13 3.74 3.08 1.07 3.01 2.38 4.2 3.92 4.08 3.68 0.96 2 3.88 3.78 2.04 2.12 0 0.92 0.22 2.45 4.97 0.69 3.79 1.51 5.75 3.86 2.97 2.59 3.22 1.58 0.93 5.56 0.96 3.15 2.25 0.5 1.1 2.76 3.62 1.23 2.07 1.22 1.52 3.24 3.62 2.2 3.43 1.93 2.31 0.58 1.88 3.99 1.35 3.52 1.57 3.46 2.82 1.19 3.23 2.79 2.8 3.17 1.5 0.87 4.83 2.97 5.07 3.03 3.18 3.95 3.96 3.08 4.28 4.22 2.87 4.39 2.78 2.25 3.06 1.38 3.87 1.77 
3.1 0.76 4 3.57 3.38 3.71 3.48 3.09 3.78 4.07 2.38 0.38 2.26 4.34 4.89 4.99 2.75 4.28 1.45 2.89 4.61 3.99 1.77 3.92 2.95 4.36 4.5 4.99 4.6 1.86 2.56 4.17 4.55 2.26 3.03 0.92 0 0.8 3.17 5.83 1.56 4.7 2.22 6.56 4.07 3.82 3.51 3.97 2.04 1.82 6.35 1.45 3.83 2.64 0.51 1.22 3.66 4.17 1.79 2.96 1.69 2.08 3.54 4.53 2.62 4.22 2.31 3.22 0.44 2.79 4.68 2.24 4.32 2.18 4.36 3.26 1.76 4.11 3.13 3.56 4.05 2.1 0.65 5.63 3.85 5.91 3.93 4 4.8 4.85 3.33 5.15 5.02 3.04 5.03 3.69 2.39 3.33 2.3 4.68 2.64 
2.32 0.08 3.27 3.2 3.03 2.99 2.74 2.47 2.98 3.28 1.79 0.44 1.71 3.69 4.27 4.25 1.98 3.57 1.23 2.13 3.81 3.24 1.29 3.16 2.31 4.04 3.86 4.23 3.82 1.13 1.92 3.74 3.79 1.88 2.24 0.22 0.8 0 2.43 5.03 0.76 3.9 1.73 5.78 3.71 3.03 2.72 3.22 1.47 1.13 5.58 0.83 3.12 2.12 0.49 0.9 2.86 3.55 1.14 2.16 1.09 1.43 3.1 3.74 2.08 3.45 1.8 2.46 0.41 2 3.96 1.44 3.55 1.5 3.63 2.71 1.1 3.41 2.65 2.8 3.35 1.43 0.66 4.86 3.15 5.12 3.19 3.39 4.15 4.13 2.93 4.35 4.24 2.7 4.35 2.89 2.07 2.91 1.52 3.9 1.84 
0.55 2.5 0.84 2.17 2.13 0.57 0.32 2.85 1.66 1.15 2.68 2.86 1.27 3.44 2.05 1.83 1.79 3.02 2.21 0.36 1.85 2.4 2.81 2.3 0.64 2.89 1.61 3.12 2.59 2.06 0.83 2.3 1.4 1.73 1.51 2.45 3.17 2.43 0 2.86 1.8 2.31 2.95 3.43 2.52 1.1 1.72 0.81 1.33 2.22 3.2 1.75 0.72 1.26 2.91 2.16 1.46 1.39 1.41 1.17 1.56 1.17 1.83 2.35 1.19 1.1 1.35 1.94 2.74 1.41 1.54 1.38 1.22 1.04 2.91 1.2 1.43 2.98 1.51 0.45 3 1.12 2.65 2.51 2.83 2.84 2.54 3.43 3.84 3.38 1.9 2.24 1.91 2.03 1.97 1.68 1.93 1.84 1.72 1.59 1.04 
2.75 5.08 2.24 4.52 4.57 2.5 2.56 4 2.27 1.77 4.35 5.47 4.12 3.59 2.91 1.57 3.39 3.08 5.05 3.01 1.26 2.67 4.82 2.63 3.39 4.9 2.78 2.33 2.11 4.21 3.67 4.25 1.6 4.55 2.99 4.97 5.83 5.03 2.86 0 4.28 1.57 4.71 1.12 4.63 2.01 2.62 2.13 4.18 4.33 1.13 4.51 2.52 4.03 5.46 4.98 2.3 2.97 4.2 2.92 4.37 4 4.15 1.9 3.97 1.79 4.18 3.07 5.4 3.16 2.04 3.63 1.65 3.86 2.85 3.69 4.21 3.21 4.06 2.41 3.31 3.94 5.4 0.79 3.3 0.43 2.89 3.9 3.69 2.93 4.35 0.69 1.07 4.62 2.3 2.39 4.72 4.28 3.71 1.3 3.2 
1.6 0.81 2.63 3.05 2.9 2.37 2.09 1.98 2.23 2.55 1.41 1.2 1.46 3.1 3.77 3.59 1.28 2.92 1.48 1.47 3.06 2.53 1.18 2.45 1.84 3.9 3.34 3.52 3.09 0.6 1.49 3.49 3.1 1.82 1.5 0.69 1.56 0.76 1.8 4.28 0 3.15 1.5 5.07 3.54 2.28 1.97 2.56 1.23 0.69 4.88 0.76 2.52 1.86 1.18 1.19 2.1 3.06 0.84 1.4 0.94 1.07 2.86 2.99 1.8 2.76 1.59 1.76 1.16 1.24 3.34 0.68 2.84 1.07 2.95 2.36 0.8 2.78 2.41 2.13 2.73 1.02 1.29 4.14 2.52 4.39 2.51 2.86 3.57 3.47 2.75 3.6 3.53 2.61 3.77 2.14 2.06 2.71 0.82 3.19 1.08 
1.92 3.94 2.17 4.41 4.4 2.27 2.13 2.47 0.93 1.27 2.89 4.33 3.48 2.06 3.43 2.21 2.03 1.54 4.25 2.27 0.7 1.11 3.43 1.08 2.94 5.02 3.12 1 0.59 2.91 3.07 4.38 1.82 3.98 1.68 3.79 4.7 3.9 2.31 1.57 3.15 0 3.25 2.66 4.68 1.21 1.22 1.96 3.45 3.02 2.62 3.58 2.4 3.55 4.27 4.09 1.06 3.14 3.33 1.77 3.52 3.22 4.05 0.33 3.48 1.69 3.58 1.62 4.3 1.92 2.47 2.48 1.58 3.08 1.31 3.45 3.33 1.66 3.79 1.95 1.75 3.15 4.4 1.99 1.74 1.91 1.32 2.35 2.24 1.52 4.16 1.04 1.67 4.33 2.94 1.02 4.21 4.1 2.43 1.52 2.13 
2.53 1.7 3.67 4.53 4.39 3.47 3.16 0.98 2.44 3.23 0.37 1.91 2.95 2.22 4.99 4.48 1.36 2.31 2.87 2.59 3.48 2.25 0.45 2.22 3.19 5.38 4.56 3.17 2.92 0.96 2.91 4.94 3.96 3.31 1.78 1.51 2.22 1.73 2.95 4.71 1.5 3.25 0 5.68 5.01 2.9 2.09 3.53 2.72 0.82 5.55 2.22 3.64 3.34 1.72 2.54 2.44 4.32 2.33 1.98 2.42 2.54 4.32 2.98 3.26 3.6 3.08 1.65 2.04 1.69 4.37 1.59 3.63 2.51 2.45 3.78 2.29 2.11 3.87 3.12 2.02 2.48 2.37 4.82 1.86 4.94 2.1 1.84 2.65 2.87 4.23 4.04 4.25 4.1 4.86 2.32 3.55 4.19 1.24 3.91 1.93 
3.48 5.84 2.65 4.64 4.73 2.94 3.11 5.05 3.27 2.53 5.33 6.22 4.61 4.7 2.74 1.69 4.34 4.18 5.6 3.67 2.23 3.75 5.75 3.71 3.84 4.83 2.78 3.44 3.22 5.08 4.19 4.23 2.03 4.97 3.92 5.75 6.56 5.78 3.43 1.12 5.07 2.66 5.68 0 4.63 2.84 3.61 2.62 4.73 5.22 0.28 5.16 2.89 4.43 6.24 5.58 3.25 3.07 4.83 3.79 4.98 4.59 4.3 2.99 4.39 2.35 4.65 4.07 6.12 4.06 2.15 4.45 2.24 4.46 3.95 3.97 4.85 4.31 4.33 3.01 4.41 4.54 6.07 0.93 4.39 0.77 3.97 5 4.81 4.04 4.54 1.68 1.54 4.86 2.15 3.38 5.1 4.48 4.6 1.89 4.01 
3.05 3.78 2.55 0.51 0.69 2.42 2.59 5.21 4.17 3.42 4.85 3.96 2.08 5.95 1.91 3.08 4.17 5.53 2.62 2.76 4.07 4.92 4.71 4.81 1.98 0.38 1.87 5.58 5.06 4.06 2.14 0.4 3.09 1.84 3.98 3.86 4.07 3.71 2.52 4.63 3.54 4.68 5.01 4.63 0 3.52 4.23 2.74 2.32 4.2 4.35 2.92 2.29 1.68 4.13 2.89 3.97 1.66 2.71 3.64 2.67 2.47 0.72 4.79 1.75 3.05 1.96 4.42 3.75 3.82 2.6 3.53 3.19 2.51 5.43 1.34 2.75 5.49 1.15 2.77 5.5 2.53 3.43 3.95 5.33 4.39 5.05 5.9 6.36 5.89 0.8 4.24 3.57 1.04 2.48 4.19 1.68 0.83 3.94 3.43 3.39 
0.78 3.08 1.11 3.22 3.2 1.13 0.94 2.44 0.75 0.34 2.56 3.47 2.31 2.65 2.52 1.63 1.55 2.16 3.15 1.11 0.82 1.53 2.93 1.43 1.73 3.87 2.14 2.07 1.54 2.25 1.88 3.24 1.1 2.8 1.13 2.97 3.82 3.03 1.1 2.01 2.28 1.21 2.9 2.84 3.52 0 0.99 0.9 2.31 2.39 2.68 2.54 1.28 2.35 3.46 3.03 0.6 2.08 2.25 0.96 2.44 2.09 2.86 1.28 2.28 0.79 2.4 1.4 3.4 1.24 1.65 1.63 0.77 1.95 2 2.26 2.26 2.17 2.59 0.76 2.22 2.02 3.42 1.94 2.1 2.13 1.72 2.76 2.99 2.42 2.97 1.33 1.35 3.12 2.17 0.83 3.02 2.9 1.77 1.02 1.2 
1.19 2.75 2.05 3.86 3.8 1.99 1.72 1.48 0.35 1.31 1.73 3.13 2.61 1.74 3.48 2.6 0.81 1.3 3.22 1.5 1.4 0.71 2.23 0.6 2.29 4.6 3.08 1.6 1.12 1.7 2.28 4.01 2.08 3.12 0.48 2.59 3.51 2.72 1.72 2.62 1.97 1.22 2.09 3.61 4.23 0.99 0 1.85 2.52 1.8 3.5 2.5 2.16 2.8 3.06 3.01 0.41 2.97 2.31 0.7 2.5 2.28 3.54 1.03 2.72 1.78 2.74 0.46 3.12 0.74 2.64 1.32 1.75 2.15 1.21 2.9 2.3 1.27 3.18 1.57 1.3 2.19 3.25 2.77 1.14 2.86 0.83 1.79 2.13 1.71 3.58 1.96 2.25 3.65 3.16 0.24 3.37 3.52 1.22 1.95 1.07 
1.02 3.29 0.22 2.52 2.53 0.38 0.49 3.23 1.65 0.7 3.22 3.65 2.02 3.54 1.63 1.04 2.23 3.05 2.99 1.1 1.34 2.43 3.46 2.33 1.27 3.07 1.24 2.91 2.39 2.72 1.58 2.42 0.6 2.43 1.86 3.22 3.97 3.22 0.81 2.13 2.56 1.96 3.53 2.62 2.74 0.9 1.85 0 2.12 2.88 2.39 2.55 0.45 1.91 3.7 2.97 1.48 1.2 2.22 1.57 2.37 1.97 2.14 2.11 1.85 0.35 2.07 2.21 3.54 1.86 0.85 2.03 0.49 1.85 2.89 1.6 2.24 3.07 1.97 0.44 3.11 1.93 3.46 1.71 2.98 2.06 2.61 3.63 3.89 3.3 2.3 1.58 1.12 2.53 1.35 1.71 2.6 2.23 2.31 0.83 1.62 
1.54 1.54 2.09 1.83 1.68 1.8 1.64 3.06 2.63 2.44 2.59 1.81 0.25 4.03 2.86 3.08 2.12 3.73 0.88 1.21 3.11 3.2 2.39 3.1 0.94 2.68 2.47 4.09 3.59 1.78 0.55 2.31 2.71 0.65 2.11 1.58 2.04 1.47 1.33 4.18 1.23 3.45 2.72 4.73 2.32 2.31 2.52 2.12 0 1.9 4.49 0.64 1.87 0.67 1.93 0.88 2.44 2.14 0.4 1.82 0.38 0.25 1.67 3.41 0.62 2.42 0.37 2.51 1.64 1.87 2.71 1.39 2.55 0.38 3.69 1.25 0.44 3.63 1.21 1.78 3.61 0.33 1.44 3.82 3.41 4.16 3.26 3.87 4.48 4.21 1.53 3.55 3.23 1.39 3.02 2.59 0.9 1.5 1.77 2.92 1.46 
1.87 1.13 2.99 3.71 3.57 2.76 2.46 1.36 2.11 2.7 0.73 1.45 2.13 2.56 4.25 3.88 0.99 2.47 2.13 1.86 3.08 2.2 0.59 2.14 2.4 4.56 3.82 3.19 2.83 0.16 2.1 4.13 3.36 2.51 1.36 0.93 1.82 1.13 2.22 4.33 0.69 3.02 0.82 5.22 4.2 2.39 1.8 2.88 1.9 0 5.06 1.44 2.93 2.52 1.33 1.82 2.05 3.57 1.51 1.44 1.62 1.73 3.51 2.8 2.45 3.01 2.26 1.45 1.51 1.17 3.71 0.85 3.06 1.69 2.55 2.97 1.48 2.31 3.05 2.45 2.24 1.67 1.77 4.32 2.04 4.5 2.12 2.27 3.03 3.04 3.41 3.65 3.72 3.29 4.17 2.01 2.75 3.37 0.62 3.38 1.26 
3.28 5.64 2.41 4.37 4.46 2.7 2.88 4.95 3.15 2.36 5.2 6.02 4.37 4.67 2.46 1.44 4.2 4.15 5.36 3.46 2.12 3.68 5.6 3.63 3.59 4.55 2.51 3.45 3.18 4.92 3.95 3.95 1.81 4.72 3.78 5.56 6.35 5.58 3.2 1.13 4.88 2.62 5.55 0.28 4.35 2.68 3.5 2.39 4.49 5.06 0 4.94 2.65 4.18 6.04 5.35 3.12 2.79 4.6 3.63 4.76 4.36 4.02 2.94 4.14 2.14 4.4 3.95 5.92 3.91 1.89 4.27 2.04 4.23 3.92 3.7 4.63 4.27 4.06 2.79 4.36 4.32 5.85 0.74 4.33 0.72 3.9 4.95 4.8 4.04 4.27 1.6 1.35 4.59 1.88 3.27 4.84 4.21 4.44 1.69 3.83 
1.77 0.9 2.57 2.41 2.25 2.28 2.06 2.72 2.69 2.75 2.16 1.19 0.89 3.81 3.47 3.56 1.93 3.59 0.75 1.51 3.36 3.13 1.85 3.04 1.51 3.26 3.07 4.09 3.62 1.35 1.12 2.93 3.14 1.12 2.04 0.96 1.45 0.83 1.75 4.51 0.76 3.58 2.22 5.16 2.92 2.54 2.5 2.55 0.64 1.44 4.94 0 2.38 1.3 1.3 0.52 2.53 2.75 0.35 1.84 0.27 0.64 2.29 3.48 1.26 2.82 0.98 2.38 1.03 1.78 3.23 1.21 2.93 0.73 3.59 1.89 0.32 3.46 1.84 2.16 3.42 0.65 0.91 4.24 3.21 4.55 3.14 3.59 4.28 4.11 2.13 3.85 3.63 1.94 3.59 2.63 1.34 2.11 1.5 3.3 1.47 
1.14 3.18 0.28 2.07 2.09 0.19 0.5 3.46 2.01 1.13 3.36 3.53 1.73 3.89 1.37 1.22 2.42 3.42 2.73 1.08 1.79 2.79 3.52 2.68 0.95 2.63 0.94 3.33 2.81 2.78 1.32 1.98 0.93 2.09 2.08 3.15 3.83 3.12 0.72 2.52 2.52 2.4 3.64 2.89 2.29 1.28 2.16 0.45 1.87 2.93 2.65 2.38 0 1.55 3.6 2.75 1.82 0.81 2.04 1.76 2.17 1.76 1.7 2.53 1.51 0.78 1.76 2.48 3.4 2.03 0.86 2.08 0.93 1.66 3.27 1.18 2.07 3.41 1.55 0.6 3.45 1.74 3.27 2.01 3.3 2.4 2.96 3.94 4.25 3.69 1.86 2.01 1.47 2.11 1.26 2.06 2.23 1.8 2.41 1.23 1.72 
1.67 2.2 1.82 1.2 1.08 1.54 1.5 3.58 2.84 2.4 3.18 2.44 0.42 4.43 2.29 2.75 2.57 4.08 1.3 1.32 3.1 3.51 3.04 3.4 0.65 2.05 1.94 4.32 3.79 2.39 0.54 1.64 2.46 0.55 2.46 2.25 2.64 2.12 1.26 4.03 1.86 3.55 3.34 4.43 1.68 2.35 2.8 1.91 0.67 2.52 4.18 1.3 1.55 0 2.58 1.44 2.64 1.6 1.05 2.13 1.04 0.8 1.01 3.57 0.09 2.24 0.33 2.89 2.26 2.26 2.32 1.89 2.38 0.84 4.01 0.62 1.09 4 0.55 1.67 4 0.86 2.01 3.56 3.81 3.94 3.6 4.33 4.87 4.51 0.9 3.46 3.01 0.86 2.54 2.82 0.7 0.86 2.29 2.73 1.83 
2.77 0.42 3.75 3.62 3.44 3.47 3.22 2.59 3.35 3.73 1.88 0.22 2.17 3.84 4.75 4.73 2.29 3.79 1.56 2.6 4.23 3.52 1.27 3.45 2.79 4.45 4.34 4.51 4.14 1.39 2.4 4.18 4.26 2.29 2.59 0.5 0.51 0.49 2.91 5.46 1.18 4.27 1.72 6.24 4.13 3.46 3.06 3.7 1.93 1.33 6.04 1.3 3.6 2.58 0 1.25 3.24 4.03 1.62 2.56 1.56 1.91 3.54 4.08 2.54 3.91 2.26 2.76 0.42 2.36 4.44 1.84 4 1.98 3.87 3.18 1.58 3.62 3.1 3.27 3.55 1.91 0.8 5.31 3.35 5.56 3.45 3.5 4.3 4.36 3.35 4.77 4.7 3.1 4.83 3.25 2.46 3.34 1.85 4.36 2.26 
2.25 0.95 2.96 2.38 2.2 2.66 2.48 3.15 3.2 3.22 2.54 1.08 1.07 4.28 3.71 3.95 2.42 4.08 0.34 1.97 3.84 3.64 2.13 3.54 1.82 3.2 3.33 4.6 4.13 1.76 1.43 2.97 3.56 1.06 2.55 1.1 1.22 0.9 2.16 4.98 1.19 4.09 2.54 5.58 2.89 3.03 3.01 2.97 0.88 1.82 5.35 0.52 2.75 1.44 1.25 0 3.04 3 0.79 2.35 0.61 1 2.33 3.99 1.42 3.26 1.11 2.88 0.87 2.29 3.59 1.71 3.37 1.13 4.09 2.05 0.78 3.94 1.91 2.6 3.9 1.05 0.58 4.67 3.69 4.99 3.64 4.04 4.75 4.61 2.13 4.33 4.07 1.86 3.9 3.14 1.21 2.12 1.97 3.74 1.98 
0.97 2.9 1.68 3.63 3.58 1.65 1.41 1.88 0.21 0.91 2.08 3.29 2.5 2.07 3.11 2.2 1.1 1.6 3.22 1.32 1.05 0.97 2.53 0.87 2.07 4.33 2.71 1.68 1.16 1.93 2.12 3.72 1.68 3.01 0.69 2.76 3.66 2.86 1.46 2.3 2.1 1.06 2.44 3.25 3.97 0.6 0.41 1.48 2.44 2.05 3.12 2.53 1.82 2.64 3.24 3.04 0 2.63 2.29 0.71 2.49 2.21 3.29 0.97 2.56 1.38 2.62 0.84 3.26 0.89 2.25 1.43 1.35 2.07 1.47 2.66 2.29 1.6 2.96 1.25 1.64 2.13 3.34 2.39 1.51 2.51 1.14 2.16 2.44 1.92 3.35 1.62 1.85 3.46 2.76 0.24 3.25 3.29 1.44 1.55 1.07 
1.89 3.62 0.99 1.59 1.67 0.98 1.27 4.22 2.81 1.89 4.06 3.93 1.93 4.69 0.73 1.44 3.17 4.22 2.89 1.74 2.49 3.59 4.15 3.49 1.25 1.95 0.35 4.1 3.59 3.41 1.64 1.3 1.44 2.11 2.86 3.62 4.17 3.55 1.39 2.97 3.06 3.14 4.32 3.07 1.66 2.08 2.97 1.2 2.14 3.57 2.79 2.75 0.81 1.6 4.03 3 2.63 0 2.42 2.52 2.5 2.12 1.24 3.31 1.59 1.46 1.9 3.27 3.77 2.78 0.95 2.74 1.59 2.06 4.07 1.01 2.46 4.22 1.32 1.4 4.25 2.13 3.57 2.31 4.1 2.75 3.76 4.74 5.05 4.49 1.48 2.59 1.91 1.82 0.99 2.86 2.17 1.42 3.1 1.79 2.43 
1.47 1.21 2.23 2.22 2.07 1.93 1.73 2.71 2.46 2.43 2.21 1.52 0.64 3.73 3.14 3.22 1.82 3.46 0.93 1.19 3.06 2.97 2 2.87 1.18 3.07 2.73 3.9 3.41 1.4 0.79 2.69 2.8 1 1.86 1.23 1.79 1.14 1.41 4.2 0.84 3.33 2.33 4.83 2.71 2.25 2.31 2.22 0.4 1.51 4.6 0.35 2.04 1.05 1.62 0.79 2.29 2.42 0 1.62 0.2 0.3 2.05 3.25 0.99 2.49 0.76 2.24 1.37 1.61 2.89 1.08 2.6 0.39 3.44 1.6 0.05 3.35 1.59 1.83 3.32 0.31 1.25 3.91 3.11 4.22 3 3.54 4.19 3.96 1.92 3.54 3.3 1.78 3.25 2.41 1.25 1.89 1.43 2.97 1.25 
0.64 2.2 1.73 3.24 3.16 1.58 1.27 1.7 0.86 1.28 1.66 2.59 1.92 2.32 3.12 2.51 0.67 1.95 2.54 0.88 1.68 1.39 1.98 1.28 1.67 4.01 2.7 2.28 1.79 1.3 1.6 3.44 1.98 2.43 0.35 2.07 2.96 2.16 1.17 2.92 1.4 1.77 1.98 3.79 3.64 0.96 0.7 1.57 1.82 1.44 3.63 1.84 1.76 2.13 2.56 2.35 0.71 2.52 1.62 0 1.82 1.58 2.93 1.65 2.05 1.63 2.05 0.79 2.55 0.3 2.41 0.73 1.66 1.45 1.89 2.3 1.61 1.88 2.54 1.18 1.88 1.5 2.64 2.89 1.7 3.07 1.47 2.28 2.75 2.4 2.94 2.24 2.3 2.98 2.91 0.79 2.68 2.88 0.82 1.96 0.38 
1.66 1.16 2.37 2.16 2.01 2.07 1.88 2.86 2.66 2.61 2.33 1.44 0.62 3.9 3.22 3.36 2 3.64 0.74 1.37 3.25 3.16 2.07 3.06 1.27 3.01 2.82 4.09 3.6 1.52 0.88 2.67 2.96 0.89 2.05 1.22 1.69 1.09 1.56 4.37 0.94 3.52 2.42 4.98 2.67 2.44 2.5 2.37 0.38 1.62 4.76 0.27 2.17 1.04 1.56 0.61 2.49 2.5 0.2 1.82 0 0.41 2.03 3.45 1 2.65 0.72 2.42 1.27 1.8 3.02 1.26 2.77 0.53 3.63 1.62 0.21 3.52 1.57 1.99 3.5 0.45 1.11 4.07 3.29 4.39 3.19 3.71 4.36 4.15 1.87 3.73 3.46 1.7 3.35 2.6 1.13 1.85 1.59 3.14 1.44 
1.32 1.5 1.96 1.99 1.85 1.67 1.48 2.84 2.39 2.25 2.4 1.81 0.42 3.79 2.84 2.96 1.89 3.48 1.06 1 2.9 2.96 2.24 2.86 0.88 2.84 2.44 3.85 3.35 1.6 0.49 2.43 2.56 0.88 1.86 1.52 2.08 1.43 1.17 4 1.07 3.22 2.54 4.59 2.47 2.09 2.28 1.97 0.25 1.73 4.36 0.64 1.76 0.8 1.91 1 2.21 2.12 0.3 1.58 0.41 0 1.79 3.17 0.73 2.26 0.55 2.27 1.66 1.63 2.61 1.16 2.38 0.15 3.45 1.31 0.34 3.39 1.34 1.6 3.37 0.09 1.51 3.67 3.17 4 3.02 3.64 4.24 3.96 1.69 3.36 3.07 1.58 2.96 2.35 1.14 1.65 1.55 2.75 1.22 
2.35 3.17 1.97 0.38 0.44 1.79 1.93 4.5 3.49 2.79 4.15 3.39 1.42 5.24 1.73 2.66 3.46 4.83 2.11 2.05 3.47 4.23 4.03 4.12 1.26 1.09 1.54 4.92 4.39 3.37 1.43 0.65 2.57 1.29 3.27 3.24 3.54 3.1 1.83 4.15 2.86 4.05 4.32 4.3 0.72 2.86 3.54 2.14 1.67 3.51 4.02 2.29 1.7 1.01 3.54 2.33 3.29 1.24 2.05 2.93 2.03 1.79 0 4.14 1.07 2.47 1.31 3.71 3.2 3.1 2.17 2.83 2.62 1.82 4.73 0.64 2.09 4.79 0.46 2.11 4.8 1.85 2.9 3.53 4.62 3.96 4.35 5.19 5.66 5.21 0.28 3.7 3.08 0.65 2.19 3.5 1.21 0.25 3.23 2.9 2.68 
1.91 3.77 2.32 4.5 4.47 2.39 2.22 2.16 0.8 1.42 2.62 4.15 3.46 1.74 3.65 2.47 1.81 1.21 4.18 2.26 0.97 0.79 3.19 0.78 2.98 5.14 3.31 0.8 0.3 2.71 3.07 4.51 2.05 3.97 1.5 3.62 4.53 3.74 2.35 1.9 2.99 0.33 2.98 2.99 4.79 1.28 1.03 2.11 3.41 2.8 2.94 3.48 2.53 3.57 4.08 3.99 0.97 3.31 3.25 1.65 3.45 3.17 4.14 0 3.49 1.88 3.57 1.37 4.14 1.76 2.69 2.33 1.78 3.04 0.99 3.53 3.25 1.33 3.85 2.03 1.42 3.09 4.26 2.31 1.41 2.24 1 2.02 1.94 1.24 4.24 1.36 1.95 4.37 3.18 0.86 4.2 4.17 2.24 1.77 2.02 
1.59 2.15 1.77 1.28 1.16 1.49 1.44 3.5 2.76 2.33 3.1 2.41 0.38 4.35 2.3 2.71 2.49 4 1.3 1.24 3.03 3.42 2.97 3.32 0.59 2.12 1.93 4.23 3.71 2.32 0.45 1.7 2.42 0.59 2.38 2.2 2.62 2.08 1.19 3.97 1.8 3.48 3.26 4.39 1.75 2.28 2.72 1.85 0.62 2.45 4.14 1.26 1.51 0.09 2.54 1.42 2.56 1.59 0.99 2.05 1 0.73 1.07 3.49 0 2.19 0.31 2.81 2.23 2.17 2.29 1.81 2.33 0.76 3.93 0.64 1.03 3.92 0.61 1.61 3.92 0.79 1.99 3.51 3.72 3.89 3.52 4.25 4.79 4.43 0.97 3.4 2.95 0.94 2.53 2.74 0.76 0.93 2.21 2.68 1.74 
1.17 3.51 0.51 2.85 2.87 0.72 0.79 3.21 1.52 0.49 3.28 3.89 2.34 3.4 1.78 0.88 2.27 2.9 3.3 1.33 1.03 2.28 3.58 2.19 1.6 3.37 1.44 2.66 2.17 2.86 1.9 2.72 0.36 2.76 1.87 3.43 4.22 3.45 1.1 1.79 2.76 1.69 3.6 2.35 3.05 0.79 1.78 0.35 2.42 3.01 2.14 2.82 0.78 2.24 3.91 3.26 1.38 1.46 2.49 1.63 2.65 2.26 2.47 1.88 2.19 0 2.4 2.18 3.79 1.92 0.87 2.18 0.15 2.13 2.72 1.94 2.51 2.93 2.31 0.67 2.99 2.21 3.73 1.42 2.87 1.75 2.48 3.53 3.72 3.09 2.64 1.24 0.82 2.87 1.39 1.6 2.93 2.57 2.41 0.5 1.75 
1.67 1.87 2.01 1.46 1.32 1.72 1.63 3.39 2.81 2.49 2.94 2.12 0.14 4.31 2.6 2.97 2.42 3.98 1 1.32 3.18 3.43 2.76 3.33 0.81 2.31 2.24 4.29 3.77 2.14 0.53 1.95 2.65 0.4 2.36 1.93 2.31 1.8 1.35 4.18 1.59 3.58 3.08 4.65 1.96 2.4 2.74 2.07 0.37 2.26 4.4 0.98 1.76 0.33 2.26 1.11 2.62 1.9 0.76 2.05 0.72 0.55 1.31 3.57 0.31 2.4 0 2.78 1.93 2.13 2.57 1.7 2.53 0.64 3.93 0.95 0.8 3.89 0.86 1.79 3.88 0.63 1.69 3.76 3.68 4.13 3.51 4.18 4.76 4.44 1.17 3.58 3.19 1.04 2.83 2.78 0.64 1.14 2.09 2.89 1.71 
1.4 2.49 2.4 4.02 3.93 2.3 2.01 1.04 0.8 1.73 1.29 2.85 2.64 1.55 3.83 3.03 0.49 1.23 3.12 1.67 1.85 0.78 1.82 0.7 2.45 4.79 3.41 1.77 1.39 1.37 2.36 4.22 2.5 3.14 0.44 2.31 3.22 2.46 1.94 3.07 1.76 1.62 1.65 4.07 4.42 1.4 0.46 2.21 2.51 1.45 3.95 2.38 2.48 2.89 2.76 2.88 0.84 3.27 2.24 0.79 2.42 2.27 3.71 1.37 2.81 2.18 2.78 0 2.87 0.65 3.03 1.17 2.17 2.15 1.22 3.08 2.22 1.12 3.32 1.89 1.11 2.18 3.04 3.23 0.92 3.31 0.77 1.49 1.99 1.74 3.72 2.41 2.69 3.74 3.54 0.69 3.4 3.66 0.95 2.39 1.07 
2.67 0.39 3.57 3.25 3.07 3.28 3.05 2.84 3.38 3.65 2.15 0.21 1.86 4.07 4.48 4.56 2.39 3.97 1.16 2.46 4.19 3.64 1.59 3.57 2.54 4.07 4.09 4.64 4.23 1.53 2.14 3.83 4.12 1.93 2.65 0.58 0.44 0.41 2.74 5.4 1.16 4.3 2.04 6.12 3.75 3.4 3.12 3.54 1.64 1.51 5.92 1.03 3.4 2.26 0.42 0.87 3.26 3.77 1.37 2.55 1.27 1.66 3.2 4.14 2.23 3.79 1.93 2.87 0 2.4 4.25 1.83 3.89 1.75 4.03 2.87 1.34 3.81 2.76 3.13 3.75 1.67 0.39 5.2 3.54 5.48 3.59 3.76 4.53 4.53 2.99 4.72 4.59 2.73 4.61 3.3 2.08 2.99 1.93 4.25 2.22 
0.9 2.03 2.02 3.4 3.31 1.85 1.54 1.45 0.99 1.56 1.37 2.41 2 2.19 3.4 2.8 0.39 1.86 2.51 1.09 1.92 1.36 1.7 1.27 1.85 4.19 2.97 2.32 1.86 1.05 1.73 3.64 2.27 2.5 0.27 1.88 2.79 2 1.41 3.16 1.24 1.92 1.69 4.06 3.82 1.24 0.74 1.86 1.87 1.17 3.91 1.78 2.03 2.26 2.36 2.29 0.89 2.78 1.61 0.3 1.8 1.63 3.1 1.76 2.17 1.92 2.13 0.65 2.4 0 2.7 0.59 1.95 1.51 1.84 2.48 1.6 1.77 2.7 1.47 1.75 1.54 2.52 3.17 1.56 3.33 1.4 2.09 2.63 2.36 3.1 2.48 2.58 3.11 3.2 0.9 2.75 3.04 0.56 2.24 0.44 
1.85 4.03 0.72 2.53 2.61 0.98 1.26 4.06 2.39 1.36 4.06 4.38 2.55 4.27 0.98 0.49 3.07 3.76 3.55 1.88 1.77 3.15 4.29 3.06 1.78 2.86 0.75 3.46 2.99 3.55 2.16 2.22 0.65 2.86 2.69 3.99 4.68 3.96 1.54 2.04 3.34 2.47 4.37 2.15 2.6 1.65 2.64 0.85 2.71 3.71 1.89 3.23 0.86 2.32 4.44 3.59 2.25 0.95 2.89 2.41 3.02 2.61 2.17 2.69 2.29 0.87 2.57 3.03 4.25 2.7 0 2.86 0.93 2.51 3.58 1.82 2.92 3.8 2.18 1.26 3.86 2.59 4.12 1.37 3.74 1.81 3.35 4.4 4.57 3.92 2.4 1.74 1 2.72 0.52 2.47 2.97 2.34 3.15 0.97 2.46 
1.03 1.48 2.14 3.08 2.97 1.91 1.61 1.7 1.56 1.92 1.35 1.87 1.57 2.65 3.42 3.04 0.74 2.39 1.95 1.02 2.39 1.93 1.44 1.84 1.63 3.91 2.98 2.89 2.44 0.7 1.4 3.41 2.54 2.04 0.85 1.35 2.24 1.44 1.38 3.63 0.68 2.48 1.59 4.45 3.53 1.63 1.32 2.03 1.39 0.85 4.27 1.21 2.08 1.89 1.84 1.71 1.43 2.74 1.08 0.73 1.26 1.16 2.83 2.33 1.81 2.18 1.7 1.17 1.83 0.59 2.86 0 2.25 1.08 2.38 2.24 1.06 2.27 2.39 1.6 2.24 1.08 1.94 3.53 2.04 3.75 1.94 2.48 3.11 2.9 2.77 2.94 2.93 2.72 3.32 1.47 2.29 2.73 0.41 2.58 0.44 
