Number_Of_Customers: 50
Vehicle_Capacity:    50
Alpha:               0.75
Number_Of_Scenarios: 10

Location_Coordinates:
0 0 0
1 -1.15701 -0.932444
2 -1.59175 2.40314
3 -0.385902 -0.849069
4 -0.301312 0.848904
5 -2.46914 1.08947
6 0.741141 1.35033
7 -0.0155121 -0.712698
8 1.69182 -0.608427
9 -0.82652 -1.32981
10 -0.0738901 -1.87174
11 1.65102 -1.30966
12 -1.53521 -2.26177
13 1.36474 2.18084
14 -1.67095 1.3355
15 0.810852 -2.00795
16 2.34734 1.79318
17 -1.96491 0.688839
18 2.31323 -1.4623
19 -1.92557 2.00378
20 2.45478 -2.48784
21 1.80999 0.524636
22 -2.43632 -2.15834
23 -0.290331 0.410422
24 -2.03377 -1.64647
25 -2.26134 -1.32934
26 -2.29393 0.897319
27 1.23365 -0.973024
28 1.39249 -1.50342
29 2.00638 1.22993
30 1.5072 1.50257
31 -1.27898 -0.774971
32 0.0689529 -1.1089
33 -2.35737 -0.239973
34 1.78146 1.07366
35 0.0703794 -2.13317
36 -2.26259 -2.33767
37 0.821356 -0.46905
38 1.68453 1.93159
39 -0.751375 1.63327
40 0.44689 0.887747
41 0.366626 1.87597
42 -0.64652 -1.05354
43 -1.84734 1.82415
44 -1.58633 -1.53165
45 -2.45978 -1.55766
46 0.452208 0.265588
47 -1.25438 -2.34009
48 0.138558 -1.25324
49 1.76686 0.57533
50 -0.421874 -0.44032

Demand_per_scenario:
1 8 6 5 7 6 7 6 6 6 6
2 5 4 5 6 5 5 5 6 6 5
3 5 3 3 5 4 4 2 2 4 2
4 7 9 8 7 9 8 9 9 7 8
5 5 6 6 5 4 5 3 4 6 4
6 8 8 9 8 9 7 7 9 9 9
7 4 5 6 4 3 7 6 4 7 6
8 6 4 3 5 6 5 3 4 5 4
9 7 7 7 6 10 8 8 7 6 7
10 9 8 8 8 6 9 9 7 8 9
11 6 9 9 8 8 8 9 10 7 9
12 4 6 5 6 8 4 4 7 7 9
13 7 5 5 4 4 3 5 6 6 5
14 5 5 6 4 5 5 6 5 5 6
15 4 5 6 4 6 6 6 6 6 6
16 3 6 6 6 6 5 7 7 5 7
17 9 8 8 7 10 6 8 9 9 8
18 3 5 5 4 6 6 6 7 4 6
19 8 7 6 4 4 3 6 6 5 6
20 2 3 2 3 3 4 3 2 2 2
21 5 4 3 5 3 7 4 6 4 3
22 5 6 6 5 8 7 6 7 5 5
23 4 3 3 3 3 3 3 4 3 2
24 6 6 6 5 6 7 7 7 7 6
25 5 8 5 5 6 5 6 7 5 8
26 2 1 5 4 3 3 4 3 2 3
27 7 8 10 8 8 7 6 8 6 7
28 7 7 7 8 9 7 7 7 7 8
29 7 5 6 6 6 6 6 8 7 5
30 8 8 6 7 7 8 9 7 7 8
31 5 8 6 6 7 7 6 6 8 6
32 5 6 3 6 4 5 6 5 7 8
33 10 8 6 7 8 9 8 5 8 7
34 8 7 5 5 6 6 4 7 5 7
35 3 2 2 4 3 2 2 5 3 3
36 4 5 4 5 4 5 5 5 4 5
37 3 5 4 5 5 4 5 6 4 4
38 5 5 5 5 5 5 5 4 5 4
39 4 6 4 4 5 7 5 5 7 2
40 7 6 8 9 7 7 7 7 7 6
41 7 6 5 6 5 5 4 9 7 5
42 3 1 6 3 3 4 4 3 4 3
43 2 3 3 3 2 5 1 4 5 2
44 4 4 4 3 4 3 5 4 5 5
45 7 7 8 8 6 9 8 6 5 6
46 6 4 4 5 6 5 4 4 6 4
47 7 7 7 7 10 8 6 7 7 7
48 6 7 5 7 4 5 5 6 7 4
49 4 4 5 5 3 3 2 4 3 2
50 5 7 6 6 7 8 7 6 7 7

Probability_of_each_scenario_occuring:
0.1 0.1 0.1 0.1 0.1 0.1 0.1 0.1 0.1 0.1 

Travel_Costs:
0 1.49 2.89 0.94 0.91 2.7 1.55 0.72 1.8 1.57 1.88 2.11 2.74 2.58 2.14 2.17 2.96 2.09 2.74 2.78 3.5 1.89 3.26 0.51 2.62 2.63 2.47 1.58 2.05 2.36 2.13 1.5 1.12 2.37 2.08 2.14 3.26 0.95 2.57 1.8 1 1.92 1.24 2.6 2.21 2.92 0.53 2.66 1.27 1.86 0.61 
1.49 0 3.37 0.78 1.98 2.42 2.97 1.17 2.87 0.52 1.44 2.84 1.39 4.01 2.33 2.25 4.44 1.82 3.52 3.04 3.94 3.31 1.78 1.6 1.14 1.18 2.16 2.4 2.62 3.84 3.61 0.2 1.24 1.39 3.56 1.72 1.79 2.04 4.04 2.6 2.43 3.2 0.53 2.85 0.74 1.45 2.01 1.42 1.34 3.29 0.89 
2.89 3.37 0 3.47 2.03 1.58 2.56 3.5 4.46 3.82 4.54 4.93 4.67 2.97 1.08 5.03 3.99 1.76 5.5 0.53 6.35 3.89 4.64 2.39 4.08 3.8 1.67 4.41 4.92 3.79 3.23 3.2 3.89 2.76 3.63 4.84 4.79 3.76 3.32 1.14 2.55 2.03 3.59 0.64 3.94 4.06 2.96 4.76 4.05 3.83 3.08 
0.94 0.78 3.47 0 1.71 2.85 2.48 0.4 2.1 0.66 1.07 2.09 1.83 3.5 2.54 1.67 3.81 2.21 2.77 3.25 3.28 2.6 2.44 1.27 1.84 1.94 2.59 1.63 1.9 3.17 3.02 0.9 0.53 2.07 2.9 1.37 2.4 1.27 3.47 2.51 1.93 2.83 0.34 3.05 1.39 2.2 1.4 1.73 0.67 2.59 0.42 
0.91 1.98 2.03 1.71 0 2.19 1.16 1.59 2.47 2.25 2.74 2.92 3.35 2.14 1.46 3.07 2.82 1.68 3.49 2 4.33 2.14 3.69 0.44 3.04 2.94 2 2.39 2.9 2.34 1.93 1.9 2 2.33 2.1 3.01 3.75 1.74 2.27 0.91 0.75 1.23 1.94 1.83 2.71 3.24 0.96 3.33 2.15 2.09 1.3 
2.7 2.42 1.58 2.85 2.19 0 3.23 3.05 4.5 2.93 3.81 4.77 3.48 3.99 0.84 4.52 4.87 0.65 5.43 1.07 6.09 4.32 3.25 2.29 2.78 2.43 0.27 4.24 4.66 4.48 4 2.22 3.36 1.34 4.26 4.11 3.44 3.65 4.24 1.81 2.93 2.95 2.82 0.97 2.77 2.65 3.04 3.64 3.51 4.27 2.56 
1.55 2.97 2.56 2.48 1.16 3.23 0 2.2 2.18 3.11 3.33 2.82 4.27 1.04 2.42 3.36 1.67 2.79 3.23 2.75 4.21 1.36 4.74 1.4 4.09 4.03 3.07 2.38 2.93 1.28 0.79 2.94 2.55 3.49 1.08 3.55 4.76 1.83 1.11 1.52 0.55 0.65 2.78 2.64 3.71 4.33 1.13 4.2 2.68 1.29 2.14 
0.72 1.17 3.5 0.4 1.59 3.05 2.2 0 1.72 1.02 1.17 1.78 2.18 3.21 2.64 1.54 3.45 2.41 2.45 3.33 3.05 2.21 2.82 1.16 2.23 2.33 2.79 1.28 1.62 2.81 2.69 1.27 0.41 2.39 2.54 1.43 2.78 0.88 3.15 2.46 1.67 2.62 0.72 3.13 1.78 2.59 1.09 2.05 0.57 2.2 0.49 
1.8 2.87 4.46 2.1 2.47 4.5 2.18 1.72 0 2.62 2.18 0.71 3.63 2.81 3.89 1.66 2.49 3.89 1.06 4.47 2.03 1.14 4.41 2.23 3.87 4.02 4.27 0.59 0.95 1.87 2.12 2.98 1.7 4.07 1.69 2.23 4.32 0.89 2.55 3.32 1.95 2.82 2.39 4.3 3.41 4.26 1.52 3.42 1.69 1.19 2.13 
1.57 0.52 3.82 0.66 2.25 2.93 3.11 1.02 2.62 0 0.93 2.48 1.18 4.14 2.8 1.78 4.46 2.32 3.15 3.52 3.48 3.23 1.82 1.83 1.25 1.44 2.67 2.1 2.23 3.82 3.67 0.72 0.93 1.88 3.55 1.21 1.76 1.86 4.12 2.97 2.56 3.43 0.33 3.32 0.79 1.65 2.05 1.1 0.97 3.22 0.98 
1.88 1.44 4.54 1.07 2.74 3.81 3.33 1.17 2.18 0.93 0 1.82 1.52 4.31 3.59 0.9 4.4 3.19 2.43 4.3 2.61 3.05 2.38 2.3 1.98 2.26 3.55 1.59 1.52 3.74 3.73 1.63 0.78 2.81 3.49 0.3 2.24 1.67 4.2 3.57 2.81 3.78 1 4.1 1.56 2.41 2.21 1.28 0.66 3.07 1.48 
2.11 2.84 4.93 2.09 2.92 4.77 2.82 1.78 0.71 2.48 1.82 0 3.33 3.51 4.25 1.1 3.19 4.14 0.68 4.88 1.43 1.85 4.18 2.6 3.71 3.92 4.53 0.54 0.33 2.57 2.82 2.98 1.6 4.15 2.39 1.79 4.05 1.19 3.25 3.8 2.51 3.44 2.32 4.7 3.25 4.12 1.98 3.09 1.52 1.89 2.25 
2.74 1.39 4.67 1.83 3.35 3.48 4.27 2.18 3.63 1.18 1.52 3.33 0 5.31 3.6 2.36 5.62 2.99 3.94 4.29 4 4.36 0.91 2.95 0.8 1.19 3.25 3.06 3.03 4.98 4.85 1.51 1.98 2.19 4.71 1.62 0.74 2.97 5.29 3.98 3.73 4.56 1.5 4.1 0.74 1.17 3.22 0.3 1.96 4.36 2.14 
2.58 4.01 2.97 3.5 2.14 3.99 1.04 3.21 2.81 4.14 4.31 3.51 5.31 0 3.16 4.23 1.06 3.65 3.77 3.3 4.8 1.72 5.77 2.43 5.12 5.05 3.88 3.16 3.69 1.15 0.7 3.97 3.54 4.45 1.19 4.51 5.8 2.71 0.41 2.19 1.59 1.05 3.81 3.24 4.75 5.35 2.13 5.23 3.65 1.66 3.18 
2.14 2.33 1.08 2.54 1.46 0.84 2.42 2.64 3.89 2.8 3.59 4.25 3.6 3.16 0 4.17 4.05 0.72 4.87 0.72 5.63 3.58 3.58 1.67 3.01 2.73 0.77 3.72 4.18 3.68 3.19 2.15 3.01 1.72 3.47 3.89 3.73 3.08 3.41 0.97 2.17 2.11 2.6 0.52 2.87 3 2.38 3.7 3.16 3.53 2.18 
2.17 2.25 5.03 1.67 3.07 4.52 3.36 1.54 1.66 1.78 0.9 1.1 2.36 4.23 4.17 0 4.1 3.88 1.6 4.86 1.72 2.73 3.26 2.66 2.87 3.15 4.26 1.12 0.77 3.46 3.58 2.43 1.17 3.63 3.24 0.76 3.1 1.54 4.04 3.97 2.92 3.91 1.75 4.67 2.45 3.31 2.31 2.1 1.02 2.76 2 
2.96 4.44 3.99 3.81 2.82 4.87 1.67 3.45 2.49 4.46 4.4 3.19 5.62 1.06 4.05 4.1 0 4.46 3.26 4.28 4.29 1.38 6.21 2.98 5.58 5.57 4.73 2.99 3.44 0.66 0.89 4.45 3.69 5.13 0.92 4.54 6.19 2.73 0.68 3.11 2.11 1.99 4.14 4.2 5.16 5.86 2.44 5.49 3.77 1.35 3.56 
2.09 1.82 1.76 2.21 1.68 0.65 2.79 2.41 3.89 2.32 3.19 4.14 2.99 3.65 0.72 3.88 4.46 0 4.79 1.32 5.45 3.78 2.89 1.7 2.34 2.04 0.39 3.61 4.01 4.01 3.57 1.62 2.72 1.01 3.77 3.48 3.05 3.02 3.86 1.54 2.42 2.62 2.19 1.15 2.26 2.31 2.46 3.12 2.87 3.74 1.92 
2.74 3.52 5.5 2.77 3.49 5.43 3.23 2.45 1.06 3.15 2.43 0.68 3.94 3.77 4.87 1.6 3.26 4.79 0 5.48 1.04 2.05 4.81 3.21 4.36 4.58 5.18 1.19 0.93 2.71 3.08 3.66 2.28 4.83 2.6 2.35 4.66 1.8 3.46 4.36 3.01 3.87 2.99 5.31 3.91 4.78 2.54 3.68 2.19 2.11 2.92 
2.78 3.04 0.53 3.25 2 1.07 2.75 3.33 4.47 3.52 4.3 4.88 4.29 3.3 0.72 4.86 4.28 1.32 5.48 0 6.28 4.02 4.2 2.29 3.66 3.35 1.17 4.35 4.83 4.01 3.47 2.86 3.7 2.29 3.83 4.6 4.36 3.7 3.62 1.24 2.63 2.3 3.32 0.2 3.56 3.61 2.95 4.4 3.86 3.96 2.87 
3.5 3.94 6.35 3.28 4.33 6.09 4.21 3.05 2.03 3.48 2.61 1.43 4 4.8 5.63 1.72 4.29 5.45 1.04 6.28 0 3.09 4.91 4 4.57 4.86 5.84 1.95 1.45 3.75 4.11 4.11 2.76 5.32 3.63 2.42 4.72 2.6 4.49 5.23 3.93 4.84 3.42 6.1 4.16 5.01 3.41 3.72 2.63 3.14 3.54 
1.89 3.31 3.89 2.6 2.14 4.32 1.36 2.21 1.14 3.23 3.05 1.85 4.36 1.72 3.58 2.73 1.38 3.78 2.05 4.02 3.09 0 5.03 2.11 4.42 4.48 4.13 1.61 2.08 0.74 1.03 3.36 2.39 4.24 0.55 3.18 4.98 1.41 1.42 2.8 1.42 1.98 2.92 3.89 3.98 4.76 1.39 4.2 2.45 0.07 2.44 
3.26 1.78 4.64 2.44 3.69 3.25 4.74 2.82 4.41 1.82 2.38 4.18 0.91 5.77 3.58 3.26 6.21 2.89 4.81 4.2 4.91 5.03 0 3.35 0.66 0.85 3.06 3.86 3.89 5.59 5.39 1.81 2.72 1.92 5.32 2.51 0.25 3.67 5.81 4.15 4.2 4.92 2.11 4.03 1.06 0.61 3.78 1.2 2.73 5.02 2.65 
0.51 1.6 2.39 1.27 0.44 2.29 1.4 1.16 2.23 1.83 2.3 2.6 2.95 2.43 1.67 2.66 2.98 1.7 3.21 2.29 4 2.11 3.35 0 2.7 2.63 2.07 2.06 2.55 2.44 2.11 1.55 1.57 2.17 2.18 2.57 3.39 1.42 2.5 1.31 0.88 1.61 1.51 2.11 2.34 2.93 0.76 2.92 1.72 2.07 0.87 
2.62 1.14 4.08 1.84 3.04 2.78 4.09 2.23 3.87 1.25 1.98 3.71 0.8 5.12 3.01 2.87 5.58 2.34 4.36 3.66 4.57 4.42 0.66 2.7 0 0.4 2.56 3.34 3.43 4.96 4.74 1.16 2.18 1.45 4.69 2.16 0.73 3.09 5.17 3.53 3.55 4.27 1.51 3.48 0.47 0.44 3.14 1.05 2.21 4.41 2.02 
2.63 1.18 3.8 1.94 2.94 2.43 4.03 2.33 4.02 1.44 2.26 3.92 1.19 5.05 2.73 3.15 5.57 2.04 4.58 3.35 4.86 4.48 0.85 2.63 0.4 0 2.23 3.52 3.66 4.98 4.72 1.13 2.35 1.1 4.71 2.47 1.01 3.21 5.12 3.33 3.51 4.15 1.64 3.19 0.71 0.31 3.15 1.43 2.41 4.46 2.05 
2.47 2.16 1.67 2.59 2 0.27 3.07 2.79 4.27 2.67 3.55 4.53 3.25 3.88 0.77 4.26 4.73 0.39 5.18 1.17 5.84 4.13 3.06 2.07 2.56 2.23 0 4 4.4 4.32 3.85 1.96 3.1 1.14 4.08 3.85 3.24 3.41 4.12 1.71 2.75 2.84 2.56 1.03 2.53 2.47 2.82 3.41 3.25 4.08 2.31 
1.58 2.4 4.41 1.63 2.39 4.24 2.38 1.28 0.59 2.1 1.59 0.54 3.06 3.16 3.72 1.12 2.99 3.61 1.19 4.35 1.95 1.61 3.86 2.06 3.34 3.52 4 0 0.56 2.34 2.5 2.53 1.18 3.67 2.12 1.65 3.76 0.66 2.94 3.28 2.03 2.98 1.89 4.17 2.88 3.74 1.47 2.84 1.14 1.64 1.74 
2.05 2.62 4.92 1.9 2.9 4.66 2.93 1.62 0.95 2.23 1.52 0.33 3.03 3.69 4.18 0.77 3.44 4.01 0.93 4.83 1.45 2.08 3.89 2.55 3.43 3.66 4.4 0.56 0 2.81 3.01 2.77 1.39 3.96 2.61 1.47 3.75 1.19 3.45 3.8 2.58 3.54 2.09 4.65 2.98 3.86 2.01 2.78 1.28 2.12 2.11 
2.36 3.84 3.79 3.17 2.34 4.48 1.28 2.81 1.87 3.82 3.74 2.57 4.98 1.15 3.68 3.46 0.66 4.01 2.71 4.01 3.75 0.74 5.59 2.44 4.96 4.98 4.32 2.34 2.81 0 0.57 3.85 3.04 4.61 0.28 3.89 5.57 2.08 0.78 2.79 1.6 1.77 3.51 3.9 4.54 5.27 1.83 4.84 3.11 0.7 2.95 
2.13 3.61 3.23 3.02 1.93 4 0.79 2.69 2.12 3.67 3.73 2.82 4.85 0.7 3.19 3.58 0.89 3.57 3.08 3.47 4.11 1.03 5.39 2.11 4.74 4.72 3.85 2.5 3.01 0.57 0 3.6 2.99 4.24 0.51 3.91 5.39 2.09 0.47 2.27 1.23 1.21 3.35 3.37 4.34 5.02 1.63 4.74 3.08 0.97 2.74 
1.5 0.2 3.2 0.9 1.9 2.22 2.94 1.27 2.98 0.72 1.63 2.98 1.51 3.97 2.15 2.43 4.45 1.62 3.66 2.86 4.11 3.36 1.81 1.55 1.16 1.13 1.96 2.53 2.77 3.85 3.6 0 1.39 1.21 3.58 1.92 1.85 2.13 4.02 2.47 2.4 3.13 0.7 2.67 0.82 1.42 2.02 1.57 1.5 3.34 0.93 
1.12 1.24 3.89 0.53 2 3.36 2.55 0.41 1.7 0.93 0.78 1.6 1.98 3.54 3.01 1.17 3.69 2.72 2.28 3.7 2.76 2.39 2.72 1.57 2.18 2.35 3.1 1.18 1.39 3.04 2.99 1.39 0 2.58 2.78 1.03 2.64 0.99 3.45 2.87 2.04 3 0.72 3.51 1.71 2.57 1.43 1.81 0.17 2.4 0.83 
2.37 1.39 2.76 2.07 2.33 1.34 3.49 2.39 4.07 1.88 2.81 4.15 2.19 4.45 1.72 3.63 5.13 1.01 4.83 2.29 5.32 4.24 1.92 2.17 1.45 1.1 1.14 3.67 3.96 4.61 4.24 1.21 2.58 0 4.35 3.08 2.1 3.19 4.59 2.47 3.03 3.45 1.9 2.13 1.51 1.33 2.86 2.38 2.7 4.21 1.95 
2.08 3.56 3.63 2.9 2.1 4.26 1.08 2.54 1.69 3.55 3.49 2.39 4.71 1.19 3.47 3.24 0.92 3.77 2.6 3.83 3.63 0.55 5.32 2.18 4.69 4.71 4.08 2.12 2.61 0.28 0.51 3.58 2.78 4.35 0 3.64 5.3 1.82 0.87 2.6 1.35 1.63 3.23 3.71 4.26 5 1.56 4.57 2.85 0.5 2.68 
2.14 1.72 4.84 1.37 3.01 4.11 3.55 1.43 2.23 1.21 0.3 1.79 1.62 4.51 3.89 0.76 4.54 3.48 2.35 4.6 2.42 3.18 2.51 2.57 2.16 2.47 3.85 1.65 1.47 3.89 3.91 1.92 1.03 3.08 3.64 0 2.35 1.83 4.38 3.86 3.05 4.03 1.3 4.4 1.77 2.6 2.43 1.35 0.89 3.2 1.77 
3.26 1.79 4.79 2.4 3.75 3.44 4.76 2.78 4.32 1.76 2.24 4.05 0.74 5.8 3.73 3.1 6.19 3.05 4.66 4.36 4.72 4.98 0.25 3.39 0.73 1.01 3.24 3.76 3.75 5.57 5.39 1.85 2.64 2.1 5.3 2.35 0 3.61 5.82 4.25 4.22 4.97 2.07 4.19 1.06 0.81 3.77 1.01 2.64 4.98 2.65 
0.95 2.04 3.76 1.27 1.74 3.65 1.83 0.88 0.89 1.86 1.67 1.19 2.97 2.71 3.08 1.54 2.73 3.02 1.8 3.7 2.6 1.41 3.67 1.42 3.09 3.21 3.41 0.66 1.19 2.08 2.09 2.13 0.99 3.19 1.82 1.83 3.61 0 2.56 2.63 1.41 2.39 1.58 3.52 2.64 3.46 0.83 2.8 1.04 1.41 1.25 
2.57 4.04 3.32 3.47 2.27 4.24 1.11 3.15 2.55 4.12 4.2 3.25 5.29 0.41 3.41 4.04 0.68 3.86 3.46 3.62 4.49 1.42 5.81 2.5 5.17 5.12 4.12 2.94 3.45 0.78 0.47 4.02 3.45 4.59 0.87 4.38 5.82 2.56 0 2.46 1.62 1.32 3.79 3.54 4.77 5.42 2.08 5.19 3.55 1.36 3.18 
1.8 2.6 1.14 2.51 0.91 1.81 1.52 2.46 3.32 2.97 3.57 3.8 3.98 2.19 0.97 3.97 3.11 1.54 4.36 1.24 5.23 2.8 4.15 1.31 3.53 3.33 1.71 3.28 3.8 2.79 2.27 2.47 2.87 2.47 2.6 3.86 4.25 2.63 2.46 0 1.42 1.15 2.69 1.12 3.28 3.62 1.83 4.01 3.03 2.74 2.1 
1 2.43 2.55 1.93 0.75 2.93 0.55 1.67 1.95 2.56 2.81 2.51 3.73 1.59 2.17 2.92 2.11 2.42 3.01 2.63 3.93 1.42 4.2 0.88 3.55 3.51 2.75 2.03 2.58 1.6 1.23 2.4 2.04 3.03 1.35 3.05 4.22 1.41 1.62 1.42 0 1 2.23 2.48 3.17 3.8 0.63 3.65 2.17 1.36 1.59 
1.92 3.2 2.03 2.83 1.23 2.95 0.65 2.62 2.82 3.43 3.78 3.44 4.56 1.05 2.11 3.91 1.99 2.62 3.87 2.3 4.84 1.98 4.92 1.61 4.27 4.15 2.84 2.98 3.54 1.77 1.21 3.13 3 3.45 1.63 4.03 4.97 2.39 1.32 1.15 1 0 3.1 2.22 3.93 4.45 1.62 4.52 3.14 1.92 2.45 
1.24 0.53 3.59 0.34 1.94 2.82 2.78 0.72 2.39 0.33 1 2.32 1.5 3.81 2.6 1.75 4.14 2.19 2.99 3.32 3.42 2.92 2.11 1.51 1.51 1.64 2.56 1.89 2.09 3.51 3.35 0.7 0.72 1.9 3.23 1.3 2.07 1.58 3.79 2.69 2.23 3.1 0 3.12 1.06 1.89 1.72 1.43 0.82 2.92 0.66 
2.6 2.85 0.64 3.05 1.83 0.97 2.64 3.13 4.3 3.32 4.1 4.7 4.1 3.24 0.52 4.67 4.2 1.15 5.31 0.2 6.1 3.89 4.03 2.11 3.48 3.19 1.03 4.17 4.65 3.9 3.37 2.67 3.51 2.13 3.71 4.4 4.19 3.52 3.54 1.12 2.48 2.22 3.12 0 3.37 3.44 2.78 4.21 3.67 3.83 2.68 
2.21 0.74 3.94 1.39 2.71 2.77 3.71 1.78 3.41 0.79 1.56 3.25 0.74 4.75 2.87 2.45 5.16 2.26 3.91 3.56 4.16 3.98 1.06 2.34 0.47 0.71 2.53 2.88 2.98 4.54 4.34 0.82 1.71 1.51 4.26 1.77 1.06 2.64 4.77 3.28 3.17 3.93 1.06 3.37 0 0.88 2.72 0.88 1.75 3.97 1.6 
2.92 1.45 4.06 2.2 3.24 2.65 4.33 2.59 4.26 1.65 2.41 4.12 1.17 5.35 3 3.31 5.86 2.31 4.78 3.61 5.01 4.76 0.61 2.93 0.44 0.31 2.47 3.74 3.86 5.27 5.02 1.42 2.57 1.33 5 2.6 0.81 3.46 5.42 3.62 3.8 4.45 1.89 3.44 0.88 0 3.44 1.44 2.62 4.74 2.33 
0.53 2.01 2.96 1.4 0.96 3.04 1.13 1.09 1.52 2.05 2.21 1.98 3.22 2.13 2.38 2.31 2.44 2.46 2.54 2.95 3.41 1.39 3.78 0.76 3.14 3.15 2.82 1.47 2.01 1.83 1.63 2.02 1.43 2.86 1.56 2.43 3.77 0.83 2.08 1.83 0.63 1.62 1.72 2.78 2.72 3.44 0 3.12 1.56 1.36 1.13 
2.66 1.42 4.76 1.73 3.33 3.64 4.2 2.05 3.42 1.1 1.28 3.09 0.3 5.23 3.7 2.1 5.49 3.12 3.68 4.4 3.72 4.2 1.2 2.92 1.05 1.43 3.41 2.84 2.78 4.84 4.74 1.57 1.81 2.38 4.57 1.35 1.01 2.8 5.19 4.01 3.65 4.52 1.43 4.21 0.88 1.44 3.12 0 1.77 4.2 2.08 
1.27 1.34 4.05 0.67 2.15 3.51 2.68 0.57 1.69 0.97 0.66 1.52 1.96 3.65 3.16 1.02 3.77 2.87 2.19 3.86 2.63 2.45 2.73 1.72 2.21 2.41 3.25 1.14 1.28 3.11 3.08 1.5 0.17 2.7 2.85 0.89 2.64 1.04 3.55 3.03 2.17 3.14 0.82 3.67 1.75 2.62 1.56 1.77 0 2.45 0.99 
1.86 3.29 3.83 2.59 2.09 4.27 1.29 2.2 1.19 3.22 3.07 1.89 4.36 1.66 3.53 2.76 1.35 3.74 2.11 3.96 3.14 0.07 5.02 2.07 4.41 4.46 4.08 1.64 2.12 0.7 0.97 3.34 2.4 4.21 0.5 3.2 4.98 1.41 1.36 2.74 1.36 1.92 2.92 3.83 3.97 4.74 1.36 4.2 2.45 0 2.42 
0.61 0.89 3.08 0.42 1.3 2.56 2.14 0.49 2.13 0.98 1.48 2.25 2.14 3.18 2.18 2 3.56 1.92 2.92 2.87 3.54 2.44 2.65 0.87 2.02 2.05 2.31 1.74 2.11 2.95 2.74 0.93 0.83 1.95 2.68 1.77 2.65 1.25 3.18 2.1 1.59 2.45 0.66 2.68 1.6 2.33 1.13 2.08 0.99 2.42 0 
