Number_Of_Customers: 70
Vehicle_Capacity:    50
Alpha:               0.75
Number_Of_Scenarios: 10

Location_Coordinates:
0 0 0
1 1.91175 0.826472
2 0.509995 1.49058
3 2.21424 -0.252339
4 -1.05845 0.560441
5 -0.661774 -2.44383
6 1.52065 -2.4099
7 1.82188 0.324174
8 -1.61205 1.22408
9 -1.89945 0.869662
10 1.41318 1.30176
11 -1.32711 0.201186
12 1.3404 -1.8964
13 2.1845 -0.0328141
14 -1.50642 1.64686
15 -1.16396 2.27903
16 -1.34305 2.31901
17 0.539479 2.01668
18 -0.621742 0.38612
19 -0.474729 1.23116
20 2.08304 -0.390888
21 0.337286 -1.23214
22 1.4468 1.35032
23 -0.179553 2.25526
24 -0.795735 1.08481
25 2.37218 -0.714353
26 -1.12905 -0.876206
27 -1.40165 -2.47276
28 0.261247 0.771067
29 -0.668915 -2.4506
30 -2.22682 -1.18055
31 -1.48024 1.63806
32 0.955303 0.779885
33 -2.47094 0.932788
34 2.3628 1.58877
35 2.41641 -2.4234
36 -0.129329 1.37071
37 2.46347 -1.43022
38 2.23908 2.17074
39 -1.30508 0.554215
40 -0.310075 -1.43585
41 -2.36572 -0.69313
42 0.562468 -1.60122
43 -1.70139 -0.227023
44 -0.569515 -1.84172
45 1.17705 -2.26617
46 2.44351 -1.95884
47 -2.27988 2.04197
48 -0.661591 0.633301
49 -1.1095 -2.28735
50 1.5875 1.08274
51 -2.33397 -2.00894
52 0.7356 -1.76597
53 -0.707459 -0.268923
54 0.204974 0.00114416
55 -0.770043 -2.11804
56 2.05802 -0.87373
57 0.227946 1.09535
58 -0.467226 2.32704
59 0.51813 -1.78944
60 -0.0917068 -1.31614
61 -0.399614 -1.31796
62 -0.886727 1.77829
63 -2.30499 0.00163929
64 -2.44846 -1.27635
65 -1.69302 0.345291
66 -1.68769 -0.0758079
67 0.897079 2.20887
68 -0.595954 -1.20051
69 -1.92026 1.12687
70 -0.721227 -1.65713

Demand_per_scenario:
1 5 6 7 5 7 5 6 6 5 7
2 4 6 4 5 3 6 5 4 5 6
3 8 7 9 10 8 8 11 9 10 9
4 4 4 5 3 5 4 4 2 4 4
5 3 5 4 5 2 4 3 4 3 3
6 5 7 4 4 6 6 4 5 5 5
7 9 7 9 7 8 7 6 7 8 6
8 5 3 5 2 3 5 4 3 5 3
9 7 5 8 6 6 6 6 7 8 6
10 6 6 7 6 5 8 4 5 5 3
11 7 5 7 5 7 6 8 7 6 6
12 7 6 6 5 7 6 6 7 6 7
13 6 7 5 6 6 7 6 7 7 7
14 7 7 5 8 5 8 6 5 7 9
15 4 5 6 5 4 6 5 4 4 5
16 4 4 4 4 5 3 4 5 6 2
17 7 8 5 6 6 5 6 4 7 5
18 4 4 3 4 7 4 4 5 4 4
19 5 5 5 5 5 5 5 4 7 3
20 3 2 3 2 3 2 2 3 3 2
21 5 8 7 6 7 6 6 5 4 7
22 3 4 3 4 4 4 2 3 4 5
23 7 9 8 8 10 9 8 9 9 8
24 6 8 6 4 7 6 7 7 6 6
25 6 5 5 5 4 6 5 6 5 5
26 6 7 7 7 5 4 4 5 6 4
27 6 7 6 7 6 8 5 6 6 8
28 4 7 5 6 5 8 6 6 7 6
29 7 8 7 6 7 8 7 6 8 6
30 7 7 6 9 6 9 7 6 8 6
31 8 7 9 8 6 8 8 6 8 7
32 1 3 5 2 5 5 4 2 2 5
33 5 5 4 4 4 5 4 7 4 6
34 9 8 7 7 8 9 8 9 5 7
35 3 6 3 5 5 5 5 4 5 4
36 5 5 5 5 5 5 5 3 5 6
37 3 3 2 3 2 2 3 3 3 5
38 5 6 7 5 6 6 7 6 5 7
39 6 7 4 6 6 9 5 6 7 7
40 9 7 8 7 7 9 8 8 7 8
41 4 3 2 3 3 2 2 4 6 5
42 6 4 3 3 5 3 2 2 3 3
43 5 6 6 4 3 3 4 5 4 4
44 6 7 6 6 9 7 7 9 7 7
45 6 6 7 6 7 5 7 7 7 7
46 5 5 7 2 2 4 3 4 5 2
47 7 5 5 7 5 6 6 5 8 7
48 4 5 5 5 5 7 6 5 5 3
49 7 7 4 8 8 5 5 7 6 7
50 6 7 9 6 7 7 6 6 7 9
51 6 5 5 8 6 7 7 5 5 6
52 4 4 6 2 5 3 4 3 4 5
53 4 4 2 1 2 3 4 5 4 4
54 5 5 6 5 6 6 6 6 6 7
55 3 6 4 2 3 3 3 3 1 3
56 5 5 5 3 6 5 4 5 5 6
57 4 3 2 2 3 3 1 1 3 2
58 4 4 6 4 4 6 6 8 3 6
59 8 8 8 9 6 6 7 5 9 8
60 6 6 7 4 7 7 6 5 6 6
61 5 6 5 6 5 3 5 4 5 5
62 6 5 5 5 5 5 5 5 5 4
63 2 4 7 4 5 3 5 3 4 4
64 2 3 3 3 3 3 4 5 3 5
65 6 6 5 7 6 6 6 5 6 5
66 7 7 8 8 7 6 7 7 4 7
67 6 7 6 6 8 7 6 7 8 4
68 9 6 7 7 9 8 8 8 7 9
69 5 5 4 7 5 4 4 5 5 5
70 5 6 7 6 4 4 6 5 7 5

Probability_of_each_scenario_occuring:
0.1 0.1 0.1 0.1 0.1 0.1 0.1 0.1 0.1 0.1 

Travel_Costs:
0 2.09 1.58 2.23 1.2 2.54 2.85 1.86 2.03 2.09 1.93 1.35 2.33 2.19 2.24 2.56 2.68 2.09 0.74 1.32 2.12 1.28 1.98 2.27 1.35 2.48 1.43 2.85 0.82 2.55 2.53 2.21 1.24 2.65 2.85 3.43 1.38 2.85 3.12 1.42 1.47 2.47 1.7 1.72 1.93 2.56 3.14 3.07 0.92 2.55 1.93 3.08 1.92 0.76 0.21 2.26 2.24 1.12 2.38 1.87 1.32 1.38 1.99 2.31 2.77 1.73 1.69 2.39 1.35 2.23 1.81 
2.09 0 1.56 1.13 2.99 4.17 3.26 0.52 3.55 3.82 0.69 3.3 2.79 0.91 3.52 3.41 3.59 1.82 2.58 2.43 1.23 2.6 0.71 2.54 2.72 1.61 3.49 4.68 1.66 4.18 4.6 3.49 0.96 4.39 0.89 3.29 2.12 2.33 1.39 3.23 3.18 4.54 2.78 3.77 3.65 3.18 2.84 4.37 2.59 4.34 0.42 5.11 2.85 2.84 1.9 3.99 1.71 1.71 2.82 2.97 2.94 3.16 2.96 4.3 4.85 3.64 3.72 1.72 3.23 3.85 3.62 
1.58 1.56 0 2.44 1.83 4.11 4.03 1.76 2.14 2.49 0.93 2.25 3.49 2.27 2.03 1.86 2.03 0.53 1.59 1.02 2.46 2.73 0.95 1.03 1.37 2.89 2.88 4.41 0.77 4.12 3.83 2 0.84 3.04 1.86 4.36 0.66 3.52 1.86 2.05 3.04 3.62 3.1 2.81 3.51 3.82 3.96 2.85 1.46 4.12 1.16 4.51 3.27 2.14 1.53 3.83 2.83 0.49 1.29 3.29 2.88 2.96 1.43 3.19 4.06 2.49 2.7 0.82 2.91 2.46 3.38 
2.23 1.13 2.44 0 3.38 3.62 2.27 0.7 4.11 4.27 1.75 3.58 1.87 0.23 4.18 4.23 4.39 2.83 2.91 3.08 0.2 2.12 1.78 3.47 3.3 0.49 3.41 4.25 2.21 3.63 4.54 4.16 1.63 4.84 1.85 2.19 2.86 1.21 2.43 3.62 2.79 4.61 2.14 3.92 3.21 2.27 1.73 5.05 3.01 3.9 1.48 4.88 2.12 2.93 2.03 3.52 0.65 2.41 3.73 2.29 2.54 2.83 3.71 4.53 4.78 3.96 3.91 2.8 2.97 4.36 3.26 
1.2 2.99 1.83 3.38 0 3.04 3.94 2.9 0.87 0.9 2.59 0.45 3.44 3.3 1.18 1.73 1.79 2.17 0.48 0.89 3.29 2.28 2.63 1.91 0.59 3.66 1.44 3.06 1.34 3.04 2.1 1.16 2.03 1.47 3.58 4.59 1.24 4.05 3.67 0.25 2.14 1.82 2.71 1.02 2.46 3.61 4.32 1.93 0.41 2.85 2.7 2.87 2.94 0.91 1.39 2.7 3.44 1.4 1.87 2.83 2.12 2 1.23 1.37 2.31 0.68 0.9 2.56 1.83 1.04 2.25 
2.54 4.17 4.11 3.62 3.04 0 2.19 3.72 3.79 3.54 4.29 2.73 2.08 3.74 4.18 4.75 4.82 4.62 2.84 3.68 3.43 1.58 4.35 4.73 3.54 3.5 1.64 0.75 3.35 0.01 2.02 4.17 3.61 3.84 5.05 3.08 3.86 3.29 5.46 3.07 1.07 2.45 1.49 2.45 0.61 1.85 3.15 4.77 3.08 0.48 4.19 1.73 1.56 2.18 2.6 0.35 3.15 3.65 4.78 1.35 1.27 1.16 4.23 2.95 2.14 2.98 2.59 4.91 1.25 3.79 0.79 
2.85 3.26 4.03 2.27 3.94 2.19 0 2.76 4.8 4.74 3.72 3.87 0.55 2.47 5.07 5.41 5.53 4.54 3.53 4.16 2.1 1.67 3.77 4.97 4.2 1.9 3.07 2.93 3.43 2.19 3.95 5.04 3.24 5.21 4.09 0.9 4.13 1.36 4.64 4.1 2.08 4.25 1.26 3.9 2.17 0.38 1.03 5.86 3.75 2.64 3.5 3.88 1.02 3.1 2.75 2.31 1.63 3.74 5.14 1.18 1.95 2.21 4.84 4.53 4.13 4.24 3.97 4.67 2.44 4.94 2.37 
1.86 0.52 1.76 0.7 2.9 3.72 2.76 0 3.55 3.77 1.06 3.16 2.28 0.51 3.59 3.57 3.75 2.13 2.45 2.47 0.77 2.16 1.1 2.79 2.73 1.18 3.19 4.27 1.63 3.73 4.32 3.56 0.98 4.34 1.38 2.82 2.22 1.87 1.9 3.14 2.77 4.31 2.31 3.57 3.23 2.67 2.37 4.45 2.51 3.93 0.8 4.77 2.36 2.6 1.65 3.57 1.23 1.78 3.05 2.49 2.53 2.77 3.08 4.14 4.57 3.52 3.54 2.1 2.86 3.83 3.23 
2.03 3.55 2.14 4.11 0.87 3.79 4.8 3.55 0 0.46 3.03 1.07 4.3 4 0.44 1.15 1.13 2.3 1.3 1.14 4.04 3.14 3.07 1.77 0.83 4.44 2.16 3.71 1.93 3.8 2.49 0.44 2.61 0.91 4 5.44 1.49 4.87 3.97 0.74 2.97 2.07 3.57 1.46 3.24 4.47 5.16 1.06 1.12 3.55 3.21 3.32 3.81 1.75 2.2 3.45 4.23 1.85 1.59 3.7 2.97 2.82 0.92 1.41 2.64 0.89 1.31 2.7 2.63 0.33 3.02 
2.09 3.82 2.49 4.27 0.9 3.54 4.74 3.77 0.46 0 3.35 0.89 4.27 4.19 0.88 1.59 1.56 2.7 1.37 1.47 4.18 3.07 3.39 2.21 1.13 4.56 1.91 3.38 2.17 3.55 2.08 0.88 2.86 0.58 4.33 5.43 1.84 4.94 4.34 0.68 2.81 1.64 3.49 1.12 3.02 4.4 5.19 1.24 1.27 3.26 3.5 2.92 3.73 1.65 2.28 3.2 4.33 2.14 2.05 3.6 2.84 2.66 1.37 0.96 2.22 0.57 0.97 3.11 2.45 0.26 2.79 
1.93 0.69 0.93 1.75 2.59 4.29 3.72 1.06 3.03 3.35 0 2.96 3.2 1.55 2.94 2.76 2.94 1.13 2.24 1.89 1.83 2.76 0.06 1.86 2.22 2.24 3.35 4.71 1.27 4.3 4.41 2.92 0.7 3.91 1 3.86 1.55 2.93 1.2 2.82 3.24 4.28 3.03 3.47 3.72 3.58 3.42 3.77 2.18 4.39 0.28 5.01 3.15 2.64 1.78 4.06 2.27 1.21 2.15 3.22 3.02 3.19 2.35 3.94 4.65 3.26 3.4 1.05 3.21 3.34 3.65 
1.35 3.3 2.25 3.58 0.45 2.73 3.87 3.16 1.07 0.89 2.96 0 3.4 3.52 1.46 2.09 2.12 2.61 0.73 1.34 3.47 2.2 3.01 2.36 1.04 3.82 1.1 2.68 1.69 2.74 1.65 1.45 2.36 1.36 3.95 4.58 1.68 4.13 4.08 0.36 1.93 1.38 2.62 0.57 2.18 3.52 4.35 2.08 0.8 2.5 3.05 2.43 2.86 0.78 1.55 2.39 3.56 1.8 2.3 2.72 1.96 1.78 1.64 1 1.86 0.4 0.46 3 1.59 1.1 1.96 
2.33 2.79 3.49 1.87 3.44 2.08 0.55 2.28 4.3 4.27 3.2 3.4 0 2.05 4.55 4.87 5 4 3.01 3.62 1.68 1.21 3.25 4.43 3.67 1.57 2.68 2.81 2.88 2.09 3.64 4.53 2.71 4.75 3.64 1.2 3.59 1.22 4.17 3.61 1.72 3.9 0.84 3.47 1.92 0.41 1.11 5.35 3.23 2.49 2.99 3.68 0.62 2.62 2.22 2.13 1.25 3.2 4.6 0.83 1.55 1.84 4.3 4.11 3.84 3.78 3.54 4.13 2.06 4.45 2.08 
2.19 0.91 2.27 0.23 3.3 3.74 2.47 0.51 4 4.19 1.55 3.52 2.05 0 4.06 4.07 4.24 2.63 2.84 2.95 0.38 2.21 1.57 3.29 3.19 0.71 3.42 4.34 2.09 3.75 4.56 4.03 1.48 4.76 1.64 2.41 2.71 1.43 2.21 3.54 2.87 4.6 2.26 3.9 3.3 2.46 1.95 4.93 2.93 4 1.27 4.94 2.26 2.91 1.98 3.62 0.86 2.26 3.55 2.43 2.62 2.89 3.57 4.49 4.8 3.9 3.88 2.59 3.02 4.27 3.33 
2.24 3.52 2.03 4.18 1.18 4.18 5.07 3.59 0.44 0.88 2.94 1.46 4.55 4.06 0 0.72 0.7 2.08 1.55 1.12 4.13 3.42 2.97 1.46 0.91 4.55 2.56 4.13 1.98 4.19 2.92 0.03 2.61 1.21 3.87 5.66 1.41 5.03 3.79 1.12 3.31 2.5 3.86 1.89 3.62 4.75 5.35 0.87 1.32 3.96 3.15 3.75 4.09 2.08 2.38 3.84 4.37 1.82 1.25 3.99 3.29 3.17 0.64 1.83 3.08 1.32 1.74 2.47 2.99 0.67 3.4 
2.56 3.41 1.86 4.23 1.73 4.75 5.41 3.57 1.15 1.59 2.76 2.09 4.87 4.07 0.72 0 0.19 1.73 1.97 1.26 4.21 3.82 2.78 0.99 1.25 4.64 3.16 4.76 2.08 4.76 3.62 0.72 2.6 1.88 3.6 5.92 1.38 5.19 3.41 1.74 3.82 3.21 4.25 2.57 4.17 5.12 5.57 1.15 1.73 4.57 3.01 4.45 4.47 2.59 2.66 4.42 4.51 1.83 0.7 4.41 3.76 3.68 0.58 2.55 3.79 2.01 2.42 2.07 3.53 1.38 3.97 
2.68 3.59 2.03 4.39 1.79 4.82 5.53 3.75 1.13 1.56 2.94 2.12 5 4.24 0.7 0.19 0 1.91 2.07 1.4 4.37 3.93 2.96 1.17 1.36 4.8 3.21 4.8 2.23 4.82 3.61 0.7 2.77 1.79 3.78 6.06 1.55 5.35 3.59 1.77 3.9 3.19 4.36 2.58 4.24 5.24 5.72 0.98 1.82 4.62 3.19 4.44 4.59 2.67 2.79 4.48 4.67 2 0.88 4.52 3.85 3.76 0.71 2.51 3.77 2.01 2.42 2.25 3.6 1.33 4.03 
2.09 1.82 0.53 2.83 2.17 4.62 4.54 2.13 2.3 2.7 1.13 2.61 4 2.63 2.08 1.73 1.91 0 2.01 1.29 2.86 3.26 1.13 0.76 1.63 3.29 3.34 4.9 1.28 4.63 4.23 2.06 1.31 3.2 1.88 4.83 0.93 3.95 1.71 2.36 3.56 3.98 3.62 3.18 4.02 4.34 4.41 2.82 1.84 4.61 1.41 4.95 3.79 2.61 2.05 4.34 3.27 0.98 1.06 3.81 3.4 3.47 1.45 3.49 4.45 2.79 3.06 0.41 3.42 2.62 3.89 
0.74 2.58 1.59 2.91 0.48 2.84 3.53 2.45 1.3 1.37 2.24 0.73 3.01 2.84 1.55 1.97 2.07 2.01 0 0.86 2.82 1.89 2.29 1.93 0.73 3.19 1.37 2.97 0.97 2.84 2.25 1.52 1.63 1.93 3.22 4.14 1.11 3.59 3.38 0.71 1.85 2.06 2.32 1.25 2.23 3.21 3.86 2.35 0.26 2.72 2.32 2.95 2.55 0.67 0.92 2.51 2.97 1.11 1.95 2.46 1.79 1.72 1.42 1.73 2.47 1.08 1.17 2.38 1.59 1.5 2.05 
1.32 2.43 1.02 3.08 0.89 3.68 4.16 2.47 1.14 1.47 1.89 1.34 3.62 2.95 1.12 1.26 1.4 1.29 0.86 0 3.03 2.6 1.93 1.07 0.36 3.45 2.21 3.82 0.87 3.69 2.99 1.09 1.5 2.02 2.86 4.66 0.38 3.97 2.88 1.08 2.68 2.7 3.02 1.91 3.08 3.87 4.33 1.98 0.63 3.58 2.07 3.74 3.24 1.52 1.41 3.37 3.3 0.72 1.1 3.18 2.58 2.56 0.69 2.21 3.2 1.51 1.79 1.69 2.44 1.45 2.9 
2.12 1.23 2.46 0.2 3.29 3.43 2.1 0.77 4.04 4.18 1.83 3.47 1.68 0.38 4.13 4.21 4.37 2.86 2.82 3.03 0 1.94 1.86 3.49 3.24 0.44 3.25 4.06 2.17 3.44 4.39 4.11 1.63 4.75 2 2.06 2.83 1.11 2.57 3.52 2.62 4.46 1.95 3.79 3.03 2.09 1.61 5 2.93 3.72 1.56 4.71 1.93 2.8 1.92 3.34 0.49 2.38 3.73 2.1 2.37 2.66 3.68 4.41 4.62 3.85 3.79 2.86 2.8 4.29 3.08 
1.28 2.6 2.73 2.12 2.28 1.58 1.67 2.16 3.14 3.07 2.76 2.2 1.21 2.21 3.42 3.82 3.93 3.26 1.89 2.6 1.94 0 2.82 3.53 2.58 2.1 1.51 2.14 2.01 1.59 2.57 3.4 2.11 3.55 3.48 2.4 2.65 2.14 3.9 2.43 0.68 2.76 0.44 2.28 1.1 1.34 2.23 4.2 2.12 1.8 2.64 2.79 0.67 1.43 1.25 1.42 1.76 2.34 3.65 0.59 0.44 0.75 3.25 2.92 2.79 2.58 2.34 3.49 0.94 3.27 1.15 
1.98 0.71 0.95 1.78 2.63 4.35 3.77 1.1 3.07 3.39 0.06 3.01 3.25 1.57 2.97 2.78 2.96 1.13 2.29 1.93 1.86 2.82 0 1.87 2.26 2.27 3.41 4.77 1.32 4.36 4.47 2.95 0.76 3.94 0.95 3.9 1.58 2.97 1.15 2.87 3.3 4.33 3.09 3.53 3.78 3.63 3.46 3.8 2.23 4.45 0.31 5.06 3.2 2.7 1.84 4.12 2.31 1.25 2.15 3.28 3.08 3.25 2.38 3.99 4.7 3.3 3.45 1.02 3.27 3.38 3.71 
2.27 2.54 1.03 3.47 1.91 4.73 4.97 2.79 1.77 2.21 1.86 2.36 4.43 3.29 1.46 0.99 1.17 0.76 1.93 1.07 3.49 3.53 1.87 0 1.33 3.92 3.28 4.89 1.55 4.74 4 1.44 1.87 2.65 2.63 5.36 0.89 4.54 2.43 2.04 3.7 3.68 3.93 2.92 4.12 4.73 4.97 2.12 1.7 4.64 2.13 4.78 4.13 2.58 2.29 4.42 3.85 1.23 0.3 4.11 3.58 3.58 0.86 3.1 4.2 2.44 2.78 1.08 3.49 2.08 3.95 
1.35 2.72 1.37 3.3 0.59 3.54 4.2 2.73 0.83 1.13 2.22 1.04 3.67 3.19 0.91 1.25 1.36 1.63 0.73 0.36 3.24 2.58 2.26 1.33 0 3.65 1.99 3.61 1.11 3.54 2.68 0.89 1.78 1.69 3.2 4.76 0.73 4.12 3.23 0.74 2.57 2.38 3.01 1.6 2.94 3.89 4.45 1.77 0.48 3.39 2.39 3.46 3.24 1.36 1.48 3.21 3.47 1.03 1.29 3.17 2.51 2.44 0.7 1.86 2.89 1.17 1.47 2.04 2.3 1.13 2.75 
2.48 1.61 2.89 0.49 3.66 3.5 1.9 1.18 4.44 4.56 2.24 3.82 1.57 0.71 4.55 4.64 4.8 3.29 3.19 3.45 0.44 2.1 2.27 3.92 3.65 0 3.51 4.17 2.59 3.51 4.63 4.52 2.06 5.12 2.31 1.71 3.26 0.73 2.89 3.89 2.78 4.74 2.02 4.11 3.16 1.96 1.25 5.41 3.32 3.83 1.97 4.89 1.95 3.12 2.29 3.45 0.36 2.81 4.17 2.15 2.54 2.84 4.11 4.74 4.86 4.21 4.11 3.28 3.01 4.68 3.24 
1.43 3.49 2.88 3.41 1.44 1.64 3.07 3.19 2.16 1.91 3.35 1.1 2.68 3.42 2.56 3.16 3.21 3.34 1.37 2.21 3.25 1.51 3.41 3.28 1.99 3.51 0 1.62 2.16 1.65 1.14 2.54 2.67 2.26 4.28 3.87 2.46 3.64 4.55 1.45 1 1.26 1.85 0.87 1.12 2.7 3.74 3.14 1.59 1.42 3.35 1.66 2.07 0.74 1.6 1.3 3.19 2.4 3.28 1.89 1.13 0.86 2.67 1.47 1.38 1.35 0.98 3.7 0.63 2.16 0.89 
2.85 4.68 4.41 4.25 3.06 0.75 2.93 4.27 3.71 3.38 4.71 2.68 2.81 4.34 4.13 4.76 4.8 4.9 2.97 3.82 4.06 2.14 4.77 4.89 3.61 4.17 1.62 0 3.65 0.74 1.54 4.12 4.02 3.57 5.54 3.82 4.05 4.01 5.91 3.03 1.51 2.03 2.15 2.27 1.05 2.59 3.88 4.6 3.2 0.35 4.65 1.05 2.26 2.32 2.95 0.73 3.82 3.93 4.89 2.04 1.75 1.53 4.29 2.64 1.59 2.84 2.42 5.22 1.51 3.64 1.07 
0.82 1.66 0.77 2.21 1.34 3.35 3.43 1.63 1.93 2.17 1.27 1.69 2.88 2.09 1.98 2.08 2.23 1.28 0.97 0.87 2.17 2.01 1.32 1.55 1.11 2.59 2.16 3.65 0 3.36 3.17 1.95 0.7 2.74 2.26 3.86 0.72 3.12 2.43 1.59 2.28 3.01 2.4 2.21 2.75 3.18 3.5 2.85 0.94 3.36 1.37 3.81 2.59 1.43 0.78 3.07 2.44 0.33 1.72 2.58 2.12 2.2 1.53 2.68 3.4 2.01 2.13 1.58 2.15 2.22 2.62 
2.55 4.18 4.12 3.63 3.04 0.01 2.19 3.73 3.8 3.55 4.3 2.74 2.09 3.75 4.19 4.76 4.82 4.63 2.84 3.69 3.44 1.59 4.36 4.74 3.54 3.51 1.65 0.74 3.36 0 2.02 4.17 3.62 3.84 5.06 3.09 3.86 3.3 5.47 3.08 1.08 2.45 1.5 2.46 0.62 1.86 3.16 4.78 3.09 0.47 4.2 1.73 1.57 2.19 2.61 0.35 3.16 3.66 4.79 1.36 1.28 1.17 4.24 2.95 2.14 2.98 2.59 4.92 1.26 3.8 0.8 
2.53 4.6 3.83 4.54 2.1 2.02 3.95 4.32 2.49 2.08 4.41 1.65 3.64 4.56 2.92 3.62 3.61 4.23 2.25 2.99 4.39 2.57 4.47 4 2.68 4.63 1.14 1.54 3.17 2.02 0 2.92 3.74 2.13 5.37 4.81 3.31 4.7 5.59 1.97 1.94 0.51 2.83 1.09 1.79 3.58 4.74 3.23 2.4 1.58 4.44 0.84 3.02 1.78 2.71 1.74 4.3 3.35 3.93 2.82 2.14 1.84 3.25 1.19 0.25 1.62 1.23 4.61 1.64 2.33 1.58 
2.21 3.49 2 4.16 1.16 4.17 5.04 3.56 0.44 0.88 2.92 1.45 4.53 4.03 0.03 0.72 0.7 2.06 1.52 1.09 4.11 3.4 2.95 1.44 0.89 4.52 2.54 4.12 1.95 4.17 2.92 0 2.59 1.22 3.85 5.63 1.38 5 3.76 1.1 3.29 2.5 3.83 1.88 3.6 4.73 5.33 0.9 1.3 3.95 3.12 3.75 4.07 2.06 2.35 3.83 4.34 1.8 1.23 3.97 3.27 3.15 0.61 1.84 3.08 1.32 1.73 2.45 2.98 0.68 3.39 
1.24 0.96 0.84 1.63 2.03 3.61 3.24 0.98 2.61 2.86 0.7 2.36 2.71 1.48 2.61 2.6 2.77 1.31 1.63 1.5 1.63 2.11 0.76 1.87 1.78 2.06 2.67 4.02 0.7 3.62 3.74 2.59 0 3.43 1.63 3.53 1.24 2.68 1.9 2.28 2.56 3.64 2.42 2.85 3.04 3.06 3.12 3.48 1.63 3.7 0.71 4.32 2.56 1.97 1.09 3.38 1.99 0.8 2.11 2.61 2.35 2.5 2.1 3.36 3.98 2.69 2.78 1.44 2.52 2.9 2.96 
2.65 4.39 3.04 4.84 1.47 3.84 5.21 4.34 0.91 0.58 3.91 1.36 4.75 4.76 1.21 1.88 1.79 3.2 1.93 2.02 4.75 3.55 3.94 2.65 1.69 5.12 2.26 3.57 2.74 3.84 2.13 1.22 3.43 0 4.88 5.93 2.39 5.48 4.87 1.23 3.21 1.63 3.96 1.4 3.37 4.86 5.71 1.13 1.84 3.5 4.07 2.95 4.2 2.14 2.84 3.5 4.88 2.71 2.45 4.05 3.28 3.06 1.8 0.95 2.21 0.98 1.28 3.61 2.85 0.59 3.13 
2.85 0.89 1.86 1.85 3.58 5.05 4.09 1.38 4 4.33 1 3.95 3.64 1.64 3.87 3.6 3.78 1.88 3.22 2.86 2 3.48 0.95 2.63 3.2 2.31 4.28 5.54 2.26 5.06 5.37 3.85 1.63 4.88 0 4.02 2.51 3.03 0.6 3.82 4.04 5.26 3.67 4.46 4.52 4.04 3.55 4.67 3.18 5.21 0.93 5.92 3.73 3.59 2.68 4.86 2.49 2.2 2.93 3.85 3.81 4.01 3.26 4.94 5.6 4.25 4.38 1.6 4.07 4.31 4.48 
3.43 3.29 4.36 2.19 4.59 3.08 0.9 2.82 5.44 5.43 3.86 4.58 1.2 2.41 5.66 5.92 6.06 4.83 4.14 4.66 2.06 2.4 3.9 5.36 4.76 1.71 3.87 3.82 3.86 3.09 4.81 5.63 3.53 5.93 4.02 0 4.57 1 4.6 4.77 2.9 5.09 2.03 4.67 3.05 1.25 0.47 6.49 4.34 3.53 3.61 4.77 1.81 3.8 3.29 3.21 1.6 4.15 5.56 2.01 2.75 3.03 5.35 5.31 5 4.96 4.73 4.88 3.26 5.61 3.23 
1.38 2.12 0.66 2.86 1.24 3.86 4.13 2.22 1.49 1.84 1.55 1.68 3.59 2.71 1.41 1.38 1.55 0.93 1.11 0.38 2.83 2.65 1.58 0.89 0.73 3.26 2.46 4.05 0.72 3.86 3.31 1.38 1.24 2.39 2.51 4.57 0 3.82 2.5 1.44 2.82 3.05 3.06 2.25 3.25 3.87 4.21 2.26 0.91 3.79 1.75 4.04 3.26 1.74 1.41 3.55 3.14 0.46 1.02 3.23 2.69 2.71 0.87 2.58 3.52 1.87 2.13 1.33 2.62 1.81 3.09 
2.85 2.33 3.52 1.21 4.05 3.29 1.36 1.87 4.87 4.94 2.93 4.13 1.22 1.43 5.03 5.19 5.35 3.95 3.59 3.97 1.11 2.14 2.97 4.54 4.12 0.73 3.64 4.01 3.12 3.3 4.7 5 2.68 5.48 3.03 1 3.82 0 3.61 4.26 2.78 4.89 1.91 4.34 3.07 1.54 0.53 5.88 3.75 3.68 2.67 4.84 1.77 3.38 2.68 3.31 0.69 3.38 4.77 1.98 2.56 2.87 4.64 4.98 4.92 4.52 4.37 3.97 3.07 5.08 3.2 
3.12 1.39 1.86 2.43 3.67 5.46 4.64 1.9 3.97 4.34 1.2 4.08 4.17 2.21 3.79 3.41 3.59 1.71 3.38 2.88 2.57 3.9 1.15 2.43 3.23 2.89 4.55 5.91 2.43 5.47 5.59 3.76 1.9 4.87 0.6 4.6 2.5 3.61 0 3.9 4.42 5.43 4.13 4.62 4.9 4.57 4.14 4.53 3.29 5.58 1.27 6.2 4.22 3.83 2.98 5.24 3.05 2.29 2.72 4.32 4.2 4.38 3.16 5.04 5.82 4.34 4.53 1.35 4.41 4.29 4.84 
1.42 3.23 2.05 3.62 0.25 3.07 4.1 3.14 0.74 0.68 2.82 0.36 3.61 3.54 1.12 1.74 1.77 2.36 0.71 1.08 3.52 2.43 2.87 2.04 0.74 3.89 1.45 3.03 1.59 3.08 1.97 1.1 2.28 1.23 3.82 4.77 1.44 4.26 3.9 0 2.23 1.64 2.86 0.88 2.51 3.76 4.52 1.78 0.65 2.85 2.95 2.77 3.09 1.02 1.61 2.73 3.66 1.63 1.97 2.97 2.23 2.08 1.3 1.15 2.16 0.45 0.74 2.76 1.9 0.85 2.29 
1.47 3.18 3.04 2.79 2.14 1.07 2.08 2.77 2.97 2.81 3.24 1.93 1.72 2.87 3.31 3.82 3.9 3.56 1.85 2.68 2.62 0.68 3.3 3.7 2.57 2.78 1 1.51 2.28 1.08 1.94 3.29 2.56 3.21 4.04 2.9 2.82 2.78 4.42 2.23 0 2.19 0.89 1.85 0.49 1.71 2.81 4 2.1 1.17 3.16 2.11 1.1 1.24 1.53 0.83 2.44 2.59 3.77 0.91 0.25 0.15 3.27 2.46 2.15 2.26 1.94 3.84 0.38 3.03 0.47 
2.47 4.54 3.62 4.61 1.82 2.45 4.25 4.31 2.07 1.64 4.28 1.38 3.9 4.6 2.5 3.21 3.19 3.98 2.06 2.7 4.46 2.76 4.33 3.68 2.38 4.74 1.26 2.03 3.01 2.45 0.51 2.5 3.64 1.63 5.26 5.09 3.05 4.89 5.43 1.64 2.19 0 3.07 0.82 2.14 3.88 4.98 2.74 2.16 2.03 4.34 1.32 3.29 1.72 2.67 2.14 4.43 3.16 3.57 3.09 2.36 2.07 2.89 0.7 0.59 1.24 0.92 4.37 1.85 1.88 1.91 
1.7 2.78 3.1 2.14 2.71 1.49 1.26 2.31 3.57 3.49 3.03 2.62 0.84 2.26 3.86 4.25 4.36 3.62 2.32 3.02 1.95 0.44 3.09 3.93 3.01 2.02 1.85 2.15 2.4 1.5 2.83 3.83 2.42 3.96 3.67 2.03 3.06 1.91 4.13 2.86 0.89 3.07 0 2.65 1.16 0.91 1.92 4.63 2.55 1.81 2.88 2.93 0.24 1.85 1.65 1.43 1.67 2.72 4.07 0.2 0.72 1.01 3.68 3.29 3.03 2.98 2.72 3.83 1.23 3.69 1.29 
1.72 3.77 2.81 3.92 1.02 2.45 3.9 3.57 1.46 1.12 3.47 0.57 3.47 3.9 1.89 2.57 2.58 3.18 1.25 1.91 3.79 2.28 3.53 2.92 1.6 4.11 0.87 2.27 2.21 2.46 1.09 1.88 2.85 1.4 4.46 4.67 2.25 4.34 4.62 0.88 1.85 0.82 2.65 0 1.98 3.53 4.5 2.35 1.35 2.15 3.55 1.9 2.89 1 1.92 2.11 3.82 2.34 2.84 2.72 1.95 1.7 2.17 0.65 1.29 0.58 0.16 3.57 1.48 1.38 1.74 
1.93 3.65 3.51 3.21 2.46 0.61 2.17 3.23 3.24 3.02 3.72 2.18 1.92 3.3 3.62 4.17 4.24 4.02 2.23 3.08 3.03 1.1 3.78 4.12 2.94 3.16 1.12 1.05 2.75 0.62 1.79 3.6 3.04 3.37 4.52 3.05 3.25 3.07 4.9 2.51 0.49 2.14 1.16 1.98 0 1.8 3.02 4.25 2.48 0.71 3.64 1.78 1.31 1.58 2 0.35 2.81 3.05 4.18 1.09 0.72 0.56 3.64 2.54 1.97 2.46 2.1 4.31 0.65 3.27 0.24 
2.56 3.18 3.82 2.27 3.61 1.85 0.38 2.67 4.47 4.4 3.58 3.52 0.41 2.46 4.75 5.12 5.24 4.34 3.21 3.87 2.09 1.34 3.63 4.73 3.89 1.96 2.7 2.59 3.18 1.86 3.58 4.73 3.06 4.86 4.04 1.25 3.87 1.54 4.57 3.76 1.71 3.88 0.91 3.53 1.8 0 1.31 5.53 3.44 2.29 3.38 3.53 0.67 2.75 2.47 1.96 1.65 3.5 4.88 0.82 1.59 1.84 4.55 4.16 3.76 3.89 3.61 4.49 2.07 4.6 2 
3.14 2.84 3.96 1.73 4.32 3.15 1.03 2.37 5.16 5.19 3.42 4.35 1.11 1.95 5.35 5.57 5.72 4.41 3.86 4.33 1.61 2.23 3.46 4.97 4.45 1.25 3.74 3.88 3.5 3.16 4.74 5.33 3.12 5.71 3.55 0.47 4.21 0.53 4.14 4.52 2.81 4.98 1.92 4.5 3.02 1.31 0 6.2 4.05 3.57 3.16 4.78 1.72 3.58 2.98 3.22 1.16 3.78 5.19 1.94 2.62 2.92 5.01 5.14 4.94 4.74 4.55 4.45 3.14 5.35 3.18 
3.07 4.37 2.85 5.05 1.93 4.77 5.86 4.45 1.06 1.24 3.77 2.08 5.35 4.93 0.87 1.15 0.98 2.82 2.35 1.98 5 4.2 3.8 2.12 1.77 5.41 3.14 4.6 2.85 4.78 3.23 0.9 3.48 1.13 4.67 6.49 2.26 5.88 4.53 1.78 4 2.74 4.63 2.35 4.25 5.53 6.2 0 2.15 4.49 3.99 4.06 4.86 2.8 3.22 4.43 5.23 2.69 1.84 4.75 4.01 3.86 1.42 2.05 3.33 1.8 2.2 3.19 3.66 0.99 4.02 
0.92 2.59 1.46 3.01 0.41 3.08 3.75 2.51 1.12 1.27 2.18 0.8 3.23 2.93 1.32 1.73 1.82 1.84 0.26 0.63 2.93 2.12 2.23 1.7 0.48 3.32 1.59 3.2 0.94 3.09 2.4 1.3 1.63 1.84 3.18 4.34 0.91 3.75 3.29 0.65 2.1 2.16 2.55 1.35 2.48 3.44 4.05 2.15 0 2.96 2.3 3.13 2.78 0.91 1.08 2.76 3.11 1.01 1.71 2.7 2.04 1.97 1.17 1.77 2.62 1.08 1.25 2.22 1.84 1.36 2.3 
2.55 4.34 4.12 3.9 2.85 0.48 2.64 3.93 3.55 3.26 4.39 2.5 2.49 4 3.96 4.57 4.62 4.61 2.72 3.58 3.72 1.8 4.45 4.64 3.39 3.83 1.42 0.35 3.36 0.47 1.58 3.95 3.7 3.5 5.21 3.53 3.79 3.68 5.58 2.85 1.17 2.03 1.81 2.15 0.71 2.29 3.57 4.49 2.96 0 4.32 1.26 1.92 2.06 2.64 0.38 3.47 3.64 4.66 1.71 1.41 1.21 4.08 2.59 1.68 2.7 2.29 4.93 1.21 3.51 0.75 
1.93 0.42 1.16 1.48 2.7 4.19 3.5 0.8 3.21 3.5 0.28 3.05 2.99 1.27 3.15 3.01 3.19 1.41 2.32 2.07 1.56 2.64 0.31 2.13 2.39 1.97 3.35 4.65 1.37 4.2 4.44 3.12 0.71 4.07 0.93 3.61 1.75 2.67 1.27 2.95 3.16 4.34 2.88 3.55 3.64 3.38 3.16 3.99 2.3 4.32 0 5 2.98 2.67 1.76 3.98 2.02 1.36 2.41 3.07 2.93 3.12 2.58 4.04 4.68 3.37 3.48 1.33 3.16 3.51 3.59 
3.08 5.11 4.51 4.88 2.87 1.73 3.88 4.77 3.32 2.92 5.01 2.43 3.68 4.94 3.75 4.45 4.44 4.95 2.95 3.74 4.71 2.79 5.06 4.78 3.46 4.89 1.66 1.05 3.81 1.73 0.84 3.75 4.32 2.95 5.92 4.77 4.04 4.84 6.2 2.77 2.11 1.32 2.93 1.9 1.78 3.53 4.78 4.06 3.13 1.26 5 0 3.08 2.39 3.24 1.57 4.54 4.03 4.73 2.87 2.35 2.06 4.06 2.02 0.75 2.44 2.04 5.32 1.92 3.17 1.66 
1.92 2.85 3.27 2.12 2.94 1.56 1.02 2.36 3.81 3.73 3.15 2.86 0.62 2.26 4.09 4.47 4.59 3.79 2.55 3.24 1.93 0.67 3.2 4.13 3.24 1.95 2.07 2.26 2.59 1.57 3.02 4.07 2.56 4.2 3.73 1.81 3.26 1.77 4.22 3.09 1.1 3.29 0.24 2.89 1.31 0.67 1.72 4.86 2.78 1.92 2.98 3.08 0 2.08 1.85 1.55 1.6 2.91 4.27 0.22 0.95 1.23 3.9 3.52 3.23 3.22 2.96 3.98 1.45 3.93 1.47 
0.76 2.84 2.14 2.93 0.91 2.18 3.1 2.6 1.75 1.65 2.64 0.78 2.62 2.91 2.08 2.59 2.67 2.61 0.67 1.52 2.8 1.43 2.7 2.58 1.36 3.12 0.74 2.32 1.43 2.19 1.78 2.06 1.97 2.14 3.59 3.8 1.74 3.38 3.83 1.02 1.24 1.72 1.85 1 1.58 2.75 3.58 2.8 0.91 2.06 2.67 2.39 2.08 0 0.96 1.86 2.84 1.66 2.61 1.96 1.22 1.1 2.06 1.63 2.02 1.17 1 2.96 0.94 1.85 1.39 
0.21 1.9 1.53 2.03 1.39 2.6 2.75 1.65 2.2 2.28 1.78 1.55 2.22 1.98 2.38 2.66 2.79 2.05 0.92 1.41 1.92 1.25 1.84 2.29 1.48 2.29 1.6 2.95 0.78 2.61 2.71 2.35 1.09 2.84 2.68 3.29 1.41 2.68 2.98 1.61 1.53 2.67 1.65 1.92 2 2.47 2.98 3.22 1.08 2.64 1.76 3.24 1.85 0.96 0 2.34 2.05 1.1 2.43 1.82 1.36 1.46 2.09 2.51 2.95 1.93 1.9 2.32 1.45 2.41 1.9 
2.26 3.99 3.83 3.52 2.7 0.35 2.31 3.57 3.45 3.2 4.06 2.39 2.13 3.62 3.84 4.42 4.48 4.34 2.51 3.37 3.34 1.42 4.12 4.42 3.21 3.45 1.3 0.73 3.07 0.35 1.74 3.83 3.38 3.5 4.86 3.21 3.55 3.31 5.24 2.73 0.83 2.14 1.43 2.11 0.35 1.96 3.22 4.43 2.76 0.38 3.98 1.57 1.55 1.86 2.34 0 3.09 3.37 4.46 1.33 1.06 0.89 3.9 2.62 1.88 2.64 2.24 4.64 0.94 3.45 0.47 
2.24 1.71 2.83 0.65 3.44 3.15 1.63 1.23 4.23 4.33 2.27 3.56 1.25 0.86 4.37 4.51 4.67 3.27 2.97 3.3 0.49 1.76 2.31 3.85 3.47 0.36 3.19 3.82 2.44 3.16 4.3 4.34 1.99 4.88 2.49 1.6 3.14 0.69 3.05 3.66 2.44 4.43 1.67 3.82 2.81 1.65 1.16 5.23 3.11 3.47 2.02 4.54 1.6 2.84 2.05 3.09 0 2.69 4.08 1.8 2.2 2.5 3.97 4.45 4.53 3.95 3.83 3.3 2.68 4.46 2.89 
1.12 1.71 0.49 2.41 1.4 3.65 3.74 1.78 1.85 2.14 1.21 1.8 3.2 2.26 1.82 1.83 2 0.98 1.11 0.72 2.38 2.34 1.25 1.23 1.03 2.81 2.4 3.93 0.33 3.66 3.35 1.8 0.8 2.71 2.2 4.15 0.46 3.38 2.29 1.63 2.59 3.16 2.72 2.34 3.05 3.5 3.78 2.69 1.01 3.64 1.36 4.03 2.91 1.66 1.1 3.37 2.69 0 1.42 2.9 2.44 2.5 1.31 2.76 3.58 2.07 2.25 1.3 2.44 2.15 2.92 
2.38 2.82 1.29 3.73 1.87 4.78 5.14 3.05 1.59 2.05 2.15 2.3 4.6 3.55 1.25 0.7 0.88 1.06 1.95 1.1 3.73 3.65 2.15 0.3 1.29 4.17 3.28 4.89 1.72 4.79 3.93 1.23 2.11 2.45 2.93 5.56 1.02 4.77 2.72 1.97 3.77 3.57 4.07 2.84 4.18 4.88 5.19 1.84 1.71 4.66 2.41 4.73 4.27 2.61 2.43 4.46 4.08 1.42 0 4.24 3.67 3.65 0.7 2.97 4.12 2.34 2.7 1.37 3.53 1.89 4 
1.87 2.97 3.29 2.29 2.83 1.35 1.18 2.49 3.7 3.6 3.22 2.72 0.83 2.43 3.99 4.41 4.52 3.81 2.46 3.18 2.1 0.59 3.28 4.11 3.17 2.15 1.89 2.04 2.58 1.36 2.82 3.97 2.61 4.05 3.85 2.01 3.23 1.98 4.32 2.97 0.91 3.09 0.2 2.72 1.09 0.82 1.94 4.75 2.7 1.71 3.07 2.87 0.22 1.96 1.82 1.33 1.8 2.9 4.24 0 0.78 1.04 3.84 3.35 3.02 3.08 2.8 4.02 1.27 3.81 1.25 
1.32 2.94 2.88 2.54 2.12 1.27 1.95 2.53 2.97 2.84 3.02 1.96 1.55 2.62 3.29 3.76 3.85 3.4 1.79 2.58 2.37 0.44 3.08 3.58 2.51 2.54 1.13 1.75 2.12 1.28 2.14 3.27 2.35 3.28 3.81 2.75 2.69 2.56 4.2 2.23 0.25 2.36 0.72 1.95 0.72 1.59 2.62 4.01 2.04 1.41 2.93 2.35 0.95 1.22 1.36 1.06 2.2 2.44 3.67 0.78 0 0.31 3.2 2.58 2.36 2.31 2.03 3.67 0.52 3.06 0.72 
1.38 3.16 2.96 2.83 2 1.16 2.21 2.77 2.82 2.66 3.19 1.78 1.84 2.89 3.17 3.68 3.76 3.47 1.72 2.56 2.66 0.75 3.25 3.58 2.44 2.84 0.86 1.53 2.2 1.17 1.84 3.15 2.5 3.06 4.01 3.03 2.71 2.87 4.38 2.08 0.15 2.07 1.01 1.7 0.56 1.84 2.92 3.86 1.97 1.21 3.12 2.06 1.23 1.1 1.46 0.89 2.5 2.5 3.65 1.04 0.31 0 3.14 2.32 2.05 2.11 1.79 3.76 0.23 2.88 0.47 
1.99 2.96 1.43 3.71 1.23 4.23 4.84 3.08 0.92 1.37 2.35 1.64 4.3 3.57 0.64 0.58 0.71 1.45 1.42 0.69 3.68 3.25 2.38 0.86 0.7 4.11 2.67 4.29 1.53 4.24 3.25 0.61 2.1 1.8 3.26 5.35 0.87 4.64 3.16 1.3 3.27 2.89 3.68 2.17 3.64 4.55 5.01 1.42 1.17 4.08 2.58 4.06 3.9 2.06 2.09 3.9 3.97 1.31 0.7 3.84 3.2 3.14 0 2.28 3.44 1.65 2.02 1.84 3 1.23 3.44 
2.31 4.3 3.19 4.53 1.37 2.95 4.53 4.14 1.41 0.96 3.94 1 4.11 4.49 1.83 2.55 2.51 3.49 1.73 2.21 4.41 2.92 3.99 3.1 1.86 4.74 1.47 2.64 2.68 2.95 1.19 1.84 3.36 0.95 4.94 5.31 2.58 4.98 5.04 1.15 2.46 0.7 3.29 0.65 2.54 4.16 5.14 2.05 1.77 2.59 4.04 2.02 3.52 1.63 2.51 2.62 4.45 2.76 2.97 3.35 2.58 2.32 2.28 0 1.29 0.71 0.63 3.89 2.09 1.19 2.3 
2.77 4.85 4.06 4.78 2.31 2.14 4.13 4.57 2.64 2.22 4.65 1.86 3.84 4.8 3.08 3.79 3.77 4.45 2.47 3.2 4.62 2.79 4.7 4.2 2.89 4.86 1.38 1.59 3.4 2.14 0.25 3.08 3.98 2.21 5.6 5 3.52 4.92 5.82 2.16 2.15 0.59 3.03 1.29 1.97 3.76 4.94 3.33 2.62 1.68 4.68 0.75 3.23 2.02 2.95 1.88 4.53 3.58 4.12 3.02 2.36 2.05 3.44 1.29 0 1.79 1.43 4.84 1.86 2.47 1.77 
1.73 3.64 2.49 3.96 0.68 2.98 4.24 3.52 0.89 0.57 3.26 0.4 3.78 3.9 1.32 2.01 2.01 2.79 1.08 1.51 3.85 2.58 3.3 2.44 1.17 4.21 1.35 2.84 2.01 2.98 1.62 1.32 2.69 0.98 4.25 4.96 1.87 4.52 4.34 0.45 2.26 1.24 2.98 0.58 2.46 3.89 4.74 1.8 1.08 2.7 3.37 2.44 3.22 1.17 1.93 2.64 3.95 2.07 2.34 3.08 2.31 2.11 1.65 0.71 1.79 0 0.43 3.2 1.9 0.82 2.23 
1.69 3.72 2.7 3.91 0.9 2.59 3.97 3.54 1.31 0.97 3.4 0.46 3.54 3.88 1.74 2.42 2.42 3.06 1.17 1.79 3.79 2.34 3.45 2.78 1.47 4.11 0.98 2.42 2.13 2.59 1.23 1.73 2.78 1.28 4.38 4.73 2.13 4.37 4.53 0.74 1.94 0.92 2.72 0.16 2.1 3.61 4.55 2.2 1.25 2.29 3.48 2.04 2.96 1 1.9 2.24 3.83 2.25 2.7 2.8 2.03 1.79 2.02 0.63 1.43 0.43 0 3.45 1.57 1.23 1.86 
2.39 1.72 0.82 2.8 2.56 4.91 4.67 2.1 2.7 3.11 1.05 3 4.13 2.59 2.47 2.07 2.25 0.41 2.38 1.69 2.86 3.49 1.02 1.08 2.04 3.28 3.7 5.22 1.58 4.92 4.61 2.45 1.44 3.61 1.6 4.88 1.33 3.97 1.35 2.76 3.84 4.37 3.83 3.57 4.31 4.49 4.45 3.19 2.22 4.93 1.33 5.32 3.98 2.96 2.32 4.64 3.3 1.3 1.37 4.02 3.67 3.76 1.84 3.89 4.84 3.2 3.45 0 3.73 3.02 4.2 
1.35 3.23 2.91 2.97 1.83 1.25 2.44 2.86 2.63 2.45 3.21 1.59 2.06 3.02 2.99 3.53 3.6 3.42 1.59 2.44 2.8 0.94 3.27 3.49 2.3 3.01 0.63 1.51 2.15 1.26 1.64 2.98 2.52 2.85 4.07 3.26 2.62 3.07 4.41 1.9 0.38 1.85 1.23 1.48 0.65 2.07 3.14 3.66 1.84 1.21 3.16 1.92 1.45 0.94 1.45 0.94 2.68 2.44 3.53 1.27 0.52 0.23 3 2.09 1.86 1.9 1.57 3.73 0 2.68 0.48 
2.23 3.85 2.46 4.36 1.04 3.79 4.94 3.83 0.33 0.26 3.34 1.1 4.45 4.27 0.67 1.38 1.33 2.62 1.5 1.45 4.29 3.27 3.38 2.08 1.13 4.68 2.16 3.64 2.22 3.8 2.33 0.68 2.9 0.59 4.31 5.61 1.81 5.08 4.29 0.85 3.03 1.88 3.69 1.38 3.27 4.6 5.35 0.99 1.36 3.51 3.51 3.17 3.93 1.85 2.41 3.45 4.46 2.15 1.89 3.81 3.06 2.88 1.23 1.19 2.47 0.82 1.23 3.02 2.68 0 3.04 
1.81 3.62 3.38 3.26 2.25 0.79 2.37 3.23 3.02 2.79 3.65 1.96 2.08 3.33 3.4 3.97 4.03 3.89 2.05 2.9 3.08 1.15 3.71 3.95 2.75 3.24 0.89 1.07 2.62 0.8 1.58 3.39 2.96 3.13 4.48 3.23 3.09 3.2 4.84 2.29 0.47 1.91 1.29 1.74 0.24 2 3.18 4.02 2.3 0.75 3.59 1.66 1.47 1.39 1.9 0.47 2.89 2.92 4 1.25 0.72 0.47 3.44 2.3 1.77 2.23 1.86 4.2 0.48 3.04 0 
