Number_Of_Customers: 30
Vehicle_Capacity:    50
Alpha:               0.75
Number_Of_Scenarios: 50

Location_Coordinates:
0 0 0
1 2.34895 -1.2645
2 -2.47154 0.788522
3 -2.31437 2.41632
4 1.16816 -1.66968
5 -2.36308 -1.21427
6 1.77773 -1.65609
7 1.02161 0.200474
8 -0.626979 2.35637
9 -1.46972 -1.53604
10 -1.21682 -1.03454
11 2.44294 -1.54818
12 -0.270181 -0.935106
13 -1.32223 2.24799
14 1.95786 0.826192
15 0.804508 1.36853
16 0.848351 -1.76441
17 0.63156 -0.365951
18 -0.531604 0.328122
19 -0.253912 -2.49319
20 1.95032 -0.978287
21 -2.06192 0.261206
22 0.0943996 1.57392
23 -2.08676 -2.11723
24 0.764105 2.30851
25 -0.839453 1.31188
26 -1.18736 -1.01872
27 -1.65683 -1.37673
28 1.32494 -1.68827
29 0.283631 1.99196
30 -1.20504 1.87829

Demand_per_scenario:
1 5 6 3 6 5 7 5 5 5 6 4 5 6 6 4 5 5 4 6 5 7 4 6 6 5 4 6 5 7 5 6 6 5 6 4 6 6 5 7 5 5 5 3 3 4 5 5 5 7 4
2 6 6 6 7 4 7 3 6 4 5 5 6 6 4 7 7 9 4 7 6 6 7 6 7 6 6 6 7 6 7 6 7 4 6 6 7 6 5 6 5 6 5 7 6 5 4 8 6 5 6
3 8 8 6 5 8 8 6 8 6 8 5 7 6 5 6 7 6 8 6 7 6 7 6 6 5 5 6 6 7 8 7 6 6 6 9 5 6 8 8 8 6 7 5 6 7 4 7 7 7 7
4 5 6 5 6 6 5 4 6 3 7 4 7 6 6 6 3 6 7 3 5 6 4 5 4 5 4 4 6 5 5 5 6 4 6 6 5 4 6 3 3 5 6 5 6 4 6 4 4 6 5
5 3 5 4 3 3 4 4 4 4 4 4 5 5 5 5 4 3 4 2 4 4 3 5 4 4 4 2 4 5 3 3 4 4 4 3 5 3 3 3 3 4 3 1 4 2 4 5 3 3 2
6 4 2 2 3 3 4 4 4 3 4 5 3 3 1 3 3 4 4 3 4 3 2 4 4 1 2 3 2 3 4 3 3 4 3 3 2 3 3 6 2 4 2 4 5 4 4 4 3 3 5
7 3 6 6 6 6 5 7 3 6 6 6 3 6 5 2 4 4 7 5 4 5 3 5 4 6 5 4 5 6 4 4 3 6 5 5 5 5 5 5 3 5 6 4 5 4 5 5 6 5 4
8 6 7 5 7 5 6 6 6 4 4 6 7 6 4 8 6 6 7 6 5 6 7 5 5 6 7 7 7 4 8 8 7 7 6 5 6 7 5 5 5 6 6 6 6 6 5 4 5 6 6
9 5 3 4 4 4 4 5 4 5 3 3 3 5 6 3 5 6 3 3 4 4 3 4 3 4 4 4 4 5 5 3 4 5 5 4 5 3 6 3 5 3 3 4 4 5 5 3 3 2 1
10 4 3 3 2 4 4 4 4 3 5 5 6 3 5 5 3 4 5 4 5 3 4 4 5 5 3 1 4 5 4 2 2 3 4 3 4 2 2 4 4 6 4 4 4 2 3 4 5 4 4
11 5 4 5 5 4 4 5 3 5 7 3 5 6 4 3 5 6 6 4 5 5 5 3 5 4 4 5 6 4 4 6 5 4 6 3 6 5 3 4 4 4 6 4 4 6 5 3 4 5 4
12 5 4 4 5 5 4 4 3 2 5 2 3 5 4 4 5 5 4 6 5 4 5 4 3 3 4 3 3 3 4 3 4 4 6 4 5 4 4 5 3 4 5 6 5 3 4 5 3 5 5
13 6 6 4 5 5 8 5 5 6 7 5 5 7 5 6 5 7 6 6 6 6 5 5 6 5 5 6 5 7 4 8 5 7 5 6 6 5 7 7 6 4 6 5 6 7 6 5 6 6 6
14 4 7 8 4 7 6 7 6 7 7 8 6 8 7 7 7 6 8 5 7 8 6 7 6 6 7 5 7 6 8 6 7 7 7 6 8 6 5 5 7 6 7 7 8 6 6 7 7 4 6
15 5 9 5 5 6 4 6 5 7 6 5 6 6 5 5 6 5 4 5 5 7 5 7 5 6 5 6 5 5 5 5 6 6 4 6 4 5 5 4 5 6 8 6 5 4 5 7 6 6 3
16 6 7 7 7 6 6 6 5 6 6 7 7 8 6 6 5 7 7 6 6 6 5 6 7 6 7 7 7 7 5 7 6 5 5 6 6 6 7 6 8 7 8 7 6 6 6 6 7 6 7
17 7 7 8 8 5 7 7 8 8 7 7 6 6 7 5 7 7 7 6 7 5 8 7 7 8 6 8 6 7 7 8 6 6 7 7 9 6 4 6 7 8 8 7 7 8 7 7 8 10 6
18 6 6 4 7 5 7 6 7 8 6 6 6 8 7 5 7 7 4 6 5 7 5 6 7 5 5 6 5 7 7 6 8 6 7 6 7 5 6 5 7 7 5 6 7 5 6 4 7 7 5
19 5 7 7 5 4 5 4 6 5 5 5 5 5 5 8 4 4 5 4 3 5 6 5 6 4 4 4 5 4 3 4 5 5 6 5 6 4 4 6 6 3 4 5 5 6 8 6 6 4 4
20 5 4 7 4 7 6 5 5 5 4 6 6 5 6 7 4 6 5 5 6 5 6 5 6 6 6 9 5 6 6 5 6 6 6 7 5 6 3 5 4 5 4 5 5 4 7 6 5 5 3
21 6 7 5 8 7 6 6 6 4 6 5 5 7 7 5 5 5 5 6 6 6 7 8 5 6 6 6 4 7 4 6 5 6 6 5 4 8 5 5 8 5 5 5 7 7 4 7 6 7 6
22 4 3 4 3 4 3 2 4 4 5 2 3 2 4 3 2 3 2 2 4 2 2 4 4 5 1 3 3 3 4 4 4 4 3 5 3 5 3 3 5 5 2 3 5 1 4 4 3 5 4
23 6 6 9 8 4 5 7 6 7 7 7 6 7 6 8 8 7 7 6 8 7 7 8 7 7 4 5 6 6 6 7 8 6 5 7 5 6 7 6 8 8 7 4 7 7 6 7 5 6 7
24 2 4 3 3 2 2 4 3 3 4 2 2 5 3 5 2 3 2 3 3 5 4 3 2 3 3 3 4 4 4 4 3 3 3 5 2 2 2 5 3 2 2 4 4 3 4 2 3 3 3
25 3 3 4 4 5 4 3 5 4 4 6 5 4 3 3 2 3 3 5 2 4 3 3 5 4 4 3 3 5 4 4 4 3 5 4 5 3 2 5 3 4 4 4 4 4 3 5 4 4 5
26 6 4 4 5 5 3 6 5 4 5 5 5 4 4 5 5 6 4 5 3 4 5 5 5 4 4 4 2 5 7 5 4 3 6 5 4 7 6 4 5 5 4 3 4 3 5 4 5 4 4
27 5 5 6 6 5 5 6 5 4 7 4 6 5 4 4 5 3 5 5 6 5 6 5 5 6 5 4 6 5 6 5 6 6 7 5 4 6 5 5 5 4 4 6 4 5 6 6 5 5 5
28 7 4 6 5 7 6 7 7 6 5 5 7 4 6 5 5 3 8 5 6 6 6 7 6 4 5 3 6 4 5 7 6 7 4 4 5 4 6 6 5 4 5 6 7 6 5 5 5 6 5
29 3 5 4 5 4 4 6 4 5 4 4 5 3 5 3 6 5 5 7 3 3 4 4 6 4 6 7 4 4 4 5 6 5 5 4 4 6 4 4 4 4 4 7 3 4 5 5 6 7 3
30 5 9 7 7 5 6 7 7 7 8 7 6 7 6 7 7 8 6 7 7 5 8 6 7 7 8 6 7 6 9 8 7 8 8 8 6 8 8 10 6 5 6 8 8 7 6 7 8 7 7

Probability_of_each_scenario_occuring:
0.02 0.02 0.02 0.02 0.02 0.02 0.02 0.02 0.02 0.02 0.02 0.02 0.02 0.02 0.02 0.02 0.02 0.02 0.02 0.02 0.02 0.02 0.02 0.02 0.02 0.02 0.02 0.02 0.02 0.02 0.02 0.02 0.02 0.02 0.02 0.02 0.02 0.02 0.02 0.02 0.02 0.02 0.02 0.02 0.02 0.02 0.02 0.02 0.02 0.02 

Travel_Costs:
0 2.67 2.6 3.35 2.04 2.66 2.43 1.05 2.44 2.13 1.6 2.9 0.98 2.61 2.13 1.59 1.96 0.73 0.63 2.51 2.19 2.08 1.58 2.98 2.44 1.56 1.57 2.16 2.15 2.02 2.24 
2.67 0 5.24 5.95 1.25 4.72 0.7 1.98 4.69 3.83 3.58 0.3 2.64 5.09 2.13 3.06 1.59 1.94 3.3 2.88 0.5 4.67 3.63 4.52 3.91 4.1 3.55 4.01 1.11 3.86 4.75 
2.6 5.24 0 1.64 4.4 2.01 4.91 3.55 2.43 2.54 2.22 5.45 2.8 1.86 4.43 3.33 4.19 3.32 2 3.97 4.77 0.67 2.69 2.94 3.58 1.72 2.22 2.32 4.54 3.01 1.68 
3.35 5.95 1.64 0 5.37 3.64 5.78 4.01 1.69 4.05 3.63 6.2 3.93 1.01 4.56 3.3 5.25 4.06 2.75 5.33 5.46 2.17 2.56 4.54 3.09 1.85 3.62 3.85 5.49 2.64 1.24 
2.04 1.25 4.4 5.37 0 3.57 0.61 1.88 4.41 2.65 2.47 1.29 1.62 4.65 2.62 3.06 0.34 1.41 2.63 1.65 1.05 3.77 3.42 3.29 4 3.6 2.45 2.85 0.16 3.77 4.27 
2.66 4.72 2.01 3.64 3.57 0 4.17 3.67 3.98 0.95 1.17 4.82 2.12 3.62 4.78 4.09 3.26 3.12 2.4 2.47 4.32 1.51 3.72 0.95 4.72 2.96 1.2 0.73 3.72 4.16 3.31 
2.43 0.7 4.91 5.78 0.61 4.17 0 2.01 4.68 3.25 3.06 0.68 2.18 4.99 2.49 3.18 0.94 1.73 3.05 2.2 0.7 4.3 3.65 3.9 4.1 3.96 3.04 3.45 0.46 3.95 4.63 
1.05 1.98 3.55 4.01 1.88 3.67 2.01 0 2.72 3.04 2.56 2.26 1.72 3.12 1.13 1.19 1.98 0.69 1.56 2.99 1.51 3.09 1.66 3.88 2.13 2.17 2.53 3.11 1.92 1.94 2.79 
2.44 4.69 2.43 1.69 4.41 3.98 4.68 2.72 0 3.99 3.45 4.97 3.32 0.71 3.01 1.74 4.38 3 2.04 4.87 4.22 2.54 1.07 4.71 1.4 1.07 3.43 3.88 4.5 0.99 0.76 
2.13 3.83 2.54 4.05 2.65 0.95 3.25 3.04 3.99 0 0.57 3.92 1.35 3.79 4.17 3.69 2.33 2.41 2.09 1.55 3.47 1.9 3.49 0.85 4.45 2.92 0.59 0.25 2.8 3.94 3.43 
1.6 3.58 2.22 3.63 2.47 1.17 3.06 2.56 3.45 0.57 0 3.7 0.96 3.29 3.68 3.15 2.2 1.97 1.53 1.75 3.17 1.55 2.92 1.39 3.89 2.38 0.04 0.56 2.63 3.38 2.92 
2.9 0.3 5.45 6.2 1.29 4.82 0.68 2.26 4.97 3.92 3.7 0 2.79 5.35 2.43 3.35 1.61 2.17 3.52 2.86 0.76 4.86 3.91 4.57 4.21 4.36 3.67 4.11 1.13 4.15 5.01 
0.98 2.64 2.8 3.93 1.62 2.12 2.18 1.72 3.32 1.35 0.96 2.79 0 3.36 2.85 2.55 1.4 1.07 1.29 1.56 2.23 2.16 2.54 2.17 3.41 2.32 0.93 1.46 1.77 2.98 2.97 
2.61 5.09 1.86 1.01 4.65 3.62 4.99 3.12 0.71 3.79 3.29 5.35 3.36 0 3.58 2.31 4.57 3.27 2.08 4.87 4.6 2.13 1.57 4.44 2.09 1.06 3.27 3.65 4.75 1.63 0.39 
2.13 2.13 4.43 4.56 2.62 4.78 2.49 1.13 3.01 4.17 3.68 2.43 2.85 3.58 0 1.28 2.82 1.79 2.54 3.99 1.81 4.06 2.01 5.01 1.91 2.84 3.65 4.24 2.6 2.05 3.34 
1.59 3.06 3.33 3.3 3.06 4.09 3.18 1.19 1.74 3.69 3.15 3.35 2.55 2.31 1.28 0 3.14 1.75 1.7 4.01 2.62 3.08 0.74 4.53 0.95 1.65 3.11 3.69 3.11 0.82 2.08 
1.96 1.59 4.19 5.25 0.34 3.26 0.94 1.98 4.38 2.33 2.2 1.61 1.4 4.57 2.82 3.14 0 1.42 2.51 1.33 1.36 3.55 3.43 2.96 4.08 3.51 2.17 2.54 0.49 3.8 4.19 
0.73 1.94 3.32 4.06 1.41 3.12 1.73 0.69 3 2.41 1.97 2.17 1.07 3.27 1.79 1.75 1.42 0 1.36 2.31 1.46 2.77 2.02 3.24 2.68 2.24 1.94 2.51 1.5 2.39 2.9 
0.63 3.3 2 2.75 2.63 2.4 3.05 1.56 2.04 2.09 1.53 3.52 1.29 2.08 2.54 1.7 2.51 1.36 0 2.84 2.81 1.54 1.4 2.9 2.37 1.04 1.5 2.05 2.75 1.86 1.7 
2.51 2.88 3.97 5.33 1.65 2.47 2.2 2.99 4.87 1.55 1.75 2.86 1.56 4.87 3.99 4.01 1.33 2.31 2.84 0 2.68 3.3 4.09 1.88 4.91 3.85 1.75 1.8 1.78 4.52 4.48 
2.19 0.5 4.77 5.46 1.05 4.32 0.7 1.51 4.22 3.47 3.17 0.76 2.23 4.6 1.81 2.62 1.36 1.46 2.81 2.68 0 4.2 3.16 4.2 3.5 3.61 3.14 3.63 0.95 3.41 4.26 
2.08 4.67 0.67 2.17 3.77 1.51 4.3 3.09 2.54 1.9 1.55 4.86 2.16 2.13 4.06 3.08 3.55 2.77 1.54 3.3 4.2 0 2.53 2.38 3.49 1.62 1.56 1.69 3.91 2.92 1.84 
1.58 3.63 2.69 2.56 3.42 3.72 3.65 1.66 1.07 3.49 2.92 3.91 2.54 1.57 2.01 0.74 3.43 2.02 1.4 4.09 3.16 2.53 0 4.29 1 0.97 2.9 3.44 3.49 0.46 1.34 
2.98 4.52 2.94 4.54 3.29 0.95 3.9 3.88 4.71 0.85 1.39 4.57 2.17 4.44 5.01 4.53 2.96 3.24 2.9 1.88 4.2 2.38 4.29 0 5.27 3.65 1.42 0.86 3.44 4.75 4.1 
2.44 3.91 3.58 3.09 4 4.72 4.1 2.13 1.4 4.45 3.89 4.21 3.41 2.09 1.91 0.95 4.08 2.68 2.37 4.91 3.5 3.49 1 5.27 0 1.89 3.86 4.41 4.04 0.58 2.02 
1.56 4.1 1.72 1.85 3.6 2.96 3.96 2.17 1.07 2.92 2.38 4.36 2.32 1.06 2.84 1.65 3.51 2.24 1.04 3.85 3.61 1.62 0.97 3.65 1.89 0 2.36 2.82 3.7 1.32 0.68 
1.57 3.55 2.22 3.62 2.45 1.2 3.04 2.53 3.43 0.59 0.04 3.67 0.93 3.27 3.65 3.11 2.17 1.94 1.5 1.75 3.14 1.56 2.9 1.42 3.86 2.36 0 0.6 2.6 3.36 2.9 
2.16 4.01 2.32 3.85 2.85 0.73 3.45 3.11 3.88 0.25 0.56 4.11 1.46 3.65 4.24 3.69 2.54 2.51 2.05 1.8 3.63 1.69 3.44 0.86 4.41 2.82 0.6 0 3 3.89 3.29 
2.15 1.11 4.54 5.49 0.16 3.72 0.46 1.92 4.5 2.8 2.63 1.13 1.77 4.75 2.6 3.11 0.49 1.5 2.75 1.78 0.95 3.91 3.49 3.44 4.04 3.7 2.6 3 0 3.83 4.38 
2.02 3.86 3.01 2.64 3.77 4.16 3.95 1.94 0.99 3.94 3.38 4.15 2.98 1.63 2.05 0.82 3.8 2.39 1.86 4.52 3.41 2.92 0.46 4.75 0.58 1.32 3.36 3.89 3.83 0 1.5 
2.24 4.75 1.68 1.24 4.27 3.31 4.63 2.79 0.76 3.43 2.92 5.01 2.97 0.39 3.34 2.08 4.19 2.9 1.7 4.48 4.26 1.84 1.34 4.1 2.02 0.68 2.9 3.29 4.38 1.5 0 
