Number_Of_Customers: 40
Vehicle_Capacity:    50
Alpha:               0.75
Number_Of_Scenarios: 3

Location_Coordinates:
0 0 0
1 1.44412 1.38509
2 -0.810661 0.21739
3 -1.33118 1.83734
4 0.211013 1.49988
5 -1.53011 -1.48148
6 0.76866 -1.13367
7 1.40799 -0.980219
8 0.455866 1.7445
9 -0.232599 0.705643
10 -0.254386 -0.471
11 -1.09402 -2.26347
12 -2.0739 -1.02225
13 -0.952184 1.64438
14 2.1641 2.09148
15 1.56063 -0.534177
16 2.08168 1.78632
17 -2.26823 -2.1364
18 -1.54891 2.49861
19 -0.821172 -1.43186
20 -0.351183 -2.33611
21 2.03061 -1.4626
22 -1.98829 -2.16062
23 1.48396 0.914818
24 0.339454 0.206184
25 0.342347 -1.16639
26 1.45066 1.2699
27 -1.85766 -1.70924
28 -2.12443 -0.336203
29 -0.556409 -1.56375
30 -1.87992 -0.77572
31 2.47632 -0.410027
32 -1.32078 1.69776
33 -0.703532 0.742862
34 0.28289 -0.462616
35 -0.17958 1.79276
36 0.978675 -1.41171
37 -1.55736 0.405752
38 -0.522162 -0.977802
39 1.08791 -0.493867
40 -0.415439 -2.2842

Demand_per_scenario:
1 3 4 5
2 5 7 8
3 4 6 7
4 5 7 8
5 6 8 10
6 4 6 7
7 5 6 8
8 4 5 6
9 5 6 8
10 6 9 11
11 5 6 8
12 4 6 7
13 5 7 8
14 4 6 7
15 6 8 9
16 3 4 5
17 4 5 6
18 2 2 3
19 1 2 2
20 4 6 7
21 4 6 7
22 4 6 7
23 4 5 6
24 3 4 5
25 4 6 7
26 4 6 7
27 5 7 8
28 6 8 10
29 5 7 9
30 5 7 9
31 4 6 7
32 4 6 7
33 3 5 5
34 3 3 4
35 3 4 5
36 2 2 3
37 4 6 7
38 2 3 4
39 4 6 7
40 3 3 4

Probability_of_each_scenario_occuring:
0.333333 0.333333 0.333333 

Travel_Costs:
0 2.01 0.84 2.27 1.52 2.13 1.37 1.72 1.81 0.75 0.54 2.52 2.32 1.91 3.01 1.65 2.75 3.12 2.94 1.66 2.37 2.51 2.94 1.75 0.4 1.22 1.93 2.53 2.16 1.66 2.04 2.52 2.16 1.03 0.55 1.81 1.72 1.61 1.11 1.2 2.33 
2.01 0 2.54 2.82 1.24 4.14 2.61 2.37 1.06 1.81 2.52 4.45 4.27 2.42 1.01 1.93 0.76 5.12 3.2 3.62 4.14 2.91 4.94 0.48 1.62 2.78 0.12 4.53 3.97 3.57 3.97 2.08 2.79 2.25 2.19 1.68 2.84 3.16 3.08 1.92 4.12 
0.84 2.54 0 1.71 1.64 1.85 2.08 2.53 1.99 0.76 0.89 2.5 1.77 1.44 3.52 2.49 3.3 2.77 2.4 1.65 2.6 3.31 2.66 2.4 1.16 1.81 2.5 2.2 1.43 1.8 1.46 3.35 1.57 0.54 1.29 1.7 2.42 0.78 1.23 2.03 2.54 
2.27 2.82 1.71 0 1.58 3.33 3.64 3.93 1.79 1.58 2.55 4.11 2.96 0.43 3.51 3.74 3.42 4.09 0.7 3.31 4.29 4.72 4.06 2.97 2.34 3.44 2.84 3.59 2.32 3.49 2.68 4.43 0.14 1.27 2.81 1.16 3.99 1.45 2.93 3.36 4.23 
1.52 1.24 1.64 1.58 0 3.46 2.7 2.76 0.35 0.91 2.03 3.99 3.41 1.18 2.05 2.45 1.9 4.41 2.03 3.11 3.88 3.48 4.28 1.41 1.31 2.67 1.27 3.82 2.98 3.16 3.1 2.97 1.55 1.19 1.97 0.49 3.02 2.08 2.59 2.18 3.84 
2.13 4.14 1.85 3.33 3.46 0 2.33 2.99 3.79 2.55 1.63 0.9 0.72 3.18 5.14 3.24 4.88 0.99 3.99 0.72 1.46 3.57 0.82 3.86 2.52 1.9 4.06 0.4 1.3 0.98 0.79 4.15 3.19 2.38 2.08 3.55 2.51 1.89 1.13 2.8 1.38 
1.37 2.61 2.08 3.64 2.7 2.33 0 0.66 2.9 2.1 1.22 2.18 2.85 3.27 3.52 1 3.21 3.2 4.31 1.62 1.65 1.31 2.95 2.17 1.41 0.43 2.5 2.69 3.01 1.4 2.68 1.86 3.52 2.39 0.83 3.08 0.35 2.79 1.31 0.72 1.66 
1.72 2.37 2.53 3.93 2.76 2.99 0.66 0 2.89 2.36 1.74 2.82 3.49 3.53 3.17 0.48 2.85 3.86 4.57 2.28 2.23 0.79 3.6 1.9 1.6 1.09 2.26 3.35 3.6 2.05 3.3 1.22 3.83 2.73 1.24 3.2 0.61 3.28 1.94 0.59 2.25 
1.81 1.06 1.99 1.79 0.35 3.79 2.9 2.89 0 1.25 2.33 4.3 3.75 1.42 1.75 2.54 1.63 4.75 2.15 3.43 4.16 3.58 4.61 1.33 1.55 2.92 1.11 4.16 3.32 3.46 3.44 2.96 1.78 1.54 2.22 0.64 3.2 2.42 2.9 2.33 4.13 
0.75 1.81 0.76 1.58 0.91 2.55 2.1 2.36 1.25 0 1.18 3.1 2.53 1.19 2.77 2.19 2.56 3.5 2.23 2.22 3.05 3.14 3.37 1.73 0.76 1.96 1.78 2.92 2.16 2.3 2.22 2.93 1.48 0.48 1.28 1.09 2.44 1.36 1.71 1.79 3 
0.54 2.52 0.89 2.55 2.03 1.63 1.22 1.74 2.33 1.18 0 1.98 1.91 2.23 3.53 1.82 3.25 2.62 3.24 1.12 1.87 2.5 2.43 2.23 0.91 0.92 2.44 2.03 1.88 1.14 1.66 2.74 2.42 1.3 0.54 2.27 1.56 1.58 0.58 1.35 1.83 
2.52 4.45 2.5 4.11 3.99 0.9 2.18 2.82 4.3 3.1 1.98 0 1.59 3.92 5.44 3.17 5.15 1.19 4.79 0.88 0.75 3.23 0.91 4.1 2.86 1.81 4.36 0.95 2.19 0.89 1.69 4.03 3.97 3.04 2.27 4.16 2.25 2.71 1.41 2.81 0.68 
2.32 4.27 1.77 2.96 3.41 0.72 2.85 3.49 3.75 2.53 1.91 1.59 0 2.9 5.26 3.67 5.02 1.14 3.56 1.32 2.17 4.13 1.15 4.06 2.71 2.43 4.21 0.73 0.69 1.62 0.32 4.6 2.83 2.24 2.43 3.4 3.08 1.52 1.56 3.21 2.09 
1.91 2.42 1.44 0.43 1.18 3.18 3.27 3.53 1.42 1.19 2.23 3.92 2.9 0 3.15 3.33 3.04 4.01 1.05 3.08 4.03 4.31 3.95 2.55 1.94 3.1 2.44 3.48 2.31 3.24 2.6 4 0.38 0.94 2.45 0.79 3.62 1.38 2.66 2.96 3.97 
3.01 1.01 3.52 3.51 2.05 5.14 3.52 3.17 1.75 2.77 3.53 5.44 5.26 3.15 0 2.7 0.32 6.13 3.74 4.62 5.1 3.56 5.95 1.36 2.63 3.74 1.09 5.54 4.93 4.56 4.96 2.53 3.51 3.17 3.18 2.37 3.7 4.09 4.08 2.81 5.08 
1.65 1.93 2.49 3.74 2.45 3.24 1 0.48 2.54 2.19 1.82 3.17 3.67 3.33 2.7 0 2.38 4.16 4.35 2.55 2.63 1.05 3.91 1.46 1.43 1.38 1.81 3.62 3.7 2.36 3.45 0.93 3.65 2.6 1.28 2.91 1.06 3.26 2.13 0.48 2.64 
2.75 0.76 3.3 3.42 1.9 4.88 3.21 2.85 1.63 2.56 3.25 5.15 5.02 3.04 0.32 2.38 0 5.86 3.7 4.34 4.79 3.25 5.67 1.06 2.36 3.43 0.82 5.27 4.72 4.27 4.72 2.24 3.41 2.98 2.88 2.27 3.39 3.9 3.8 2.49 4.78 
3.12 5.12 2.77 4.09 4.41 0.99 3.2 3.86 4.75 3.5 2.62 1.19 1.14 4.01 6.13 4.16 5.86 0 4.7 1.61 1.93 4.36 0.29 4.84 3.51 2.79 5.05 0.6 1.81 1.81 1.42 5.05 3.95 3.28 3.06 4.45 3.33 2.64 2.1 3.74 1.86 
2.94 3.2 2.4 0.7 2.03 3.99 4.31 4.57 2.15 2.23 3.24 4.79 3.56 1.05 3.74 4.35 3.7 4.7 0 4 4.99 5.34 4.68 3.43 2.98 4.13 3.25 4.22 2.9 4.19 3.3 4.97 0.84 1.95 3.49 1.55 4.66 2.1 3.63 3.99 4.92 
1.66 3.62 1.65 3.31 3.11 0.72 1.62 2.28 3.43 2.22 1.12 0.88 1.32 3.08 4.62 2.55 4.34 1.61 4 0 1.02 2.86 1.38 3.29 2.01 1.2 3.53 1.08 1.71 0.3 1.25 3.46 3.17 2.18 1.47 3.29 1.8 1.98 0.55 2.13 0.95 
2.37 4.14 2.6 4.29 3.88 1.46 1.65 2.23 4.16 3.05 1.87 0.75 2.17 4.03 5.1 2.63 4.79 1.93 4.99 1.02 0 2.54 1.65 3.74 2.64 1.36 4.04 1.64 2.68 0.8 2.19 3.43 4.15 3.1 1.98 4.14 1.62 3 1.37 2.34 0.09 
2.51 2.91 3.31 4.72 3.48 3.57 1.31 0.79 3.58 3.14 2.5 3.23 4.13 4.31 3.56 1.05 3.25 4.36 5.34 2.86 2.54 0 4.08 2.44 2.38 1.72 2.8 3.9 4.31 2.59 3.98 1.15 4.61 3.52 2.02 3.94 1.06 4.05 2.6 1.36 2.59 
2.94 4.94 2.66 4.06 4.28 0.82 2.95 3.6 4.61 3.37 2.43 0.91 1.15 3.95 5.95 3.91 5.67 0.29 4.68 1.38 1.65 4.08 0 4.64 3.32 2.54 4.86 0.47 1.83 1.56 1.39 4.8 3.92 3.18 2.84 4.35 3.07 2.61 1.89 3.5 1.58 
1.75 0.48 2.4 2.97 1.41 3.86 2.17 1.9 1.33 1.73 2.23 4.1 4.06 2.55 1.36 1.46 1.06 4.84 3.43 3.29 3.74 2.44 4.64 0 1.35 2.38 0.36 4.25 3.82 3.22 3.77 1.66 2.92 2.2 1.83 1.89 2.39 3.09 2.76 1.47 3.73 
0.4 1.62 1.16 2.34 1.31 2.52 1.41 1.6 1.55 0.76 0.91 2.86 2.71 1.94 2.63 1.43 2.36 3.51 2.98 2.01 2.64 2.38 3.32 1.35 0 1.38 1.54 2.92 2.53 1.99 2.43 2.23 2.24 1.18 0.68 1.67 1.74 1.91 1.47 1.03 2.61 
1.22 2.78 1.81 3.44 2.67 1.9 0.43 1.09 2.92 1.96 0.92 1.81 2.43 3.1 3.74 1.38 3.43 2.79 4.13 1.2 1.36 1.72 2.54 2.38 1.38 0 2.68 2.27 2.61 0.99 2.26 2.27 3.32 2.18 0.71 3.01 0.69 2.47 0.89 1.01 1.36 
1.93 0.12 2.5 2.84 1.27 4.06 2.5 2.26 1.11 1.78 2.44 4.36 4.21 2.44 1.09 1.81 0.82 5.05 3.25 3.53 4.04 2.8 4.86 0.36 1.54 2.68 0 4.46 3.92 3.48 3.91 1.97 2.81 2.22 2.09 1.72 2.73 3.13 3 1.81 4.02 
2.53 4.53 2.2 3.59 3.82 0.4 2.69 3.35 4.16 2.92 2.03 0.95 0.73 3.48 5.54 3.62 5.27 0.6 4.22 1.08 1.64 3.9 0.47 4.25 2.92 2.27 4.46 0 1.4 1.31 0.94 4.53 3.45 2.72 2.48 3.89 2.86 2.14 1.53 3.19 1.56 
2.16 3.97 1.43 2.32 2.98 1.3 3.01 3.6 3.32 2.16 1.88 2.19 0.69 2.31 4.93 3.7 4.72 1.81 2.9 1.71 2.68 4.31 1.83 3.82 2.53 2.61 3.92 1.4 0 2 0.51 4.61 2.19 1.79 2.42 2.89 3.29 0.94 1.73 3.22 2.6 
1.66 3.57 1.8 3.49 3.16 0.98 1.4 2.05 3.46 2.3 1.14 0.89 1.62 3.24 4.56 2.36 4.27 1.81 4.19 0.3 0.8 2.59 1.56 3.22 1.99 0.99 3.48 1.31 2 0 1.55 3.25 3.35 2.32 1.39 3.38 1.55 2.21 0.59 1.97 0.74 
2.04 3.97 1.46 2.68 3.1 0.79 2.68 3.3 3.44 2.22 1.66 1.69 0.32 2.6 4.96 3.45 4.72 1.42 3.3 1.25 2.19 3.98 1.39 3.77 2.43 2.26 3.91 0.94 0.51 1.55 0 4.38 2.54 1.93 2.19 3.09 2.93 1.23 1.38 2.99 2.11 
2.52 2.08 3.35 4.43 2.97 4.15 1.86 1.22 2.96 2.93 2.74 4.03 4.6 4 2.53 0.93 2.24 5.05 4.97 3.46 3.43 1.15 4.8 1.66 2.23 2.27 1.97 4.53 4.61 3.25 4.38 0 4.35 3.39 2.2 3.46 1.81 4.12 3.06 1.4 3.45 
2.16 2.79 1.57 0.14 1.55 3.19 3.52 3.83 1.78 1.48 2.42 3.97 2.83 0.38 3.51 3.65 3.41 3.95 0.84 3.17 4.15 4.61 3.92 2.92 2.24 3.32 2.81 3.45 2.19 3.35 2.54 4.35 0 1.14 2.7 1.15 3.87 1.32 2.8 3.26 4.09 
1.03 2.25 0.54 1.27 1.19 2.38 2.39 2.73 1.54 0.48 1.3 3.04 2.24 0.94 3.17 2.6 2.98 3.28 1.95 2.18 3.1 3.52 3.18 2.2 1.18 2.18 2.22 2.72 1.79 2.32 1.93 3.39 1.14 0 1.56 1.18 2.74 0.92 1.74 2.18 3.05 
0.55 2.19 1.29 2.81 1.97 2.08 0.83 1.24 2.22 1.28 0.54 2.27 2.43 2.45 3.18 1.28 2.88 3.06 3.49 1.47 1.98 2.02 2.84 1.83 0.68 0.71 2.09 2.48 2.42 1.39 2.19 2.2 2.7 1.56 0 2.31 1.18 2.04 0.96 0.81 1.96 
1.81 1.68 1.7 1.16 0.49 3.55 3.08 3.2 0.64 1.09 2.27 4.16 3.4 0.79 2.37 2.91 2.27 4.45 1.55 3.29 4.14 3.94 4.35 1.89 1.67 3.01 1.72 3.89 2.89 3.38 3.09 3.46 1.15 1.18 2.31 0 3.41 1.96 2.8 2.62 4.09 
1.72 2.84 2.42 3.99 3.02 2.51 0.35 0.61 3.2 2.44 1.56 2.25 3.08 3.62 3.7 1.06 3.39 3.33 4.66 1.8 1.62 1.06 3.07 2.39 1.74 0.69 2.73 2.86 3.29 1.55 2.93 1.81 3.87 2.74 1.18 3.41 0 3.13 1.57 0.93 1.65 
1.61 3.16 0.78 1.45 2.08 1.89 2.79 3.28 2.42 1.36 1.58 2.71 1.52 1.38 4.09 3.26 3.9 2.64 2.1 1.98 3 4.05 2.61 3.09 1.91 2.47 3.13 2.14 0.94 2.21 1.23 4.12 1.32 0.92 2.04 1.96 3.13 0 1.73 2.8 2.93 
1.11 3.08 1.23 2.93 2.59 1.13 1.31 1.94 2.9 1.71 0.58 1.41 1.56 2.66 4.08 2.13 3.8 2.1 3.63 0.55 1.37 2.6 1.89 2.76 1.47 0.89 3 1.53 1.73 0.59 1.38 3.06 2.8 1.74 0.96 2.8 1.57 1.73 0 1.69 1.32 
1.2 1.92 2.03 3.36 2.18 2.8 0.72 0.59 2.33 1.79 1.35 2.81 3.21 2.96 2.81 0.48 2.49 3.74 3.99 2.13 2.34 1.36 3.5 1.47 1.03 1.01 1.81 3.19 3.22 1.97 2.99 1.4 3.26 2.18 0.81 2.62 0.93 2.8 1.69 0 2.34 
2.33 4.12 2.54 4.23 3.84 1.38 1.66 2.25 4.13 3 1.83 0.68 2.09 3.97 5.08 2.64 4.78 1.86 4.92 0.95 0.09 2.59 1.58 3.73 2.61 1.36 4.02 1.56 2.6 0.74 2.11 3.45 4.09 3.05 1.96 4.09 1.65 2.93 1.32 2.34 0 
