Number_Of_Customers: 20
Vehicle_Capacity:    50
Alpha:               0.75
Number_Of_Scenarios: 3

Location_Coordinates:
0 0 0
1 -1.07412 2.23509
2 0.0990725 0.112047
3 -1.83278 1.40535
4 -0.349785 1.16581
5 -1.1723 2.0935
6 0.372617 -2.43188
7 2.30897 1.89852
8 -1.61929 -0.427283
9 -1.34004 -2.02537
10 -0.33441 -0.427783
11 0.251624 -0.963436
12 -2.46836 -0.783516
13 1.44244 -1.95486
14 -0.32224 -0.880731
15 -2.44414 1.38546
16 0.385788 -1.05423
17 1.62661 -1.50721
18 -1.65644 0.246063
19 0.574336 -2.13055
20 1.90502 -2.38024

Demand_per_scenario:
1 4 5 6
2 4 5 6
3 3 4 5
4 5 7 9
5 4 5 6
6 6 8 10
7 4 4 6
8 4 5 7
9 5 6 8
10 5 6 7
11 4 5 6
12 6 8 10
13 4 5 7
14 3 4 5
15 2 3 4
16 4 5 6
17 5 7 9
18 3 3 4
19 4 5 6
20 5 6 8

Probability_of_each_scenario_occuring:
0.333333 0.333333 0.333333 

Travel_Costs:
0 2.48 0.15 2.31 1.22 2.4 2.47 2.99 1.68 2.43 0.55 1 2.59 2.43 0.94 2.81 1.13 2.22 1.68 2.21 3.05 
2.48 0 2.43 1.13 1.3 0.18 4.89 3.4 2.72 4.27 2.77 3.47 3.33 4.89 3.21 1.62 3.6 4.62 2.08 4.67 5.5 
0.15 2.43 0 2.33 1.15 2.36 2.56 2.85 1.81 2.58 0.7 1.09 2.72 2.47 1.08 2.85 1.21 2.23 1.77 2.3 3.08 
2.31 1.13 2.33 0 1.51 0.96 4.43 4.18 1.85 3.47 2.37 3.16 2.28 4.7 2.75 0.62 3.32 4.53 1.18 4.28 5.32 
1.22 1.3 1.15 1.51 0 1.24 3.67 2.76 2.04 3.35 1.6 2.22 2.88 3.6 2.05 2.11 2.34 3.33 1.6 3.43 4.21 
2.4 0.18 2.36 0.96 1.24 0 4.79 3.49 2.57 4.13 2.66 3.38 3.16 4.82 3.1 1.46 3.52 4.57 1.91 4.58 5.43 
2.47 4.89 2.56 4.43 3.67 4.79 0 4.75 2.83 1.77 2.13 1.48 3.29 1.18 1.7 4.75 1.38 1.56 3.36 0.37 1.54 
2.99 3.4 2.85 4.18 2.76 3.49 4.75 0 4.57 5.36 3.53 3.53 5.48 3.95 3.83 4.79 3.53 3.48 4.3 4.39 4.3 
1.68 2.72 1.81 1.85 2.04 2.57 2.83 4.57 0 1.63 1.29 1.95 0.93 3.43 1.38 2 2.11 3.43 0.68 2.78 4.03 
2.43 4.27 2.58 3.47 3.35 4.13 1.77 5.36 1.63 0 1.89 1.92 1.68 2.79 1.54 3.59 1.99 3.02 2.3 1.92 3.27 
0.55 2.77 0.7 2.37 1.6 2.66 2.13 3.53 1.29 1.89 0 0.8 2.17 2.35 0.46 2.79 0.96 2.24 1.49 1.94 2.98 
1 3.47 1.09 3.16 2.22 3.38 1.48 3.53 1.95 1.92 0.8 0 2.73 1.55 0.58 3.58 0.17 1.48 2.26 1.22 2.18 
2.59 3.33 2.72 2.28 2.88 3.16 3.29 5.48 0.93 1.68 2.17 2.73 0 4.09 2.15 2.17 2.87 4.16 1.32 3.33 4.66 
2.43 4.89 2.47 4.7 3.6 4.82 1.18 3.95 3.43 2.79 2.35 1.55 4.09 0 2.07 5.13 1.39 0.49 3.81 0.89 0.63 
0.94 3.21 1.08 2.75 2.05 3.1 1.7 3.83 1.38 1.54 0.46 0.58 2.15 2.07 0 3.11 0.73 2.05 1.75 1.54 2.69 
2.81 1.62 2.85 0.62 2.11 1.46 4.75 4.79 2 3.59 2.79 3.58 2.17 5.13 3.11 0 3.74 5 1.39 4.64 5.76 
1.13 3.6 1.21 3.32 2.34 3.52 1.38 3.53 2.11 1.99 0.96 0.17 2.87 1.39 0.73 3.74 0 1.33 2.43 1.1 2.02 
2.22 4.62 2.23 4.53 3.33 4.57 1.56 3.48 3.43 3.02 2.24 1.48 4.16 0.49 2.05 5 1.33 0 3.73 1.23 0.92 
1.68 2.08 1.77 1.18 1.6 1.91 3.36 4.3 0.68 2.3 1.49 2.26 1.32 3.81 1.75 1.39 2.43 3.73 0 3.26 4.43 
2.21 4.67 2.3 4.28 3.43 4.58 0.37 4.39 2.78 1.92 1.94 1.22 3.33 0.89 1.54 4.64 1.1 1.23 3.26 0 1.36 
3.05 5.5 3.08 5.32 4.21 5.43 1.54 4.3 4.03 3.27 2.98 2.18 4.66 0.63 2.69 5.76 2.02 0.92 4.43 1.36 0 
