Number_Of_Customers: 70
Vehicle_Capacity:    50
Alpha:               0.75
Number_Of_Scenarios: 100

Location_Coordinates:
0 0 0
1 0.790707 -0.59003
2 -1.63966 2.24795
3 1.3296 1.63025
4 -0.412731 -1.77081
5 -2.04163 1.28691
6 -0.875006 -1.2311
7 -1.05058 -2.1441
8 -0.883182 1.35754
9 1.20716 -1.25446
10 1.30532 -1.42181
11 -1.42241 -1.39798
12 -0.778121 2.12216
13 2.07751 1.62903
14 -0.939458 0.522268
15 -2.2345 -0.226343
16 0.861562 0.278573
17 1.97657 0.236763
18 -0.721036 1.54432
19 0.380893 1.66445
20 -0.520673 -0.943281
21 1.27236 -0.525548
22 2.10755 1.5888
23 -2.07175 0.147942
24 1.45874 2.08933
25 0.440799 -1.49944
26 -1.04302 -0.0767728
27 -0.320136 -0.530391
28 0.725793 -1.60512
29 -2.23209 0.322898
30 1.9534 0.791424
31 1.46833 -1.76564
32 -0.185956 -0.359388
33 -0.240217 -2.33078
34 1.51595 -1.41209
35 2.03476 -1.81598
36 -1.15774 1.93344
37 0.248443 0.577531
38 1.56981 -1.16546
39 2.09182 2.17026
40 0.490852 -0.247584
41 -1.14512 -1.02314
42 -0.950012 -1.84979
43 0.573075 1.67068
44 -0.95177 -1.40212
45 -0.457265 -0.247906
46 -1.55666 2.17325
47 0.749956 -0.483509
48 -1.33323 2.34129
49 0.0483483 -2.4106
50 0.0429196 1.3492
51 0.931857 1.72278
52 -0.238613 -0.369333
53 -2.38079 1.14261
54 -1.19327 -0.321456
55 2.29121 -1.71594
56 0.254818 -2.26918
57 1.86168 -0.683613
58 0.522773 1.23935
59 -0.316986 2.41206
60 -0.46409 0.0475348
61 -1.08342 0.896278
62 -1.26079 -0.0216158
63 1.70368 -1.31631
64 1.74525 2.38155
65 1.73568 1.62366
66 -1.12087 1.50087
67 0.205098 2.08628
68 -0.814837 0.0299232
69 -2.08058 1.6375
70 1.42916 -0.0427759

Demand_per_scenario:
1 5 4 4 5 3 6 4 4 5 3 4 5 4 4 5 4 4 5 4 4 6 6 3 5 4 5 3 5 5 5 3 5 6 3 4 3 3 5 6 4 6 6 7 4 6 5 2 5 3 5 4 3 5 6 5 4 4 3 4 5 5 6 4 3 5 4 6 6 4 4 5 4 4 6 3 4 5 5 5 6 4 5 4 3 4 5 5 6 3 6 5 3 4 5 4 4 6 4 6 4
2 5 3 3 5 5 4 4 3 2 5 2 4 5 3 4 4 4 4 4 5 3 4 4 5 3 5 5 5 4 5 7 4 5 4 4 4 2 4 3 3 4 4 5 5 4 4 6 6 2 5 4 4 5 5 4 3 4 3 4 5 4 3 5 2 5 4 5 4 3 4 6 2 4 5 4 2 5 4 4 5 4 4 3 5 4 4 4 3 5 4 4 5 6 3 5 5 3 5 5 4
3 8 8 7 6 5 7 9 7 6 6 6 7 8 8 7 7 6 7 6 7 8 6 6 7 8 7 4 7 7 8 6 5 7 6 7 5 7 6 10 6 6 7 7 7 6 7 7 7 6 8 6 7 8 7 5 6 6 5 6 8 6 5 6 9 8 5 7 9 7 7 9 8 6 7 7 8 7 6 6 5 8 7 6 7 6 7 7 8 7 7 8 5 4 9 8 6 6 8 6 9
4 10 9 9 9 10 9 9 10 8 9 9 10 8 10 8 8 10 10 10 8 11 9 9 10 9 8 10 8 9 8 8 8 9 10 9 9 9 10 9 9 8 8 9 9 10 10 8 9 10 9 10 8 8 8 8 9 9 10 9 10 9 8 9 10 8 8 10 9 10 9 9 9 8 11 9 9 8 7 10 9 9 10 9 8 10 9 11 8 9 9 9 9 12 9 10 11 9 10 9 8
5 4 4 4 4 3 4 3 5 4 4 6 6 5 4 3 4 2 2 5 4 3 4 4 3 4 5 6 4 3 6 4 3 4 4 5 4 5 5 4 4 3 5 2 4 4 4 3 4 5 4 2 5 5 3 4 5 4 5 4 3 4 5 4 3 5 4 5 5 4 4 6 4 4 4 4 4 5 5 6 3 5 4 3 4 4 4 5 4 3 4 4 3 5 4 5 4 4 4 5 3
6 7 6 7 6 6 5 8 6 6 6 9 6 7 6 6 7 6 5 6 4 7 7 6 7 6 7 7 7 8 7 7 8 4 6 6 7 7 7 6 5 6 5 5 8 5 7 7 5 6 6 8 6 6 5 6 5 5 7 6 4 5 8 7 5 7 5 8 6 6 9 6 6 6 6 8 6 5 5 5 7 5 6 5 5 6 5 6 7 6 6 5 6 5 6 8 5 7 7 7 6
7 6 6 7 4 5 6 6 4 7 6 4 6 5 6 4 5 4 5 5 4 5 6 5 6 4 5 5 6 6 5 5 6 5 5 4 7 6 6 5 5 4 5 5 6 3 7 5 6 6 5 6 7 5 6 3 7 5 4 6 5 6 4 6 7 5 4 5 6 6 6 5 6 6 6 5 5 6 5 6 7 7 5 7 4 5 5 5 5 5 6 7 4 5 6 4 6 6 4 5 4
8 4 6 5 6 5 5 6 7 6 7 6 7 6 5 6 6 3 8 5 6 7 6 6 5 6 5 6 6 6 7 6 6 4 5 6 7 4 7 6 6 7 7 5 5 7 6 5 5 5 5 6 3 5 7 6 6 5 5 5 7 7 5 6 6 5 6 6 5 5 7 6 6 5 7 4 7 6 7 3 6 6 5 6 6 5 7 8 6 7 7 5 6 5 6 6 4 6 6 7 5
9 8 5 6 6 7 5 8 7 8 6 6 9 7 8 8 7 7 6 6 6 6 5 8 6 7 7 5 8 6 7 7 6 8 9 8 6 6 7 7 8 7 5 7 8 9 7 7 6 6 5 7 6 7 5 6 8 7 9 6 8 10 6 7 7 7 8 7 7 6 7 8 9 7 6 8 7 6 5 7 7 5 8 7 7 7 7 7 8 7 6 7 8 5 8 8 7 6 8 7 8
10 7 5 5 6 5 6 6 4 6 6 7 5 8 8 7 5 5 7 5 6 6 6 7 5 4 6 7 7 5 6 7 4 6 7 5 6 5 7 5 5 8 5 6 6 6 5 6 4 6 6 7 6 4 6 7 5 8 6 5 5 5 4 6 7 6 5 8 5 5 5 7 5 5 5 6 7 5 5 6 5 6 3 7 7 7 5 5 8 6 4 6 5 6 4 5 7 6 5 5 7
11 5 4 5 6 6 6 5 5 6 5 6 7 6 5 5 6 7 6 5 4 3 5 6 6 6 5 6 6 5 6 6 5 4 6 6 5 5 5 5 6 7 6 5 6 5 6 6 5 7 6 5 5 7 6 3 7 5 7 5 6 7 6 6 7 6 5 5 5 7 6 5 6 5 6 6 7 6 5 6 5 5 5 6 5 4 6 7 5 5 5 5 6 5 4 4 5 6 4 5 5
12 8 8 9 10 10 9 10 10 11 10 8 10 9 9 9 8 8 7 8 9 8 8 10 9 9 10 8 8 8 11 9 9 8 9 10 11 9 8 9 8 9 8 10 8 8 8 11 9 10 8 10 8 8 10 9 9 10 9 9 8 10 10 10 9 11 12 8 8 10 10 8 10 9 7 9 8 9 11 10 10 8 8 10 9 10 9 10 10 9 9 8 9 8 9 9 9 9 9 9 9
13 5 6 4 6 6 4 6 4 5 5 5 6 4 5 6 4 5 6 6 7 5 6 4 4 6 6 6 5 6 5 5 6 4 5 5 5 6 7 6 6 5 6 5 4 6 6 4 5 5 6 6 6 6 6 7 5 5 6 5 7 5 5 5 6 4 6 5 5 4 6 4 7 5 6 6 4 6 6 4 6 5 4 5 4 5 7 4 6 7 4 7 5 4 4 6 5 6 5 5 5
14 7 8 8 7 8 9 8 8 7 9 10 8 8 7 9 7 9 9 8 10 9 7 9 7 8 7 8 9 7 9 8 8 8 8 10 9 8 9 9 9 9 8 8 8 8 8 8 10 9 7 8 9 10 8 10 9 8 8 10 8 8 9 8 9 7 7 7 8 8 8 8 7 9 9 8 10 8 7 8 7 9 8 7 9 8 8 8 6 7 8 7 8 8 8 9 8 8 8 7 7
15 9 8 7 10 10 8 9 10 9 9 8 8 11 11 10 10 8 8 7 9 8 10 8 7 9 8 8 9 9 9 8 9 11 9 8 8 11 9 8 9 8 9 8 8 9 7 10 8 9 8 9 9 9 8 10 9 8 9 11 10 7 8 8 10 9 8 10 10 10 8 10 8 7 9 9 9 9 10 9 9 7 8 8 6 9 9 8 8 8 6 8 10 7 8 7 11 9 8 9 10
16 4 4 3 3 4 5 3 5 5 2 5 4 3 3 5 5 4 3 4 4 4 2 5 3 4 3 3 5 3 3 2 4 4 3 3 4 6 2 3 2 4 2 4 5 3 5 2 4 3 2 3 1 3 5 3 5 4 3 3 3 2 4 4 3 4 5 3 4 2 3 5 4 2 4 4 4 2 5 3 3 6 3 3 2 3 5 4 5 4 5 3 4 4 5 5 5 4 4 6 5
17 5 5 4 5 4 7 5 5 4 7 4 5 4 6 5 5 4 5 4 5 7 5 5 6 7 5 6 4 6 5 6 6 6 4 4 5 4 5 4 6 5 5 5 6 4 5 6 5 4 6 6 6 6 6 6 6 4 6 6 4 5 5 6 7 3 5 5 5 4 5 6 6 6 5 7 7 6 5 5 5 5 5 5 5 6 6 6 6 6 6 5 7 7 4 4 7 6 4 5 5
18 8 6 8 7 6 8 6 7 7 8 7 8 9 7 6 6 6 8 7 8 7 6 7 7 7 8 8 7 7 7 8 5 7 7 9 7 7 7 7 8 8 9 9 8 8 8 7 8 8 7 7 8 9 6 8 9 8 7 7 7 7 9 7 7 6 8 7 6 6 7 7 7 8 7 7 8 5 6 7 8 7 7 7 8 8 7 8 8 8 8 7 8 7 7 8 9 8 7 8 7
19 6 5 3 7 4 6 8 6 5 3 3 6 7 7 5 7 6 7 4 5 4 6 6 6 6 4 7 6 7 7 5 4 5 7 7 5 6 4 5 5 6 7 5 5 6 7 5 6 6 5 5 6 6 6 5 7 5 6 5 6 5 5 6 6 5 5 5 7 4 6 5 4 7 5 4 7 6 5 5 5 5 5 6 6 4 5 7 6 5 6 4 6 6 7 5 5 5 6 5 6
20 6 6 6 6 7 5 8 8 7 7 6 8 7 7 7 7 9 5 8 7 6 8 7 8 8 6 6 9 6 4 8 5 6 7 7 6 6 6 5 9 5 6 7 7 7 9 6 7 6 7 5 7 6 7 6 8 6 5 6 8 7 7 6 7 8 7 5 6 6 6 5 5 7 5 7 7 8 6 7 8 6 8 6 6 6 7 7 7 7 8 7 5 8 5 8 5 8 5 7 6
21 5 5 5 4 3 6 4 5 5 5 5 5 3 4 5 4 6 4 6 5 4 6 5 6 5 4 4 4 5 5 5 4 5 6 5 5 5 4 4 4 5 5 5 4 6 4 4 5 4 3 5 7 5 5 5 5 4 5 5 4 5 6 5 6 5 4 5 5 4 7 4 2 5 5 6 5 4 4 4 4 3 7 5 5 6 3 5 4 5 5 4 4 4 5 5 5 4 5 5 5
22 9 8 9 9 10 9 8 8 8 9 9 9 10 10 10 7 7 9 6 7 8 8 10 8 9 7 11 8 10 10 9 9 8 9 8 9 7 9 10 11 11 8 8 8 8 9 8 8 8 9 9 9 9 8 10 7 8 10 9 9 7 8 8 9 7 10 7 10 8 9 7 8 8 9 10 8 10 9 8 9 10 9 9 8 10 9 11 11 8 8 7 9 8 9 9 9 9 8 9 7
23 4 6 5 4 5 4 5 6 7 6 6 5 5 5 5 6 6 5 4 4 4 5 3 4 6 4 5 4 5 5 5 4 5 3 4 5 4 6 4 5 4 5 3 6 5 7 5 5 6 5 4 5 5 7 4 4 6 3 5 6 5 5 7 5 5 6 4 6 5 5 4 5 4 5 4 5 4 5 4 4 6 5 4 4 5 5 6 5 5 5 5 4 3 6 7 5 3 4 6 7
24 6 4 5 5 3 5 4 6 5 5 4 5 5 3 5 5 3 4 4 5 5 3 6 3 4 5 5 5 5 4 3 5 3 3 5 5 5 5 4 4 5 4 5 4 6 5 4 3 5 4 6 4 3 5 3 4 5 7 3 5 4 5 6 4 4 5 4 5 5 4 4 5 6 4 3 4 3 5 5 4 4 5 4 5 5 4 2 6 3 4 3 4 4 5 5 3 6 3 4 4
25 4 4 4 5 4 4 3 3 4 3 2 1 2 3 5 4 3 4 2 4 4 3 4 5 3 2 2 4 1 3 3 3 4 5 1 5 4 5 2 2 4 4 4 5 3 3 3 3 3 3 4 4 3 4 3 2 4 2 2 2 4 4 3 2 3 3 4 1 3 3 3 4 2 4 2 1 3 3 4 4 3 3 1 4 5 4 2 3 3 3 4 6 3 3 4 4 6 4 3 3
26 5 3 5 5 4 4 4 5 4 3 4 4 5 3 5 4 4 5 5 4 6 6 6 5 3 5 3 2 4 5 5 5 4 4 3 4 5 5 4 5 3 5 4 5 4 5 3 5 5 4 5 4 5 5 6 5 3 3 4 4 4 5 2 3 4 3 4 5 3 4 5 2 6 4 3 5 5 3 6 4 5 7 4 5 6 4 5 4 4 4 5 4 6 3 2 5 4 3 5 4
27 7 10 8 7 10 9 8 9 9 6 10 9 7 8 8 8 7 7 10 7 7 7 8 8 8 7 8 8 9 8 9 8 8 8 7 8 8 7 8 7 5 8 8 8 7 8 10 7 7 10 7 8 9 9 8 9 9 8 7 8 10 10 8 7 8 7 7 8 9 9 8 7 8 9 6 6 7 8 8 9 9 7 8 9 7 9 8 6 10 9 7 8 8 8 9 9 7 8 9 8
28 3 4 5 4 5 4 3 3 3 4 4 5 4 5 4 3 3 4 4 3 2 3 3 4 3 4 3 5 3 5 4 3 3 4 5 6 4 2 4 5 4 3 4 4 6 2 3 4 5 4 3 4 2 4 4 4 3 2 5 3 4 4 3 3 6 3 5 3 4 4 4 3 5 4 6 5 3 3 3 3 6 5 3 2 4 2 4 2 4 3 4 6 5 5 4 4 3 4 3 3
29 10 7 7 7 9 8 8 8 8 9 8 7 7 7 8 8 9 8 8 8 6 9 6 9 6 10 9 8 9 9 8 8 8 11 9 7 7 6 10 9 9 8 8 6 8 6 8 7 9 7 8 8 7 10 8 6 7 9 8 10 7 9 7 8 7 7 8 8 6 6 7 9 6 8 9 7 8 8 8 7 9 7 9 8 7 7 8 9 7 9 8 8 10 8 8 7 9 9 6 8
30 3 2 4 6 5 3 3 5 2 3 5 5 3 4 4 4 6 3 5 3 2 4 4 4 6 4 4 5 3 5 3 6 4 5 4 3 4 3 4 5 3 6 4 3 5 4 4 4 4 5 3 5 3 5 4 5 4 4 4 5 4 4 6 2 4 3 4 3 4 5 5 6 2 5 3 5 4 4 3 4 4 4 5 3 6 2 5 3 3 3 4 4 5 5 3 5 5 4 3 4
31 6 5 5 5 6 7 5 7 4 4 5 4 6 6 7 6 4 5 3 5 7 6 7 5 6 7 4 5 6 7 6 6 5 7 6 6 5 5 5 7 6 5 7 8 5 6 5 5 5 6 5 5 6 4 7 5 5 6 5 6 5 7 5 4 4 4 4 7 6 4 8 6 6 7 6 5 4 4 6 5 7 6 6 7 5 7 5 5 6 5 5 5 5 7 4 5 6 5 5 6
32 4 5 5 5 5 5 5 5 5 3 4 5 5 5 5 5 7 6 4 6 5 5 4 5 5 5 5 3 2 6 5 7 6 6 3 5 6 5 5 5 5 4 4 5 4 4 6 5 4 6 5 5 5 4 6 4 5 6 4 6 5 6 6 4 6 5 6 5 5 5 4 5 5 3 4 4 4 6 4 6 3 4 4 5 4 5 3 5 4 6 4 5 3 4 5 4 5 6 4 5
33 5 5 7 4 6 4 5 6 6 6 6 4 6 5 5 3 4 4 5 5 5 4 3 4 5 4 6 5 4 4 5 4 6 5 3 4 5 5 4 3 6 5 5 4 5 3 6 4 6 4 5 6 6 4 4 6 5 5 6 5 5 5 5 5 5 5 5 5 4 6 5 4 4 5 5 4 5 4 8 4 4 4 5 4 5 3 5 6 3 6 3 6 4 5 5 5 5 5 6 5
34 5 5 6 3 4 4 4 2 4 6 2 5 3 5 4 3 5 5 4 6 5 6 5 5 5 4 4 3 4 5 4 3 4 4 3 5 2 3 2 5 4 3 4 4 4 4 2 4 4 4 4 5 4 5 2 3 3 2 5 3 2 4 4 4 1 4 5 4 4 4 5 4 4 4 4 5 3 2 4 4 6 4 4 3 5 4 5 6 4 6 4 5 5 5 2 4 6 4 5 5
35 4 7 7 6 6 7 7 7 7 8 7 7 7 6 6 6 7 7 6 7 6 7 6 8 8 6 7 4 8 7 6 8 7 5 5 5 8 8 7 7 6 7 8 7 7 8 5 6 8 6 8 8 6 6 7 7 7 7 9 8 7 6 8 6 7 6 7 8 7 9 5 9 7 8 6 6 5 6 6 8 6 6 8 7 5 7 7 5 5 7 5 6 8 8 6 8 8 7 8 6
36 1 3 5 2 3 2 3 5 2 3 3 3 4 3 3 3 5 4 3 5 4 3 2 4 3 3 5 1 5 5 3 5 5 5 2 4 6 5 3 4 3 4 4 4 2 4 3 4 3 3 5 5 3 4 4 3 3 5 3 3 6 3 3 5 3 4 4 3 3 5 4 4 5 4 4 2 5 4 5 4 2 5 3 5 6 4 4 3 5 3 3 4 4 5 3 4 3 4 4 4
37 6 4 6 6 4 3 4 3 5 5 6 5 5 4 6 5 4 4 5 5 4 4 4 3 2 4 5 4 3 5 5 4 3 4 5 4 5 4 4 4 7 3 5 5 6 4 3 5 6 3 6 3 5 6 3 4 4 4 5 4 4 4 5 7 6 6 4 4 2 3 5 5 4 7 4 4 3 5 4 5 4 3 5 3 4 5 3 4 5 3 6 4 6 6 3 5 5 5 6 5
38 7 6 6 7 7 7 5 6 7 5 7 5 7 5 6 4 7 6 6 4 4 6 6 5 6 6 7 6 6 4 6 5 7 5 5 5 6 7 7 7 7 5 6 7 5 6 5 8 6 5 6 6 5 5 5 6 8 6 6 7 7 8 7 7 7 6 8 7 7 6 7 7 8 6 6 7 6 6 6 5 8 7 6 5 6 7 5 7 7 6 6 7 7 5 6 6 4 5 6 6
39 8 6 6 6 6 6 8 7 5 6 6 8 5 7 7 5 7 6 7 7 8 8 8 5 7 6 4 5 9 6 5 6 6 5 7 8 6 7 7 6 7 6 7 6 6 6 6 5 6 6 5 5 5 7 8 7 7 7 7 6 8 5 6 6 7 8 5 7 8 7 6 6 6 6 5 6 6 7 5 6 6 6 7 6 6 7 7 7 7 7 6 6 6 6 7 7 8 5 6 6
40 5 6 6 4 6 6 4 6 6 6 6 8 5 8 6 5 5 5 5 7 7 6 8 5 4 6 6 5 6 6 6 6 5 7 8 5 6 7 4 6 6 5 6 8 5 7 7 6 6 8 6 6 6 5 5 6 6 6 6 8 7 7 6 6 5 6 6 5 4 7 5 6 6 6 7 6 6 4 7 6 6 5 6 7 5 6 7 6 6 7 6 8 6 5 6 6 6 6 5 6
41 6 5 7 6 8 7 5 6 7 4 7 6 6 6 5 5 6 4 5 5 5 7 8 5 7 5 7 7 5 7 6 5 5 5 7 5 5 4 5 6 6 6 5 7 5 4 6 5 7 6 5 6 9 5 6 6 7 5 4 5 5 6 5 7 6 7 6 3 6 7 7 7 7 5 6 7 6 5 5 6 7 4 6 5 4 4 6 8 5 5 4 7 4 7 5 5 5 7 5 4
42 3 5 4 3 2 3 4 3 4 2 2 7 3 4 4 3 2 5 3 4 6 3 4 2 3 3 4 4 1 2 6 3 4 3 4 3 3 4 3 3 4 3 2 4 4 3 3 4 4 4 3 4 4 4 3 5 2 3 4 4 4 3 3 5 2 3 3 3 5 4 1 3 3 3 3 2 5 3 4 3 4 4 2 5 3 3 2 5 2 3 1 4 3 5 2 4 2 4 4 3
43 6 7 8 7 6 6 5 6 6 6 6 5 6 7 5 7 5 7 5 5 7 6 5 7 8 6 6 4 6 6 5 4 6 6 7 6 7 5 3 6 6 5 5 7 6 5 7 6 6 5 5 5 6 5 4 7 5 5 5 7 6 4 5 6 6 5 3 7 5 5 5 6 6 4 4 6 6 6 5 6 7 5 5 6 5 6 7 7 5 6 7 6 5 6 6 6 5 6 7 5
44 6 7 7 8 5 7 8 7 9 6 9 8 9 6 7 8 7 6 6 8 7 7 8 7 8 6 8 7 8 7 7 8 6 7 7 6 4 5 7 7 9 8 8 9 6 8 8 10 7 9 6 9 9 6 8 6 7 6 5 6 8 7 8 9 7 10 8 7 7 8 8 9 7 6 7 9 8 6 8 8 9 6 6 7 6 8 8 7 7 8 6 7 9 6 6 6 8 8 9 6
45 5 7 7 5 6 6 6 5 8 6 5 5 8 6 5 6 7 4 4 7 6 6 6 5 5 6 6 5 6 7 5 5 4 6 6 6 7 5 8 5 5 7 7 5 5 6 5 6 7 6 6 5 6 7 6 7 6 4 5 7 7 5 5 5 6 7 5 6 4 6 6 4 5 6 7 6 5 6 6 7 5 7 5 7 6 6 5 5 6 6 6 5 6 6 5 6 5 5 7 6
46 5 7 6 6 5 7 6 4 7 5 5 5 5 5 6 5 5 6 7 5 6 5 5 8 6 6 5 6 6 6 4 8 5 7 7 9 8 5 5 6 4 5 5 6 6 7 7 5 5 6 4 6 6 5 7 7 7 6 6 6 6 7 4 6 8 6 5 6 6 6 8 4 5 5 4 5 6 7 6 5 6 5 8 6 6 5 6 4 7 7 4 5 6 3 5 7 3 5 8 4
47 8 7 5 8 6 5 4 6 6 5 5 4 7 7 6 8 6 7 6 5 7 6 5 7 3 6 7 7 5 5 5 4 5 6 7 6 8 7 6 6 4 4 8 7 5 6 8 5 6 6 8 5 6 7 5 8 5 6 5 5 6 5 6 7 6 6 6 7 6 8 7 7 6 8 5 7 7 5 5 7 4 4 6 7 6 6 7 5 5 7 7 7 7 6 6 4 8 6 6 7
48 7 4 7 8 5 7 6 5 6 5 8 6 5 8 5 7 5 7 6 7 7 8 6 7 5 8 5 6 9 7 5 5 6 7 5 8 7 6 7 6 6 7 9 8 6 7 5 5 6 7 6 8 7 5 8 5 6 7 7 7 6 7 6 7 7 7 6 6 7 6 7 9 8 7 6 8 6 6 5 6 3 6 7 7 6 7 8 6 5 6 6 7 5 7 7 6 7 7 6 6
49 3 1 1 2 2 2 3 2 2 4 2 2 4 1 3 2 1 2 4 2 2 2 4 2 3 3 2 1 1 3 1 2 2 3 2 2 1 3 1 1 4 3 2 3 2 3 2 2 3 2 2 1 2 4 5 1 1 2 1 1 2 3 2 4 5 1 2 2 2 3 4 1 3 4 2 2 2 4 2 1 2 1 1 1 2 1 3 1 1 1 1 3 1 2 3 2 1 2 2 1
50 6 4 4 5 4 4 4 3 3 4 4 4 3 5 4 4 3 3 3 5 4 5 4 3 4 1 5 5 4 5 5 6 6 4 4 3 4 5 3 4 4 4 4 4 6 5 6 5 4 6 4 4 4 5 4 5 5 5 6 6 3 6 5 3 4 4 6 5 4 4 4 4 5 4 3 4 5 4 6 4 5 3 4 4 4 5 3 6 6 6 6 3 5 6 4 4 3 3 5 3
51 3 3 3 2 2 2 1 3 1 4 1 3 3 2 3 1 4 3 3 4 1 2 2 2 3 5 1 1 3 2 3 2 3 2 3 2 2 3 3 3 3 2 2 2 1 2 3 3 3 3 3 3 1 3 4 4 3 2 3 3 1 3 2 3 2 3 1 2 4 2 4 3 2 2 3 2 2 2 3 3 2 2 3 1 2 2 4 2 3 4 2 3 1 3 3 2 4 3 2 3
52 6 4 5 6 7 6 6 6 8 6 7 7 6 6 6 6 7 6 7 7 7 7 6 6 6 5 7 5 6 8 7 6 8 7 8 6 6 8 6 6 6 7 5 4 6 6 6 7 6 6 6 5 6 7 8 6 5 7 7 7 7 6 7 6 6 6 6 5 7 6 7 7 7 7 7 7 5 7 6 5 7 6 5 6 6 7 7 8 8 5 6 7 4 7 6 8 7 7 5 7
53 5 5 6 2 2 3 3 2 4 5 6 5 3 5 2 2 4 3 4 4 3 3 2 3 5 4 5 3 4 3 5 4 4 4 3 4 4 3 4 3 3 4 3 2 3 3 4 2 2 4 3 3 1 5 5 4 2 4 5 2 3 3 5 4 2 4 3 2 4 3 5 3 4 6 5 2 3 4 4 2 3 3 4 5 2 3 4 3 4 4 1 3 4 3 4 2 5 3 4 3
54 5 6 5 6 7 7 6 5 6 5 6 5 8 7 7 6 6 6 6 6 7 7 7 6 7 7 7 6 5 6 4 7 7 7 6 7 6 6 8 6 5 6 5 5 5 6 6 7 7 7 7 6 4 5 5 8 4 6 4 5 7 6 7 6 6 5 6 5 6 6 6 7 5 8 6 5 6 6 6 6 5 6 6 6 8 5 6 4 7 6 6 6 5 4 7 6 7 5 8 6
55 2 2 3 1 1 3 1 1 4 2 2 2 1 2 3 1 2 2 2 1 1 1 2 2 1 1 1 3 2 1 2 2 1 2 3 1 1 1 2 1 2 1 2 2 3 2 1 2 2 2 2 3 1 1 3 3 1 3 1 3 1 2 3 2 2 1 3 3 1 1 2 1 2 1 2 3 1 1 3 2 2 2 1 3 2 1 1 3 1 2 1 2 1 2 2 2 1 3 1 1
56 7 7 9 8 7 8 10 7 8 9 9 6 6 8 7 7 7 6 5 8 8 7 6 7 6 7 7 7 5 8 6 7 8 6 8 8 5 9 6 6 4 7 7 6 6 5 6 8 8 8 7 3 7 5 6 7 7 7 6 6 8 7 7 7 7 5 7 5 5 7 7 7 7 7 8 7 6 6 7 6 8 8 7 7 6 6 6 8 8 7 7 8 8 7 8 5 7 7 5 6
57 8 5 7 6 6 7 4 4 6 6 6 7 7 6 6 6 6 6 6 5 6 8 6 5 5 7 6 6 6 7 5 7 6 6 6 6 7 6 5 6 6 8 4 5 6 5 6 7 6 6 6 4 8 7 7 7 7 6 6 6 7 6 5 7 5 7 7 5 6 7 5 6 6 7 7 7 5 8 4 6 6 6 6 4 6 4 6 6 6 6 6 6 5 5 9 4 5 6 6 5
58 4 5 5 5 7 5 5 4 6 4 4 5 6 6 6 6 4 5 4 5 4 5 5 2 6 5 5 6 6 5 5 5 5 4 5 3 4 5 6 6 6 5 5 5 3 5 3 5 5 6 4 4 3 4 4 6 5 4 4 2 5 4 4 5 6 6 6 6 4 5 4 5 6 3 6 4 6 5 5 3 5 4 7 6 6 6 2 5 5 4 4 6 5 4 4 5 7 4 5 6
59 6 6 5 5 6 4 6 5 5 4 6 5 3 6 6 3 4 5 5 5 3 3 3 5 6 5 4 5 6 6 4 4 5 5 5 6 5 5 4 4 6 6 6 4 4 5 4 5 6 5 5 5 5 6 6 5 5 5 5 3 5 5 6 3 5 5 4 6 4 4 5 5 6 4 5 4 4 6 5 5 5 5 4 5 4 5 4 7 3 5 5 6 4 4 5 4 4 5 5 5
60 6 3 6 5 4 5 4 5 5 4 3 3 6 3 5 6 6 7 3 4 2 4 4 3 4 3 5 4 4 3 4 6 4 2 3 6 3 4 4 6 5 4 5 5 6 4 3 5 4 5 4 4 5 5 4 5 5 4 6 3 5 5 5 5 2 3 6 6 4 4 4 3 4 6 4 4 5 3 3 5 5 3 6 4 4 5 5 4 4 5 5 4 5 3 2 5 6 4 4 3
61 8 8 6 5 8 7 7 7 5 7 6 8 6 9 7 7 8 6 8 7 9 9 7 7 7 8 8 7 7 9 8 8 8 7 7 6 7 8 5 8 6 6 7 6 8 5 7 8 7 7 8 6 8 8 7 5 7 7 5 6 6 5 7 7 6 8 8 6 9 7 6 7 7 8 6 7 7 7 8 6 6 9 6 7 5 7 6 7 7 6 7 6 6 7 8 6 6 9 6 8
62 7 5 7 7 7 7 8 9 9 7 8 7 7 8 7 7 6 6 7 8 8 9 8 4 6 8 9 7 8 6 6 7 6 6 7 7 7 7 8 7 6 6 8 9 6 5 8 7 7 8 10 7 7 6 6 8 7 8 10 8 6 9 8 9 6 7 7 9 7 7 9 7 8 8 8 8 6 6 8 8 8 6 8 7 8 9 8 6 10 7 8 9 7 7 6 6 6 7 8 7
63 3 4 6 2 3 3 5 4 4 3 4 5 5 5 4 5 3 5 4 4 3 1 5 5 5 3 4 5 5 2 4 3 4 4 2 2 5 4 4 4 4 4 4 3 6 2 4 3 4 4 5 4 4 4 4 4 4 4 3 5 3 4 5 3 3 3 3 5 4 4 4 6 4 3 4 4 4 4 2 4 2 4 5 4 6 4 4 2 4 5 4 5 4 3 3 5 1 3 3 3
64 4 3 2 2 4 3 3 2 1 3 2 3 2 3 3 3 4 2 2 3 2 3 3 2 2 2 2 3 4 3 3 3 3 5 1 4 3 2 4 2 3 3 4 1 2 4 3 3 2 4 3 2 3 3 3 4 2 4 2 1 2 3 3 2 2 2 3 3 4 4 2 3 2 3 2 1 2 3 5 4 2 2 4 3 3 2 2 3 2 2 4 4 2 2 2 4 4 1 4 3
65 6 7 7 6 4 5 4 5 4 5 6 3 4 5 6 4 4 5 3 5 6 5 4 6 3 4 5 6 4 4 4 3 5 6 4 3 6 4 4 4 4 4 7 3 4 6 4 6 4 5 5 5 4 5 4 6 5 5 6 3 4 4 6 3 3 5 4 4 4 5 7 5 3 6 3 5 3 4 5 5 6 5 3 5 5 3 4 5 5 5 4 3 4 5 5 5 4 4 4 5
66 8 7 10 6 7 9 6 8 9 6 8 9 10 7 6 6 6 7 5 9 6 8 7 9 7 8 7 6 6 7 6 7 7 7 8 8 8 9 8 7 7 8 8 9 8 6 8 8 8 8 7 9 6 7 7 8 7 6 6 7 7 7 9 8 8 8 8 8 8 8 9 6 7 9 9 8 7 8 6 7 8 8 10 7 7 9 10 9 8 9 7 7 7 5 8 7 9 6 9 7
67 6 6 4 7 6 4 7 7 5 6 4 6 5 6 7 4 5 7 6 6 5 7 7 6 6 5 5 6 5 6 6 4 6 6 6 6 5 4 6 4 5 7 5 8 7 4 4 5 6 6 5 6 6 6 4 5 5 5 5 5 3 6 4 5 7 3 5 7 6 5 6 5 6 5 6 7 6 7 7 6 6 6 5 8 6 5 5 7 7 6 4 6 6 5 5 5 7 6 5 3
68 5 4 3 5 5 4 4 4 2 5 3 5 4 4 2 4 4 5 4 3 3 4 5 3 5 5 2 6 4 6 4 4 5 3 5 4 4 3 4 5 3 4 3 6 5 4 4 2 4 4 2 4 5 4 4 4 4 6 5 5 5 4 4 4 3 3 4 4 6 5 5 5 4 4 6 5 2 4 2 3 5 5 4 3 3 4 5 5 1 3 5 5 4 4 5 6 5 4 3 4
69 3 6 3 2 3 4 5 2 3 4 2 5 3 3 2 4 5 4 3 4 4 3 4 5 3 3 5 4 3 4 3 4 3 2 3 3 4 4 3 2 4 4 4 3 4 2 5 4 3 3 6 3 4 2 5 3 3 2 3 5 3 4 5 5 5 3 2 6 4 3 3 4 4 2 4 4 2 5 3 5 4 2 3 3 4 3 5 5 5 3 3 5 5 2 4 4 4 3 3 3
70 6 6 4 2 5 6 5 5 4 5 5 5 5 6 6 3 5 4 4 5 4 5 3 5 5 5 4 4 6 5 4 8 5 4 6 5 5 7 5 7 4 6 6 6 4 5 4 6 5 5 4 4 5 6 5 5 6 3 4 5 5 4 6 4 6 6 5 5 5 4 8 5 4 5 5 5 5 5 5 5 4 6 2 5 3 5 5 5 5 6 4 4 6 5 5 3 6 5 5 4

Probability_of_each_scenario_occuring:
0.01 0.01 0.01 0.01 0.01 0.01 0.01 0.01 0.01 0.01 0.01 0.01 0.01 0.01 0.01 0.01 0.01 0.01 0.01 0.01 0.01 0.01 0.01 0.01 0.01 0.01 0.01 0.01 0.01 0.01 0.01 0.01 0.01 0.01 0.01 0.01 0.01 0.01 0.01 0.01 0.01 0.01 0.01 0.01 0.01 0.01 0.01 0.01 0.01 0.01 0.01 0.01 0.01 0.01 0.01 0.01 0.01 0.01 0.01 0.01 0.01 0.01 0.01 0.01 0.01 0.01 0.01 0.01 0.01 0.01 0.01 0.01 0.01 0.01 0.01 0.01 0.01 0.01 0.01 0.01 0.01 0.01 0.01 0.01 0.01 0.01 0.01 0.01 0.01 0.01 0.01 0.01 0.01 0.01 0.01 0.01 0.01 0.01 0.01 0.01 

Travel_Costs:
0 0.99 2.79 2.11 1.82 2.42 1.52 2.39 1.62 1.75 1.94 2 2.27 2.65 1.08 2.25 0.91 2 1.71 1.71 1.08 1.38 2.64 2.08 2.55 1.57 1.05 0.62 1.77 2.26 2.11 2.3 0.41 2.35 2.08 2.73 2.26 0.63 1.96 3.02 0.55 1.54 2.08 1.77 1.7 0.53 2.68 0.9 2.7 2.42 1.35 1.96 0.44 2.65 1.24 2.87 2.29 1.99 1.35 2.44 0.47 1.41 1.27 2.16 2.96 2.38 1.88 2.1 0.82 2.65 1.43 
0.99 0 3.74 2.29 1.69 3.4 1.79 2.41 2.57 0.79 0.98 2.36 3.14 2.57 2.06 3.05 0.88 1.45 2.62 2.3 1.36 0.49 2.55 2.96 2.77 0.98 1.91 1.12 1.02 3.16 1.81 1.36 1.01 2.03 1.1 1.75 3.19 1.29 0.97 3.06 0.46 1.99 2.15 2.28 1.93 1.3 3.63 0.12 3.62 1.97 2.08 2.32 1.06 3.62 2.01 1.88 1.77 1.08 1.85 3.2 1.41 2.4 2.13 1.17 3.13 2.41 2.84 2.74 1.73 3.64 0.85 
2.79 3.74 0 3.04 4.21 1.05 3.57 4.44 1.17 4.52 4.71 3.66 0.88 3.77 1.87 2.55 3.19 4.14 1.16 2.11 3.39 4.03 3.81 2.15 3.11 4.29 2.41 3.08 4.53 2.02 3.88 5.08 2.99 4.79 4.84 5.48 0.58 2.53 4.69 3.74 3.29 3.31 4.16 2.29 3.72 2.77 0.12 3.63 0.33 4.96 1.91 2.63 2.97 1.34 2.61 5.59 4.9 4.57 2.39 1.34 2.5 1.47 2.31 4.89 3.39 3.44 0.91 1.86 2.37 0.76 3.83 
2.11 2.29 3.04 0 3.83 3.39 3.62 4.47 2.23 2.89 3.06 4.1 2.17 0.75 2.53 4.02 1.44 1.54 2.06 0.95 3.17 2.16 0.78 3.72 0.48 3.26 2.93 2.72 3.3 3.8 1.05 3.4 2.51 4.27 3.05 3.52 2.51 1.51 2.81 0.94 2.06 3.63 4.17 0.76 3.8 2.6 2.94 2.2 2.76 4.24 1.32 0.41 2.55 3.75 3.19 3.49 4.05 2.38 0.9 1.83 2.4 2.53 3.08 2.98 0.86 0.41 2.46 1.22 2.68 3.42 1.68 
1.82 1.69 4.21 3.83 0 3.47 0.72 0.74 3.17 1.71 1.76 1.08 3.92 4.22 2.36 2.39 2.42 3.13 3.33 3.53 0.84 2.1 4.2 2.54 4.29 0.9 1.81 1.25 1.16 2.78 3.49 1.89 1.43 0.59 1.97 2.45 3.78 2.44 2.08 4.67 1.78 1.05 0.55 3.58 0.66 1.53 4.11 1.74 4.22 0.79 3.16 3.75 1.42 3.52 1.65 2.71 0.84 2.53 3.16 4.19 1.82 2.76 1.95 2.17 4.68 4.02 3.35 3.91 1.85 3.8 2.53 
2.42 3.4 1.05 3.39 3.47 0 2.78 3.58 1.17 4.13 4.31 2.76 1.52 4.14 1.35 1.53 3.08 4.16 1.35 2.46 2.7 3.78 4.17 1.14 3.6 3.74 1.7 2.51 4.01 0.99 4.03 4.66 2.49 4.05 4.47 5.13 1.1 2.4 4.37 4.23 2.97 2.48 3.33 2.65 2.91 2.21 1.02 3.31 1.28 4.25 2.09 3.01 2.45 0.37 1.82 5.28 4.24 4.38 2.57 2.06 2.01 1.04 1.53 4.57 3.95 3.8 0.95 2.39 1.76 0.36 3.72 
1.52 1.79 3.57 3.62 0.72 2.78 0 0.93 2.59 2.09 2.19 0.58 3.36 4.12 1.76 1.7 2.31 3.21 2.78 3.16 0.46 2.27 4.11 1.83 4.06 1.35 1.17 0.9 1.65 2.07 3.48 2.41 1.12 1.27 2.4 2.97 3.18 2.13 2.45 4.52 1.69 0.35 0.63 3.25 0.19 1.07 3.48 1.79 3.61 1.5 2.74 3.47 1.08 2.82 0.97 3.21 1.54 2.8 2.84 3.69 1.35 2.14 1.27 2.59 4.47 3.87 2.75 3.49 1.27 3.12 2.6 
2.39 2.41 4.44 4.47 0.74 3.58 0.93 0 3.51 2.43 2.47 0.84 4.28 4.91 2.67 2.26 3.09 3.86 3.71 4.07 1.32 2.84 4.89 2.51 4.93 1.63 2.07 1.78 1.86 2.74 4.21 2.55 1.99 0.84 2.67 3.11 4.08 3.02 2.8 5.34 2.45 1.13 0.32 4.15 0.75 1.99 4.35 2.45 4.5 1.14 3.67 4.35 1.96 3.55 1.83 3.37 1.32 3.26 3.74 4.62 2.27 3.05 2.14 2.88 5.32 4.69 3.65 4.42 2.19 3.92 3.26 
1.62 2.57 1.17 2.23 3.17 1.17 2.59 3.51 0 3.35 3.54 2.81 0.78 2.98 0.84 2.09 2.06 3.08 0.25 1.31 2.33 2.87 3 1.7 2.46 3.15 1.45 1.98 3.38 1.71 2.9 3.91 1.86 3.75 3.67 4.32 0.64 1.38 3.52 3.09 2.12 2.4 3.21 1.49 2.77 1.67 1.06 2.47 1.09 3.89 0.93 1.86 1.85 1.52 1.71 4.42 3.81 3.43 1.42 1.2 1.38 0.51 1.43 3.73 2.83 2.64 0.28 1.31 1.33 1.23 2.71 
1.75 0.79 4.52 2.89 1.71 4.13 2.09 2.43 3.35 0 0.2 2.64 3.92 3.02 2.79 3.6 1.58 1.68 3.4 3.04 1.76 0.74 2.99 3.57 3.36 0.81 2.54 1.7 0.6 3.79 2.18 0.58 1.66 1.81 0.35 1.01 3.97 2.07 0.38 3.54 1.24 2.37 2.24 3 2.17 1.95 4.41 0.9 4.41 1.64 2.86 2.99 1.7 4.32 2.58 1.18 1.4 0.87 2.59 3.98 2.12 3.15 2.76 0.51 3.68 2.93 3.61 3.49 2.4 4.38 1.24 
1.94 0.98 4.71 3.06 1.76 4.31 2.19 2.47 3.54 0.2 0 2.73 4.12 3.15 2.97 3.74 1.76 1.79 3.6 3.23 1.89 0.9 3.12 3.73 3.52 0.87 2.71 1.86 0.61 3.95 2.31 0.39 1.84 1.8 0.22 0.83 4.17 2.27 0.37 3.68 1.43 2.49 2.3 3.18 2.26 2.12 4.6 1.1 4.6 1.6 3.05 3.17 1.87 4.5 2.74 1.03 1.35 0.93 2.78 4.17 2.3 3.33 2.93 0.42 3.83 3.08 3.8 3.68 2.57 4.57 1.39 
2 2.36 3.66 4.1 1.08 2.76 0.58 0.84 2.81 2.64 2.73 0 3.58 4.63 1.99 1.43 2.84 3.78 3.03 3.56 1.01 2.84 4.63 1.68 4.53 1.87 1.38 1.41 2.16 1.91 4.03 2.92 1.62 1.51 2.94 3.49 3.35 2.59 3.01 5.01 2.24 0.47 0.66 3.67 0.48 1.51 3.58 2.36 3.75 1.79 3.12 3.91 1.57 2.72 1.11 3.73 1.89 3.37 3.28 3.97 1.74 2.32 1.39 3.13 4.94 4.38 2.92 3.85 1.56 3.11 3.16 
2.27 3.14 0.88 2.17 3.92 1.52 3.36 4.28 0.78 3.92 4.12 3.58 0 2.9 1.61 2.77 2.47 3.34 0.59 1.25 3.08 3.35 2.94 2.37 2.24 3.83 2.22 2.7 4.02 2.32 3.04 4.5 2.56 4.49 4.22 4.84 0.43 1.86 4.04 2.88 2.69 3.17 3.98 1.43 3.53 2.4 0.79 3.03 0.6 4.61 1.13 1.76 2.55 1.88 2.48 4.92 4.52 3.86 1.58 0.55 2.1 1.27 2.2 4.25 2.54 2.57 0.71 0.99 2.1 1.39 3.1 
2.65 2.57 3.77 0.75 4.22 4.14 4.12 4.91 2.98 3.02 3.15 4.63 2.9 0 3.22 4.7 1.82 1.4 2.8 1.7 3.66 2.31 0.06 4.41 0.78 3.54 3.56 3.23 3.51 4.51 0.85 3.45 3.02 4.59 3.1 3.45 3.25 2.11 2.85 0.55 2.46 4.18 4.62 1.51 4.29 3.16 3.68 2.5 3.49 4.53 2.06 1.15 3.06 4.49 3.81 3.36 4.31 2.33 1.61 2.52 3 3.25 3.73 2.97 0.83 0.35 3.21 1.93 3.31 4.16 1.8 
1.08 2.06 1.87 2.53 2.36 1.35 1.76 2.67 0.84 2.79 2.97 1.99 1.61 3.22 0 1.5 1.82 2.93 1.05 1.75 1.53 2.45 3.23 1.2 2.87 2.45 0.61 1.23 2.71 1.31 2.91 3.33 1.16 2.94 3.13 3.79 1.43 1.19 3.03 3.46 1.63 1.56 2.38 1.9 1.93 0.91 1.77 1.97 1.87 3.1 1.29 2.23 1.14 1.57 0.89 3.94 3.04 3.05 1.63 1.99 0.68 0.41 0.64 3.22 3.27 2.9 1 1.94 0.51 1.6 2.44 
2.25 3.05 2.55 4.02 2.39 1.53 1.7 2.26 2.09 3.6 3.74 1.43 2.77 4.7 1.5 0 3.14 4.24 2.33 3.23 1.86 3.52 4.71 0.41 4.36 2.97 1.21 1.94 3.27 0.55 4.31 4.02 2.06 2.9 3.94 4.56 2.42 2.61 3.92 4.95 2.73 1.35 2.08 3.39 1.75 1.78 2.5 3 2.73 3.16 2.77 3.72 2.01 1.38 1.05 4.77 3.23 4.13 3.13 3.27 1.8 1.61 1 4.09 4.76 4.39 2.06 3.37 1.45 1.88 3.67 
0.91 0.88 3.19 1.44 2.42 3.08 2.31 3.09 2.06 1.58 1.76 2.84 2.47 1.82 1.82 3.14 0 1.12 2.03 1.47 1.85 0.91 1.81 2.94 1.91 1.83 1.94 1.44 1.89 3.1 1.21 2.14 1.23 2.84 1.82 2.41 2.62 0.69 1.61 2.26 0.65 2.4 2.8 1.43 2.48 1.43 3.08 0.78 3.02 2.81 1.35 1.45 1.28 3.36 2.15 2.46 2.62 1.39 1.02 2.44 1.35 2.05 2.15 1.81 2.29 1.61 2.33 1.93 1.7 3.25 0.66 
2 1.45 4.14 1.54 3.13 4.16 3.21 3.86 3.08 1.68 1.79 3.78 3.34 1.4 2.93 4.24 1.12 0 3 2.15 2.77 1.04 1.36 4.05 1.93 2.32 3.04 2.43 2.23 4.21 0.56 2.07 2.25 3.4 1.72 2.06 3.57 1.77 1.47 1.94 1.57 3.37 3.6 2.01 3.36 2.49 4.03 1.43 3.93 3.28 2.24 1.82 2.3 4.46 3.22 1.98 3.05 0.93 1.77 3.17 2.45 3.14 3.25 1.58 2.16 1.41 3.35 2.57 2.8 4.3 0.62 
1.71 2.62 1.16 2.06 3.33 1.35 2.78 3.71 0.25 3.4 3.6 3.03 0.59 2.8 1.05 2.33 2.03 3 0 1.11 2.5 2.88 2.83 1.95 2.25 3.26 1.66 2.12 3.47 1.95 2.78 3.97 1.98 3.91 3.71 4.35 0.59 1.37 3.55 2.89 2.17 2.61 3.41 1.31 2.96 1.82 1.05 2.51 1.01 4.03 0.79 1.67 1.98 1.71 1.93 4.44 3.94 3.42 1.29 0.96 1.52 0.75 1.66 3.75 2.61 2.46 0.41 1.08 1.52 1.37 2.68 
1.71 2.3 2.11 0.95 3.53 2.46 3.16 4.07 1.31 3.04 3.23 3.56 1.25 1.7 1.75 3.23 1.47 2.15 1.11 0 2.76 2.37 1.73 2.89 1.16 3.17 2.25 2.31 3.29 2.94 1.8 3.6 2.11 4.05 3.28 3.86 1.57 1.1 3.07 1.79 1.92 3.1 3.76 0.2 3.35 2.09 2.01 2.18 1.85 4.09 0.47 0.56 2.13 2.82 2.54 3.89 3.94 2.78 0.45 1.03 1.83 1.66 2.36 3.27 1.55 1.36 1.52 0.46 2.03 2.47 2.01 
1.08 1.36 3.39 3.17 0.84 2.7 0.46 1.32 2.33 1.76 1.89 1.01 3.08 3.66 1.53 1.86 1.85 2.77 2.5 2.76 0 1.85 3.65 1.9 3.63 1.12 1.02 0.46 1.42 2.13 3.03 2.16 0.68 1.42 2.09 2.71 2.95 1.71 2.11 4.07 1.23 0.63 1.01 2.84 0.63 0.7 3.29 1.36 3.39 1.58 2.37 3.04 0.64 2.8 0.92 2.92 1.54 2.4 2.42 3.37 1 1.93 1.19 2.26 4.03 3.42 2.52 3.12 1.02 3.02 2.15 
1.38 0.49 4.03 2.16 2.1 3.78 2.27 2.84 2.87 0.74 0.9 2.84 3.35 2.31 2.45 3.52 0.91 1.04 2.88 2.37 1.85 0 2.28 3.42 2.63 1.29 2.36 1.6 1.22 3.61 1.49 1.26 1.47 2.36 0.92 1.5 3.46 1.51 0.71 2.82 0.83 2.47 2.59 2.31 2.4 1.76 3.91 0.53 3.88 2.25 2.25 2.28 1.52 4.02 2.48 1.57 2.02 0.62 1.92 3.34 1.83 2.76 2.59 0.91 2.95 2.2 3.14 2.83 2.16 4 0.51 
2.64 2.55 3.81 0.78 4.2 4.17 4.11 4.89 3 2.99 3.12 4.63 2.94 0.06 3.23 4.71 1.81 1.36 2.83 1.73 3.65 2.28 0 4.43 0.82 3.51 3.57 3.23 3.48 4.53 0.82 3.42 3.01 4.57 3.06 3.41 3.29 2.12 2.81 0.59 2.45 4.18 4.61 1.54 4.28 3.16 3.72 2.48 3.53 4.5 2.08 1.19 3.06 4.52 3.82 3.31 4.28 2.29 1.63 2.57 3 3.27 3.74 2.94 0.88 0.38 3.23 1.97 3.32 4.19 1.77 
2.08 2.96 2.15 3.72 2.54 1.14 1.83 2.51 1.7 3.57 3.73 1.68 2.37 4.41 1.2 0.41 2.94 4.05 1.95 2.89 1.9 3.42 4.43 0 4.03 3.01 1.06 1.88 3.31 0.24 4.08 4.03 1.96 3.09 3.92 4.56 2.01 2.36 3.88 4.63 2.6 1.5 2.3 3.06 1.92 1.67 2.09 2.9 2.32 3.33 2.44 3.4 1.91 1.05 1 4.75 3.36 4.03 2.82 2.87 1.62 1.24 0.83 4.05 4.43 4.09 1.66 3 1.27 1.49 3.51 
2.55 2.77 3.11 0.48 4.29 3.6 4.06 4.93 2.46 3.36 3.52 4.53 2.24 0.78 2.87 4.36 1.91 1.93 2.25 1.16 3.63 2.63 0.82 4.03 0 3.74 3.31 3.17 3.77 4.1 1.39 3.86 2.95 4.74 3.51 3.95 2.63 1.94 3.26 0.64 2.53 4.06 4.62 0.98 4.25 3.03 3.02 2.67 2.81 4.72 1.6 0.65 2.99 3.96 3.59 3.9 4.53 2.81 1.27 1.81 2.81 2.81 3.45 3.42 0.41 0.55 2.65 1.26 3.07 3.57 2.14 
1.57 0.98 4.29 3.26 0.9 3.74 1.35 1.63 3.15 0.81 0.87 1.87 3.83 3.54 2.45 2.97 1.83 2.32 3.26 3.17 1.12 1.29 3.51 3.01 3.74 0 2.06 1.24 0.31 3.24 2.75 1.07 1.31 1.08 1.08 1.63 3.79 2.09 1.18 4.03 1.26 1.66 1.44 3.18 1.4 1.55 4.19 1.07 4.24 1 2.88 3.26 1.32 3.87 2.02 1.87 0.8 1.64 2.75 3.99 1.8 2.84 2.26 1.28 4.1 3.39 3.39 3.6 1.98 4.03 1.77 
1.05 1.91 2.41 2.93 1.81 1.7 1.17 2.07 1.45 2.54 2.71 1.38 2.22 3.56 0.61 1.21 1.94 3.04 1.66 2.25 1.02 2.36 3.57 1.06 3.31 2.06 0 0.86 2.34 1.26 3.12 3.03 0.91 2.4 2.89 3.54 2.02 1.45 2.84 3.86 1.55 0.96 1.78 2.39 1.33 0.62 2.31 1.84 2.44 2.58 1.8 2.68 0.86 1.82 0.29 3.72 2.55 2.97 2.05 2.6 0.6 0.98 0.23 3.02 3.72 3.26 1.58 2.5 0.26 2.01 2.48 
0.62 1.12 3.08 2.72 1.25 2.51 0.9 1.78 1.98 1.7 1.86 1.41 2.7 3.23 1.23 1.94 1.44 2.43 2.12 2.31 0.46 1.6 3.23 1.88 3.17 1.24 0.86 0 1.5 2.1 2.63 2.18 0.22 1.81 2.04 2.69 2.61 1.25 2 3.63 0.86 0.97 1.47 2.38 1.08 0.32 2.98 1.08 3.05 1.92 1.92 2.58 0.19 2.66 0.9 2.87 1.84 2.19 1.97 2.95 0.6 1.62 1.07 2.18 3.58 2.98 2.19 2.67 0.75 2.8 1.82 
1.77 1.02 4.53 3.3 1.16 4.01 1.65 1.86 3.38 0.6 0.61 2.16 4.02 3.51 2.71 3.27 1.89 2.23 3.47 3.29 1.42 1.22 3.48 3.31 3.77 0.31 2.34 1.5 0 3.54 2.7 0.76 1.55 1.21 0.82 1.33 4.01 2.24 0.96 4.02 1.38 1.96 1.7 3.28 1.69 1.81 4.42 1.13 4.46 1.06 3.04 3.34 1.57 4.15 2.31 1.57 0.82 1.47 2.86 4.16 2.04 3.09 2.55 1.02 4.12 3.39 3.62 3.73 2.25 4.29 1.72 
2.26 3.16 2.02 3.8 2.78 0.99 2.07 2.74 1.71 3.79 3.95 1.91 2.32 4.51 1.31 0.55 3.1 4.21 1.95 2.94 2.13 3.61 4.53 0.24 4.1 3.24 1.26 2.1 3.54 0 4.22 4.25 2.16 3.32 4.14 4.78 1.94 2.5 4.09 4.71 2.79 1.74 2.53 3.12 2.15 1.87 1.97 3.09 2.21 3.56 2.5 3.46 2.12 0.84 1.23 4.97 3.6 4.22 2.91 2.84 1.79 1.29 1.04 4.27 4.48 4.18 1.62 3.01 1.45 1.33 3.68 
2.11 1.81 3.88 1.05 3.49 4.03 3.48 4.21 2.9 2.18 2.31 4.03 3.04 0.85 2.91 4.31 1.21 0.56 2.78 1.8 3.03 1.49 0.82 4.08 1.39 2.75 3.12 2.63 2.7 4.22 0 2.61 2.43 3.82 2.25 2.61 3.32 1.72 2 1.39 1.8 3.6 3.93 1.64 3.65 2.63 3.78 1.76 3.64 3.73 2 1.39 2.49 4.35 3.34 2.54 3.51 1.48 1.5 2.79 2.53 3.04 3.32 2.13 1.61 0.87 3.16 2.18 2.88 4.13 0.99 
2.3 1.36 5.08 3.4 1.89 4.66 2.41 2.55 3.91 0.58 0.39 2.92 4.5 3.45 3.33 4.02 2.14 2.07 3.97 3.6 2.16 1.26 3.42 4.03 3.86 1.07 3.03 2.18 0.76 4.25 2.61 0 2.18 1.8 0.36 0.57 4.54 2.65 0.61 3.99 1.81 2.72 2.42 3.56 2.45 2.46 4.97 1.47 4.98 1.56 3.43 3.53 2.21 4.83 3.03 0.83 1.32 1.16 3.16 4.55 2.65 3.69 3.24 0.51 4.16 3.4 4.17 4.06 2.91 4.92 1.73 
0.41 1.01 2.99 2.51 1.43 2.49 1.12 1.99 1.86 1.66 1.84 1.62 2.56 3.02 1.16 2.06 1.23 2.25 1.98 2.11 0.68 1.47 3.01 1.96 2.95 1.31 0.91 0.22 1.55 2.16 2.43 2.18 0 1.98 2.01 2.66 2.5 1.04 1.94 3.41 0.69 1.17 1.68 2.17 1.3 0.3 2.88 0.95 2.94 2.07 1.73 2.37 0.06 2.66 1.01 2.83 1.96 2.08 1.75 2.78 0.5 1.55 1.13 2.12 3.36 2.77 2.09 2.48 0.74 2.76 1.65 
2.35 2.03 4.79 4.27 0.59 4.05 1.27 0.84 3.75 1.81 1.8 1.51 4.49 4.59 2.94 2.9 2.84 3.4 3.91 4.05 1.42 2.36 4.57 3.09 4.74 1.08 2.4 1.81 1.21 3.32 3.82 1.8 1.98 0 1.99 2.34 4.37 2.95 2.16 5.07 2.21 1.6 0.86 4.09 1.17 2.1 4.7 2.1 4.8 0.3 3.7 4.22 1.97 4.09 2.23 2.61 0.5 2.68 3.66 4.75 2.39 3.34 2.53 2.2 5.12 4.43 3.94 4.44 2.43 4.38 2.84 
2.08 1.1 4.84 3.05 1.97 4.47 2.4 2.67 3.67 0.35 0.22 2.94 4.22 3.1 3.13 3.94 1.82 1.72 3.71 3.28 2.09 0.92 3.06 3.92 3.51 1.08 2.89 2.04 0.82 4.14 2.25 0.36 2.01 1.99 0 0.66 4.29 2.36 0.26 3.63 1.56 2.69 2.51 3.23 2.47 2.3 4.73 1.21 4.72 1.78 3.13 3.19 2.05 4.66 2.93 0.84 1.53 0.81 2.84 4.25 2.46 3.48 3.11 0.22 3.81 3.05 3.93 3.74 2.75 4.72 1.38 
2.73 1.75 5.48 3.52 2.45 5.13 2.97 3.11 4.32 1.01 0.83 3.49 4.84 3.45 3.79 4.56 2.41 2.06 4.35 3.86 2.71 1.5 3.41 4.56 3.95 1.63 3.54 2.69 1.33 4.78 2.61 0.57 2.66 2.34 0.66 0 4.93 2.99 0.8 3.99 2.21 3.28 2.99 3.79 3.02 2.95 5.37 1.86 5.36 2.08 3.74 3.71 2.7 5.32 3.56 0.28 1.84 1.15 3.41 4.84 3.12 4.14 3.76 0.6 4.21 3.46 4.58 4.31 3.4 5.38 1.88 
2.26 3.19 0.58 2.51 3.78 1.1 3.18 4.08 0.64 3.97 4.17 3.35 0.43 3.25 1.43 2.42 2.62 3.57 0.59 1.57 2.95 3.46 3.29 2.01 2.63 3.79 2.02 2.61 4.01 1.94 3.32 4.54 2.5 4.37 4.29 4.93 0 1.96 4.13 3.26 2.74 2.96 3.79 1.76 3.35 2.3 0.47 3.08 0.45 4.51 1.34 2.11 2.48 1.46 2.26 5.03 4.44 4 1.82 0.97 2.01 1.04 1.96 4.33 2.94 2.91 0.44 1.38 1.94 0.97 3.26 
0.63 1.29 2.53 1.51 2.44 2.4 2.13 3.02 1.38 2.07 2.27 2.59 1.86 2.11 1.19 2.61 0.69 1.77 1.37 1.1 1.71 1.51 2.12 2.36 1.94 2.09 1.45 1.25 2.24 2.5 1.72 2.65 1.04 2.95 2.36 2.99 1.96 0 2.19 2.44 0.86 2.13 2.71 1.15 2.32 1.09 2.41 1.18 2.37 3 0.8 1.34 1.07 2.69 1.7 3.08 2.85 2.05 0.72 1.92 0.89 1.37 1.63 2.39 2.35 1.82 1.66 1.51 1.2 2.56 1.34 
1.96 0.97 4.69 2.81 2.08 4.37 2.45 2.8 3.52 0.38 0.37 3.01 4.04 2.85 3.03 3.92 1.61 1.47 3.55 3.07 2.11 0.71 2.81 3.88 3.26 1.18 2.84 2 0.96 4.09 2 0.61 1.94 2.16 0.26 0.8 4.13 2.19 0 3.38 1.42 2.72 2.62 3.01 2.54 2.23 4.58 1.07 4.56 1.97 2.95 2.96 1.98 4.58 2.89 0.91 1.72 0.57 2.63 4.05 2.37 3.37 3.06 0.21 3.56 2.8 3.79 3.53 2.67 4.61 1.14 
3.02 3.06 3.74 0.94 4.67 4.23 4.52 5.34 3.09 3.54 3.68 5.01 2.88 0.55 3.46 4.95 2.26 1.94 2.89 1.79 4.07 2.82 0.59 4.63 0.64 4.03 3.86 3.63 4.02 4.71 1.39 3.99 3.41 5.07 3.63 3.99 3.26 2.44 3.38 0 2.9 4.55 5.05 1.6 4.7 3.52 3.65 2.98 3.43 5.02 2.21 1.25 3.45 4.59 4.13 3.9 4.81 2.87 1.83 2.43 3.33 3.43 4.01 3.51 0.41 0.66 3.29 1.89 3.61 4.21 2.32 
0.55 0.46 3.29 2.06 1.78 2.97 1.69 2.45 2.12 1.24 1.43 2.24 2.69 2.46 1.63 2.73 0.65 1.57 2.17 1.92 1.23 0.83 2.45 2.6 2.53 1.26 1.55 0.86 1.38 2.79 1.8 1.81 0.69 2.21 1.56 2.21 2.74 0.86 1.42 2.9 0 1.82 2.16 1.93 1.85 0.95 3.18 0.36 3.17 2.21 1.66 2.02 0.74 3.2 1.69 2.33 2.04 1.44 1.49 2.78 1 1.95 1.77 1.62 2.92 2.25 2.38 2.36 1.34 3.19 0.97 
1.54 1.99 3.31 3.63 1.05 2.48 0.35 1.13 2.4 2.37 2.49 0.47 3.17 4.18 1.56 1.35 2.4 3.37 2.61 3.1 0.63 2.47 4.18 1.5 4.06 1.66 0.96 0.97 1.96 1.74 3.6 2.72 1.17 1.6 2.69 3.28 2.96 2.13 2.72 4.55 1.82 0 0.85 3.2 0.43 1.04 3.23 1.98 3.37 1.84 2.66 3.45 1.12 2.5 0.71 3.51 1.88 3.03 2.82 3.54 1.27 1.93 1.01 2.87 4.47 3.92 2.53 3.39 1.11 2.83 2.76 
2.08 2.15 4.16 4.17 0.55 3.33 0.63 0.32 3.21 2.24 2.3 0.66 3.98 4.62 2.38 2.08 2.8 3.6 3.41 3.76 1.01 2.59 4.61 2.3 4.62 1.44 1.78 1.47 1.7 2.53 3.93 2.42 1.68 0.86 2.51 2.99 3.79 2.71 2.62 5.05 2.16 0.85 0 3.84 0.45 1.68 4.07 2.19 4.21 1.15 3.35 4.04 1.65 3.32 1.55 3.25 1.28 3.05 3.43 4.31 1.96 2.75 1.86 2.71 5.02 4.4 3.36 4.11 1.89 3.67 2.99 
1.77 2.28 2.29 0.76 3.58 2.65 3.25 4.15 1.49 3 3.18 3.67 1.43 1.51 1.9 3.39 1.43 2.01 1.31 0.2 2.84 2.31 1.54 3.06 0.98 3.18 2.39 2.38 3.28 3.12 1.64 3.56 2.17 4.09 3.23 3.79 1.76 1.15 3.01 1.6 1.93 3.2 3.84 0 3.44 2.18 2.19 2.17 2.03 4.12 0.63 0.37 2.2 3.01 2.67 3.8 3.96 2.69 0.44 1.16 1.93 1.83 2.5 3.2 1.38 1.17 1.71 0.56 2.15 2.66 1.92 
1.7 1.93 3.72 3.8 0.66 2.91 0.19 0.75 2.77 2.17 2.26 0.48 3.53 4.29 1.93 1.75 2.48 3.36 2.96 3.35 0.63 2.4 4.28 1.92 4.25 1.4 1.33 1.08 1.69 2.15 3.65 2.45 1.3 1.17 2.47 3.02 3.35 2.32 2.54 4.7 1.85 0.43 0.45 3.44 0 1.26 3.63 1.94 3.77 1.43 2.93 3.65 1.26 2.92 1.11 3.26 1.49 2.91 3.03 3.87 1.53 2.31 1.42 2.66 4.65 4.05 2.91 3.68 1.44 3.25 2.75 
0.53 1.3 2.77 2.6 1.53 2.21 1.07 1.99 1.67 1.95 2.12 1.51 2.4 3.16 0.91 1.78 1.43 2.49 1.82 2.09 0.7 1.76 3.16 1.67 3.03 1.55 0.62 0.32 1.81 1.87 2.63 2.46 0.3 2.1 2.3 2.95 2.3 1.09 2.23 3.52 0.95 1.04 1.68 2.18 1.26 0 2.66 1.23 2.74 2.23 1.68 2.42 0.26 2.38 0.74 3.12 2.15 2.36 1.79 2.67 0.3 1.31 0.84 2.42 3.44 2.89 1.88 2.43 0.46 2.49 1.9 
2.68 3.63 0.12 2.94 4.11 1.02 3.48 4.35 1.06 4.41 4.6 3.58 0.79 3.68 1.77 2.5 3.08 4.03 1.05 2.01 3.29 3.91 3.72 2.09 3.02 4.19 2.31 2.98 4.42 1.97 3.78 4.97 2.88 4.7 4.73 5.37 0.47 2.41 4.58 3.65 3.18 3.23 4.07 2.19 3.63 2.66 0 3.52 0.28 4.86 1.8 2.53 2.87 1.32 2.53 5.48 4.8 4.46 2.28 1.27 2.4 1.37 2.22 4.78 3.31 3.34 0.81 1.77 2.27 0.75 3.72 
0.9 0.12 3.63 2.2 1.74 3.31 1.79 2.45 2.47 0.9 1.1 2.36 3.03 2.5 1.97 3 0.78 1.43 2.51 2.18 1.36 0.53 2.48 2.9 2.67 1.07 1.84 1.08 1.13 3.09 1.76 1.47 0.95 2.1 1.21 1.86 3.08 1.18 1.07 2.98 0.36 1.98 2.19 2.17 1.94 1.23 3.52 0 3.51 2.06 1.97 2.22 1 3.53 1.95 1.98 1.86 1.13 1.74 3.09 1.33 2.3 2.07 1.27 3.04 2.33 2.73 2.63 1.65 3.54 0.81 
2.7 3.62 0.33 2.76 4.22 1.28 3.61 4.5 1.09 4.41 4.6 3.75 0.6 3.49 1.87 2.73 3.02 3.93 1.01 1.85 3.39 3.88 3.53 2.32 2.81 4.24 2.44 3.05 4.46 2.21 3.64 4.98 2.94 4.8 4.72 5.36 0.45 2.37 4.56 3.43 3.17 3.37 4.21 2.03 3.77 2.74 0.28 3.51 0 4.95 1.7 2.35 2.93 1.6 2.67 5.45 4.88 4.4 2.16 1.02 2.46 1.47 2.37 4.76 3.08 3.16 0.87 1.56 2.37 1.03 3.65 
2.42 1.97 4.96 4.24 0.79 4.25 1.5 1.14 3.89 1.64 1.6 1.79 4.61 4.53 3.1 3.16 2.81 3.28 4.03 4.09 1.58 2.25 4.5 3.33 4.72 1 2.58 1.92 1.06 3.56 3.73 1.56 2.07 0.3 1.78 2.08 4.51 3 1.97 5.02 2.21 1.84 1.15 4.12 1.43 2.23 4.86 2.06 4.95 0 3.76 4.23 2.07 4.31 2.44 2.35 0.26 2.51 3.69 4.84 2.52 3.5 2.73 1.99 5.09 4.38 4.09 4.5 2.59 4.58 2.75 
1.35 2.08 1.91 1.32 3.16 2.09 2.74 3.67 0.93 2.86 3.05 3.12 1.13 2.06 1.29 2.77 1.35 2.24 0.79 0.47 2.37 2.25 2.08 2.44 1.6 2.88 1.8 1.92 3.04 2.5 2 3.43 1.73 3.7 3.13 3.74 1.34 0.8 2.95 2.21 1.66 2.66 3.35 0.63 2.93 1.68 1.8 1.97 1.7 3.76 0 0.97 1.75 2.44 2.08 3.81 3.63 2.73 0.5 1.13 1.4 1.22 1.9 3.15 2 1.72 1.18 0.76 1.58 2.15 1.97 
1.96 2.32 2.63 0.41 3.75 3.01 3.47 4.35 1.86 2.99 3.17 3.91 1.76 1.15 2.23 3.72 1.45 1.82 1.67 0.56 3.04 2.28 1.19 3.4 0.65 3.26 2.68 2.58 3.34 3.46 1.39 3.53 2.37 4.22 3.19 3.71 2.11 1.34 2.96 1.25 2.02 3.45 4.04 0.37 3.65 2.42 2.53 2.22 2.35 4.23 0.97 0 2.4 3.37 2.95 3.7 4.05 2.58 0.64 1.43 2.19 2.18 2.81 3.14 1.05 0.81 2.07 0.82 2.44 3.02 1.84 
0.44 1.06 2.97 2.55 1.42 2.45 1.08 1.96 1.85 1.7 1.87 1.57 2.55 3.06 1.14 2.01 1.28 2.3 1.98 2.13 0.64 1.52 3.06 1.91 2.99 1.32 0.86 0.19 1.57 2.12 2.49 2.21 0.06 1.97 2.05 2.7 2.48 1.07 1.98 3.45 0.74 1.12 1.65 2.2 1.26 0.26 2.87 1 2.93 2.07 1.75 2.4 0 2.63 0.96 2.87 1.97 2.13 1.78 2.79 0.48 1.53 1.08 2.17 3.4 2.81 2.07 2.5 0.71 2.73 1.7 
2.65 3.62 1.34 3.75 3.52 0.37 2.82 3.55 1.52 4.32 4.5 2.72 1.88 4.49 1.57 1.38 3.36 4.46 1.71 2.82 2.8 4.02 4.52 1.05 3.96 3.87 1.82 2.66 4.15 0.84 4.35 4.83 2.66 4.09 4.66 5.32 1.46 2.69 4.58 4.59 3.2 2.5 3.32 3.01 2.92 2.38 1.32 3.53 1.6 4.31 2.44 3.37 2.63 0 1.89 5.48 4.32 4.62 2.91 2.43 2.21 1.33 1.62 4.77 4.31 4.15 1.31 2.76 1.93 0.58 4 
1.24 2.01 2.61 3.19 1.65 1.82 0.97 1.83 1.71 2.58 2.74 1.11 2.48 3.81 0.89 1.05 2.15 3.22 1.93 2.54 0.92 2.48 3.82 1 3.59 2.02 0.29 0.9 2.31 1.23 3.34 3.03 1.01 2.23 2.93 3.56 2.26 1.7 2.89 4.13 1.69 0.71 1.55 2.67 1.11 0.74 2.53 1.95 2.67 2.44 2.08 2.95 0.96 1.89 0 3.76 2.43 3.08 2.32 2.88 0.82 1.23 0.31 3.07 4 3.52 1.83 2.79 0.52 2.16 2.64 
2.87 1.88 5.59 3.49 2.71 5.28 3.21 3.37 4.42 1.18 1.03 3.73 4.92 3.36 3.94 4.77 2.46 1.98 4.44 3.89 2.92 1.57 3.31 4.75 3.9 1.87 3.72 2.87 1.57 4.97 2.54 0.83 2.83 2.61 0.84 0.28 5.03 3.08 0.91 3.9 2.33 3.51 3.25 3.8 3.26 3.12 5.48 1.98 5.45 2.35 3.81 3.7 2.87 5.48 3.76 0 2.12 1.12 3.45 4.89 3.28 4.27 3.94 0.72 4.14 3.39 4.69 4.34 3.57 5.51 1.89 
2.29 1.77 4.9 4.05 0.84 4.24 1.54 1.32 3.81 1.4 1.35 1.89 4.52 4.31 3.04 3.23 2.62 3.05 3.94 3.94 1.54 2.02 4.28 3.36 4.53 0.8 2.55 1.84 0.82 3.6 3.51 1.32 1.96 0.5 1.53 1.84 4.44 2.85 1.72 4.81 2.04 1.88 1.28 3.96 1.49 2.15 4.8 1.86 4.88 0.26 3.63 4.05 1.97 4.32 2.43 2.12 0 2.26 3.52 4.72 2.43 3.44 2.72 1.74 4.89 4.17 4.02 4.36 2.54 4.56 2.52 
1.99 1.08 4.57 2.38 2.53 4.38 2.8 3.26 3.43 0.87 0.93 3.37 3.86 2.33 3.05 4.13 1.39 0.93 3.42 2.78 2.4 0.62 2.29 4.03 2.81 1.64 2.97 2.19 1.47 4.22 1.48 1.16 2.08 2.68 0.81 1.15 4 2.05 0.57 2.87 1.44 3.03 3.05 2.69 2.91 2.36 4.46 1.13 4.4 2.51 2.73 2.58 2.13 4.62 3.08 1.12 2.26 0 2.35 3.79 2.44 3.35 3.2 0.66 3.07 2.32 3.7 3.23 2.77 4.58 0.78 
1.35 1.85 2.39 0.9 3.16 2.57 2.84 3.74 1.42 2.59 2.78 3.28 1.58 1.61 1.63 3.13 1.02 1.77 1.29 0.45 2.42 1.92 1.63 2.82 1.27 2.75 2.05 1.97 2.86 2.91 1.5 3.16 1.75 3.66 2.84 3.41 1.82 0.72 2.63 1.83 1.49 2.82 3.43 0.44 3.03 1.79 2.28 1.74 2.16 3.69 0.5 0.64 1.78 2.91 2.32 3.45 3.52 2.35 0 1.45 1.55 1.65 2.19 2.82 1.68 1.28 1.67 0.91 1.81 2.64 1.58 
2.44 3.2 1.34 1.83 4.19 2.06 3.69 4.62 1.2 3.98 4.17 3.97 0.55 2.52 1.99 3.27 2.44 3.17 0.96 1.03 3.37 3.34 2.57 2.87 1.81 3.99 2.6 2.95 4.16 2.84 2.79 4.55 2.78 4.75 4.25 4.84 0.97 1.92 4.05 2.43 2.78 3.54 4.31 1.16 3.87 2.67 1.27 3.09 1.02 4.84 1.13 1.43 2.79 2.43 2.88 4.89 4.72 3.79 1.45 0 2.37 1.7 2.62 4.25 2.07 2.2 1.22 0.62 2.44 1.93 3.02 
0.47 1.41 2.5 2.4 1.82 2.01 1.35 2.27 1.38 2.12 2.3 1.74 2.1 3 0.68 1.8 1.35 2.45 1.52 1.83 1 1.83 3 1.62 2.81 1.8 0.6 0.6 2.04 1.79 2.53 2.65 0.5 2.39 2.46 3.12 2.01 0.89 2.37 3.33 1 1.27 1.96 1.93 1.53 0.3 2.4 1.33 2.46 2.52 1.4 2.19 0.48 2.21 0.82 3.28 2.43 2.44 1.55 2.37 0 1.06 0.8 2.57 3.22 2.71 1.6 2.15 0.36 2.27 1.9 
1.41 2.4 1.47 2.53 2.76 1.04 2.14 3.05 0.51 3.15 3.33 2.32 1.27 3.25 0.41 1.61 2.05 3.14 0.75 1.66 1.93 2.76 3.27 1.24 2.81 2.84 0.98 1.62 3.09 1.29 3.04 3.69 1.55 3.34 3.48 4.14 1.04 1.37 3.37 3.43 1.95 1.93 2.75 1.83 2.31 1.31 1.37 2.3 1.47 3.5 1.22 2.18 1.53 1.33 1.23 4.27 3.44 3.35 1.65 1.7 1.06 0 0.94 3.56 3.2 2.92 0.61 1.76 0.91 1.25 2.69 
1.27 2.13 2.31 3.08 1.95 1.53 1.27 2.14 1.43 2.76 2.93 1.39 2.2 3.73 0.64 1 2.15 3.25 1.66 2.36 1.19 2.59 3.74 0.83 3.45 2.26 0.23 1.07 2.55 1.04 3.32 3.24 1.13 2.53 3.11 3.76 1.96 1.63 3.06 4.01 1.77 1.01 1.86 2.5 1.42 0.84 2.22 2.07 2.37 2.73 1.9 2.81 1.08 1.62 0.31 3.94 2.72 3.2 2.19 2.62 0.8 0.94 0 3.24 3.85 3.42 1.53 2.57 0.45 1.86 2.7 
2.16 1.17 4.89 2.98 2.17 4.57 2.59 2.88 3.73 0.51 0.42 3.13 4.25 2.97 3.22 4.09 1.81 1.58 3.75 3.27 2.26 0.91 2.94 4.05 3.42 1.28 3.02 2.18 1.02 4.27 2.13 0.51 2.12 2.2 0.22 0.6 4.33 2.39 0.21 3.51 1.62 2.87 2.71 3.2 2.66 2.42 4.78 1.27 4.76 1.99 3.15 3.14 2.17 4.77 3.07 0.72 1.74 0.66 2.82 4.25 2.57 3.56 3.24 0 3.7 2.95 3.99 3.72 2.86 4.81 1.31 
2.96 3.13 3.39 0.86 4.68 3.95 4.47 5.32 2.83 3.68 3.83 4.94 2.54 0.83 3.27 4.76 2.29 2.16 2.61 1.55 4.03 2.95 0.88 4.43 0.41 4.1 3.72 3.58 4.12 4.48 1.61 4.16 3.36 5.12 3.81 4.21 2.94 2.35 3.56 0.41 2.92 4.47 5.02 1.38 4.65 3.44 3.31 3.04 3.08 5.09 2 1.05 3.4 4.31 4 4.14 4.89 3.07 1.68 2.07 3.22 3.2 3.85 3.7 0 0.76 3 1.57 3.48 3.9 2.45 
2.38 2.41 3.44 0.41 4.02 3.8 3.87 4.69 2.64 2.93 3.08 4.38 2.57 0.35 2.9 4.39 1.61 1.41 2.46 1.36 3.42 2.2 0.38 4.09 0.55 3.39 3.26 2.98 3.39 4.18 0.87 3.4 2.77 4.43 3.05 3.46 2.91 1.82 2.8 0.66 2.25 3.92 4.4 1.17 4.05 2.89 3.34 2.33 3.16 4.38 1.72 0.81 2.81 4.15 3.52 3.39 4.17 2.32 1.28 2.2 2.71 2.92 3.42 2.95 0.76 0 2.86 1.6 3.01 3.82 1.7 
1.88 2.84 0.91 2.46 3.35 0.95 2.75 3.65 0.28 3.61 3.8 2.92 0.71 3.21 1 2.06 2.33 3.35 0.41 1.52 2.52 3.14 3.23 1.66 2.65 3.39 1.58 2.19 3.62 1.62 3.16 4.17 2.09 3.94 3.93 4.58 0.44 1.66 3.79 3.29 2.38 2.53 3.36 1.71 2.91 1.88 0.81 2.73 0.87 4.09 1.18 2.07 2.07 1.31 1.83 4.69 4.02 3.7 1.67 1.22 1.6 0.61 1.53 3.99 3 2.86 0 1.45 1.51 0.97 2.99 
2.1 2.74 1.86 1.22 3.91 2.39 3.49 4.42 1.31 3.49 3.68 3.85 0.99 1.93 1.94 3.37 1.93 2.57 1.08 0.46 3.12 2.83 1.97 3 1.26 3.6 2.5 2.67 3.73 3.01 2.18 4.06 2.48 4.44 3.74 4.31 1.38 1.51 3.53 1.89 2.36 3.39 4.11 0.56 3.68 2.43 1.77 2.63 1.56 4.5 0.76 0.82 2.5 2.76 2.79 4.34 4.36 3.23 0.91 0.62 2.15 1.76 2.57 3.72 1.57 1.6 1.45 0 2.3 2.33 2.46 
