Number_Of_Customers: 50
Vehicle_Capacity:    50
Alpha:               0.75
Number_Of_Scenarios: 3

Location_Coordinates:
0 0 0
1 0.823714 -0.831424
2 1.25481 -0.463487
3 0.173017 -2.09695
4 1.61595 -0.772858
5 0.583295 -1.56462
6 -1.63842 -1.84433
7 2.29605 -0.3098
8 -1.81105 1.60174
9 0.381888 -1.60833
10 -1.12145 1.75579
11 -0.387186 -2.4367
12 1.3869 -0.423413
13 -1.30103 -1.43683
14 1.23831 2.24453
15 -1.14134 2.42516
16 -0.416913 -2.05881
17 -2.39392 0.336704
18 -1.0178 -1.16892
19 -0.98626 -1.07875
20 -0.596199 -0.319564
21 -0.915852 2.26777
22 -0.578909 0.281979
23 -0.781285 -1.06538
24 -0.838449 -1.80429
25 0.282998 1.34285
26 -0.727234 2.38454
27 1.97761 -2.33771
28 0.137331 -1.87173
29 1.77937 0.910061
30 0.392075 -0.39961
31 -1.25257 -1.88851
32 -0.139245 -0.28314
33 1.27191 1.95554
34 1.78141 0.221685
35 0.866762 -2.32855
36 -0.91595 0.620868
37 -0.0756676 -1.74597
38 0.471454 -1.27515
39 -1.42003 -1.40288
40 1.78063 2.00017
41 1.84667 2.04237
42 1.19043 -2.37549
43 0.128113 -1.8036
44 1.96769 0.945169
45 0.46275 2.445
46 -1.86461 1.53789
47 2.27889 1.3619
48 -0.479678 -1.94323
49 0.158746 -1.95028
50 1.69953 -1.07321

Demand_per_scenario:
1 4 5 6
2 5 7 8
3 4 5 6
4 6 7 9
5 4 5 6
6 7 9 11
7 5 6 7
8 4 5 6
9 3 4 4
10 4 5 6
11 4 6 7
12 6 8 9
13 4 5 6
14 5 6 8
15 6 7 9
16 4 5 6
17 4 5 6
18 3 3 4
19 2 2 3
20 6 8 9
21 5 7 8
22 4 5 6
23 6 7 9
24 5 6 7
25 3 4 4
26 3 4 5
27 5 6 8
28 4 4 5
29 5 6 7
30 6 8 10
31 5 7 8
32 5 6 7
33 5 6 7
34 6 7 9
35 4 5 6
36 5 6 7
37 5 7 9
38 5 7 8
39 4 5 6
40 5 7 8
41 4 5 6
42 6 7 9
43 4 6 7
44 4 6 7
45 3 4 5
46 7 9 11
47 5 7 8
48 5 6 7
49 4 5 6
50 5 6 7

Probability_of_each_scenario_occuring:
0.333333 0.333333 0.333333 

Travel_Costs:
0 1.18 1.34 2.11 1.8 1.67 2.47 2.32 2.42 1.66 2.09 2.47 1.46 1.94 2.57 2.69 2.11 2.42 1.55 1.47 0.68 2.45 0.65 1.33 1.99 1.38 2.5 3.07 1.88 2 0.56 2.27 0.32 2.34 1.8 2.49 1.11 1.75 1.36 2 2.68 2.76 2.66 1.81 2.19 2.49 2.42 2.66 2.01 1.96 2.02 
1.18 0 0.57 1.43 0.8 0.78 2.67 1.57 3.59 0.9 3.24 2.02 0.7 2.21 3.11 3.81 1.75 3.43 1.88 1.83 1.51 3.56 1.8 1.63 1.93 2.25 3.58 1.9 1.25 1.99 0.62 2.33 1.11 2.83 1.43 1.5 2.27 1.29 0.57 2.32 2.99 3.06 1.59 1.2 2.12 3.3 3.59 2.64 1.72 1.31 0.91 
1.34 0.57 0 1.96 0.48 1.29 3.21 1.06 3.7 1.44 3.26 2.57 0.14 2.74 2.71 3.76 2.32 3.74 2.38 2.33 1.86 3.49 1.98 2.13 2.49 2.06 3.47 2.01 1.8 1.48 0.87 2.89 1.41 2.42 0.87 1.91 2.43 1.85 1.13 2.84 2.52 2.58 1.92 1.76 1.58 3.02 3.71 2.1 2.28 1.85 0.76 
2.11 1.43 1.96 0 1.96 0.68 1.83 2.78 4.2 0.54 4.07 0.66 2.07 1.62 4.48 4.71 0.6 3.54 1.51 1.55 1.94 4.5 2.5 1.41 1.06 3.45 4.58 1.83 0.23 3.41 1.72 1.45 1.85 4.2 2.83 0.74 2.93 0.44 0.88 1.74 4.41 4.47 1.06 0.3 3.54 4.56 4.17 4.05 0.68 0.15 1.84 
1.8 0.8 0.48 1.96 0 1.31 3.43 0.83 4.17 1.5 3.73 2.61 0.42 3 3.05 4.23 2.41 4.17 2.67 2.63 2.26 3.96 2.44 2.42 2.67 2.51 3.94 1.61 1.85 1.7 1.28 3.08 1.83 2.76 1.01 1.73 2.9 1.96 1.25 3.11 2.78 2.83 1.66 1.81 1.76 3.42 4.18 2.24 2.41 1.88 0.32 
1.67 0.78 1.29 0.68 1.31 0 2.24 2.13 3.97 0.21 3.74 1.31 1.4 1.89 3.87 4.35 1.12 3.54 1.65 1.65 1.72 4.12 2.19 1.46 1.45 2.93 4.17 1.6 0.55 2.75 1.19 1.87 1.48 3.59 2.16 0.82 2.66 0.69 0.32 2.01 3.77 3.83 1.02 0.52 2.87 4.02 3.96 3.39 1.13 0.58 1.22 
2.47 2.67 3.21 1.83 3.43 2.24 0 4.23 3.46 2.04 3.64 1.39 3.35 0.53 5 4.3 1.25 2.31 0.92 1.01 1.85 4.18 2.38 1.16 0.81 3.73 4.33 3.65 1.78 4.39 2.5 0.39 2.17 4.79 4 2.56 2.57 1.57 2.19 0.5 5.15 5.23 2.88 1.77 4.56 4.78 3.39 5.07 1.17 1.81 3.43 
2.32 1.57 1.06 2.78 0.83 2.13 4.23 0 4.54 2.32 4 3.43 0.92 3.77 2.77 4.4 3.23 4.74 3.43 3.38 2.9 4.12 2.94 3.17 3.48 2.61 4.05 2.06 2.67 1.33 1.91 3.89 2.44 2.49 0.74 2.48 3.35 2.78 2.07 3.88 2.37 2.4 2.35 2.64 1.3 3.31 4.56 1.68 3.23 2.7 0.97 
2.42 3.59 3.7 4.2 4.17 3.97 3.46 4.54 0 3.89 0.71 4.29 3.79 3.09 3.12 1.07 3.92 1.4 2.89 2.81 2.28 1.12 1.81 2.86 3.55 2.11 1.34 5.47 3.99 3.66 2.98 3.54 2.52 3.11 3.85 4.76 1.33 3.78 3.68 3.03 3.62 3.69 4.99 3.92 3.84 2.43 0.09 4.1 3.79 4.07 4.42 
1.66 0.9 1.44 0.54 1.5 0.21 2.04 2.32 3.89 0 3.69 1.14 1.56 1.7 3.95 4.32 0.92 3.39 1.47 1.47 1.62 4.09 2.13 1.29 1.24 2.96 4.15 1.76 0.36 2.89 1.21 1.66 1.43 3.68 2.31 0.87 2.58 0.48 0.35 1.82 3.88 3.94 1.12 0.33 3.01 4.06 3.87 3.53 0.93 0.41 1.43 
2.09 3.24 3.26 4.07 3.73 3.74 3.64 4 0.71 3.69 0 4.26 3.33 3.2 2.41 0.67 3.88 1.91 2.93 2.84 2.15 0.56 1.58 2.85 3.58 1.47 0.75 5.14 3.84 3.03 2.64 3.65 2.27 2.41 3.29 4.55 1.16 3.66 3.43 3.18 2.92 2.99 4.74 3.78 3.2 1.73 0.78 3.43 3.76 3.93 4 
2.47 2.02 2.57 0.66 2.61 1.31 1.39 3.43 4.29 1.14 4.26 0 2.69 1.36 4.96 4.92 0.38 3.43 1.42 1.49 2.13 4.74 2.73 1.43 0.78 3.84 4.84 2.37 0.78 3.99 2.19 1.03 2.17 4.7 3.44 1.26 3.11 0.76 1.45 1.47 4.94 5.01 1.58 0.82 4.13 4.96 4.25 4.65 0.51 0.74 2.5 
1.46 0.7 0.14 2.07 0.42 1.4 3.35 0.92 3.79 1.56 3.33 2.69 0 2.88 2.68 3.81 2.44 3.86 2.52 2.47 1.99 3.55 2.09 2.27 2.62 2.09 3.52 2.01 1.92 1.4 1 3.02 1.54 2.39 0.76 1.98 2.53 1.98 1.26 2.98 2.46 2.51 1.97 1.87 1.49 3.02 3.8 2 2.41 1.96 0.73 
1.94 2.21 2.74 1.62 3 1.89 0.53 3.77 3.09 1.7 3.2 1.36 2.88 0 4.48 3.87 1.09 2.09 0.39 0.48 1.33 3.73 1.87 0.64 0.6 3.2 3.87 3.41 1.51 3.88 1.99 0.46 1.64 4.26 3.51 2.35 2.1 1.27 1.78 0.13 4.62 4.7 2.67 1.48 4.05 4.27 3.03 4.55 0.97 1.55 3.03 
2.57 3.11 2.71 4.48 3.05 3.87 5 2.77 3.12 3.95 2.41 4.96 2.68 4.48 0 2.39 4.62 4.11 4.1 4 3.16 2.16 2.68 3.88 4.56 1.32 1.98 4.65 4.27 1.44 2.78 4.83 2.88 0.3 2.1 4.59 2.7 4.21 3.61 4.52 0.6 0.65 4.63 4.2 1.5 0.81 3.19 1.37 4.53 4.34 3.35 
2.69 3.81 3.76 4.71 4.23 4.35 4.3 4.4 1.07 4.32 0.67 4.92 3.81 3.87 2.39 0 4.55 2.44 3.6 3.51 2.8 0.28 2.22 3.51 4.25 1.79 0.42 5.7 4.49 3.3 3.22 4.32 2.89 2.46 3.67 5.17 1.82 4.31 4.04 3.84 2.96 3.02 5.34 4.42 3.45 1.61 1.15 3.59 4.42 4.57 4.51 
2.11 1.75 2.32 0.6 2.41 1.12 1.25 3.23 3.92 0.92 3.88 0.38 2.44 1.09 4.62 4.55 0 3.11 1.08 1.14 1.75 4.36 2.35 1.06 0.5 3.48 4.46 2.42 0.59 3.7 1.85 0.86 1.8 4.36 3.17 1.32 2.73 0.47 1.19 1.2 4.62 4.69 1.64 0.61 3.84 4.59 3.88 4.36 0.14 0.59 2.34 
2.42 3.43 3.74 3.54 4.17 3.54 2.31 4.74 1.4 3.39 1.91 3.43 3.86 2.09 4.11 2.44 3.11 0 2.04 2 1.92 2.44 1.82 2.14 2.65 2.86 2.65 5.13 3.36 4.22 2.89 2.51 2.34 4.01 4.18 4.22 1.51 3.12 3.29 2 4.5 4.58 4.5 3.31 4.41 3.56 1.32 4.79 2.98 3.43 4.33 
1.55 1.88 2.38 1.51 2.67 1.65 0.92 3.43 2.89 1.47 2.93 1.42 2.52 0.39 4.1 3.6 1.08 2.04 0 0.1 0.95 3.44 1.52 0.26 0.67 2.83 3.57 3.22 1.36 3.49 1.61 0.76 1.25 3.88 3.13 2.22 1.8 1.11 1.5 0.47 4.23 4.31 2.52 1.31 3.66 3.91 2.84 4.16 0.95 1.42 2.72 
1.47 1.83 2.33 1.55 2.63 1.65 1.01 3.38 2.81 1.47 2.84 1.49 2.47 0.48 4 3.51 1.14 2 0.1 0 0.86 3.35 1.43 0.21 0.75 2.74 3.48 3.23 1.38 3.41 1.54 0.86 1.17 3.79 3.06 2.24 1.71 1.13 1.48 0.55 4.14 4.22 2.54 1.33 3.59 3.82 2.77 4.08 1.01 1.44 2.69 
0.68 1.51 1.86 1.94 2.26 1.72 1.85 2.9 2.28 1.62 2.15 2.13 1.99 1.33 3.16 2.8 1.75 1.92 0.95 0.86 0 2.61 0.61 0.77 1.51 1.89 2.71 3.28 1.72 2.68 1 1.71 0.46 2.95 2.44 2.49 1 1.52 1.44 1.37 3.33 3.4 2.73 1.66 2.86 2.97 2.25 3.34 1.63 1.8 2.42 
2.45 3.56 3.49 4.5 3.96 4.12 4.18 4.12 1.12 4.09 0.56 4.74 3.55 3.73 2.16 0.28 4.36 2.44 3.44 3.35 2.61 0 2.02 3.34 4.08 1.52 0.23 5.44 4.28 3.02 2.98 4.17 2.67 2.21 3.39 4.93 1.65 4.11 3.81 3.71 2.71 2.78 5.1 4.21 3.18 1.39 1.2 3.33 4.24 4.36 4.25 
0.65 1.8 1.98 2.5 2.44 2.19 2.38 2.94 1.81 2.13 1.58 2.73 2.09 1.87 2.68 2.22 2.35 1.82 1.52 1.43 0.61 2.02 0 1.37 2.11 1.37 2.11 3.67 2.27 2.45 1.19 2.28 0.72 2.5 2.37 2.99 0.48 2.09 1.88 1.89 2.92 3 3.2 2.21 2.64 2.41 1.8 3.06 2.23 2.36 2.66 
1.33 1.63 2.13 1.41 2.42 1.46 1.16 3.17 2.86 1.29 2.85 1.43 2.27 0.64 3.88 3.51 1.06 2.14 0.26 0.21 0.77 3.34 1.37 0 0.75 2.64 3.46 3.04 1.23 3.24 1.35 0.95 1.02 3.66 2.87 2.08 1.7 0.99 1.28 0.73 4 4.07 2.37 1.18 3.41 3.73 2.82 3.91 0.93 1.3 2.49 
1.99 1.93 2.49 1.06 2.67 1.45 0.81 3.48 3.55 1.24 3.58 0.78 2.62 0.6 4.56 4.25 0.5 2.65 0.67 0.75 1.51 4.08 2.11 0.75 0 3.35 4.2 2.87 0.98 3.78 1.87 0.43 1.68 4.32 3.32 1.79 2.43 0.77 1.42 0.71 4.62 4.7 2.11 0.97 3.93 4.45 3.5 4.45 0.39 1.01 2.65 
1.38 2.25 2.06 3.45 2.51 2.93 3.73 2.61 2.11 2.96 1.47 3.84 2.09 3.2 1.32 1.79 3.48 2.86 2.83 2.74 1.89 1.52 1.37 2.64 3.35 0 1.46 4.06 3.22 1.56 1.75 3.58 1.68 1.17 1.88 3.72 1.4 3.11 2.63 3.24 1.64 1.72 3.83 3.16 1.74 1.12 2.16 2 3.38 3.3 2.81 
2.5 3.58 3.47 4.58 3.94 4.17 4.33 4.05 1.34 4.15 0.75 4.84 3.52 3.87 1.98 0.42 4.46 2.65 3.57 3.48 2.71 0.23 2.11 3.46 4.2 1.46 0 5.45 4.35 2.91 3.01 4.31 2.74 2.05 3.32 4.98 1.78 4.19 3.86 3.86 2.54 2.6 5.14 4.28 3.06 1.2 1.42 3.18 4.34 4.43 4.23 
3.07 1.9 2.01 1.83 1.61 1.6 3.65 2.06 5.47 1.76 5.14 2.37 2.01 3.41 4.65 5.7 2.42 5.13 3.22 3.23 3.28 5.44 3.67 3.04 2.87 4.06 5.45 0 1.9 3.26 2.51 3.27 2.95 4.36 2.57 1.12 4.14 2.14 1.85 3.53 4.35 4.39 0.79 1.93 3.29 5.02 5.46 3.72 2.49 1.86 1.3 
1.88 1.25 1.8 0.23 1.85 0.55 1.78 2.67 3.99 0.36 3.84 0.78 1.92 1.51 4.27 4.49 0.59 3.36 1.36 1.38 1.72 4.28 2.27 1.23 0.98 3.22 4.35 1.9 0 3.24 1.5 1.39 1.62 4 2.67 0.87 2.71 0.25 0.69 1.63 4.21 4.28 1.17 0.07 3.36 4.33 3.96 3.88 0.63 0.09 1.76 
2 1.99 1.48 3.41 1.7 2.75 4.39 1.33 3.66 2.89 3.03 3.99 1.4 3.88 1.44 3.3 3.7 4.22 3.49 3.41 2.68 3.02 2.45 3.24 3.78 1.56 2.91 3.26 3.24 0 1.91 4.13 2.26 1.17 0.69 3.37 2.72 3.24 2.55 3.95 1.1 1.14 3.34 3.18 0.2 2.03 3.7 0.68 3.64 3.29 1.99 
0.56 0.62 0.87 1.72 1.28 1.19 2.5 1.91 2.98 1.21 2.64 2.19 1 1.99 2.78 3.22 1.85 2.89 1.61 1.54 1 2.98 1.19 1.35 1.87 1.75 3.01 2.51 1.5 1.91 0 2.22 0.55 2.52 1.53 1.99 1.66 1.43 0.88 2.08 2.78 2.85 2.14 1.43 2.08 2.85 2.98 2.59 1.78 1.57 1.48 
2.27 2.33 2.89 1.45 3.08 1.87 0.39 3.89 3.54 1.66 3.65 1.03 3.02 0.46 4.83 4.32 0.86 2.51 0.76 0.86 1.71 4.17 2.28 0.95 0.43 3.58 4.31 3.27 1.39 4.13 2.22 0 1.96 4.6 3.7 2.17 2.54 1.19 1.83 0.52 4.94 5.01 2.5 1.39 4.29 4.67 3.49 4.8 0.78 1.42 3.07 
0.32 1.11 1.41 1.85 1.83 1.48 2.17 2.44 2.52 1.43 2.27 2.17 1.54 1.64 2.88 2.89 1.8 2.34 1.25 1.17 0.46 2.67 0.72 1.02 1.68 1.68 2.74 2.95 1.62 2.26 0.55 1.96 0 2.65 1.99 2.28 1.2 1.47 1.17 1.71 2.99 3.06 2.48 1.55 2.44 2.8 2.51 2.93 1.7 1.7 2.01 
2.34 2.83 2.42 4.2 2.76 3.59 4.79 2.49 3.11 3.68 2.41 4.7 2.39 4.26 0.3 2.46 4.36 4.01 3.88 3.79 2.95 2.21 2.5 3.66 4.32 1.17 2.05 4.36 4 1.17 2.52 4.6 2.65 0 1.81 4.31 2.57 3.94 3.33 4.31 0.52 0.59 4.34 3.93 1.23 0.95 3.17 1.17 4.28 4.07 3.06 
1.8 1.43 0.87 2.83 1.01 2.16 4 0.74 3.85 2.31 3.29 3.44 0.76 3.51 2.1 3.67 3.17 4.18 3.13 3.06 2.44 3.39 2.37 2.87 3.32 1.88 3.32 2.57 2.67 0.69 1.53 3.7 1.99 1.81 0 2.71 2.73 2.71 1.99 3.6 1.78 1.83 2.67 2.62 0.75 2.59 3.88 1.25 3.14 2.72 1.3 
2.49 1.5 1.91 0.74 1.73 0.82 2.56 2.48 4.76 0.87 4.55 1.26 1.98 2.35 4.59 5.17 1.32 4.22 2.22 2.24 2.49 4.93 2.99 2.08 1.79 3.72 4.98 1.12 0.87 3.37 1.99 2.17 2.28 4.31 2.71 0 3.45 1.11 1.13 2.47 4.43 4.48 0.33 0.91 3.46 4.8 4.74 3.96 1.41 0.81 1.51 
1.11 2.27 2.43 2.93 2.9 2.66 2.57 3.35 1.33 2.58 1.16 3.11 2.53 2.1 2.7 1.82 2.73 1.51 1.8 1.71 1 1.65 0.48 1.7 2.43 1.4 1.78 4.14 2.71 2.72 1.66 2.54 1.2 2.57 2.73 3.45 0 2.52 2.35 2.09 3.03 3.11 3.67 2.64 2.91 2.29 1.32 3.28 2.61 2.79 3.12 
1.75 1.29 1.85 0.44 1.96 0.69 1.57 2.78 3.78 0.48 3.66 0.76 1.98 1.27 4.21 4.31 0.47 3.12 1.11 1.13 1.52 4.11 2.09 0.99 0.77 3.11 4.19 2.14 0.25 3.24 1.43 1.19 1.47 3.94 2.71 1.11 2.52 0 0.73 1.39 4.19 4.25 1.42 0.22 3.38 4.23 3.74 3.9 0.45 0.32 1.9 
1.36 0.57 1.13 0.88 1.25 0.32 2.19 2.07 3.68 0.35 3.43 1.45 1.26 1.78 3.61 4.04 1.19 3.29 1.5 1.48 1.44 3.81 1.88 1.28 1.42 2.63 3.86 1.85 0.69 2.55 0.88 1.83 1.17 3.33 1.99 1.13 2.35 0.73 0 1.9 3.53 3.6 1.32 0.64 2.68 3.73 3.66 3.2 1.17 0.75 1.25 
2 2.32 2.84 1.74 3.11 2.01 0.5 3.88 3.03 1.82 3.18 1.47 2.98 0.13 4.52 3.84 1.2 2 0.47 0.55 1.37 3.71 1.89 0.73 0.71 3.24 3.86 3.53 1.63 3.95 2.08 0.52 1.71 4.31 3.6 2.47 2.09 1.39 1.9 0 4.68 4.75 2.79 1.6 4.13 4.29 2.98 4.62 1.09 1.68 3.14 
2.68 2.99 2.52 4.41 2.78 3.77 5.15 2.37 3.62 3.88 2.92 4.94 2.46 4.62 0.6 2.96 4.62 4.5 4.23 4.14 3.33 2.71 2.92 4 4.62 1.64 2.54 4.35 4.21 1.1 2.78 4.94 2.99 0.52 1.78 4.43 3.03 4.19 3.53 4.68 0 0.08 4.42 4.15 1.08 1.4 3.68 0.81 4.55 4.28 3.08 
2.76 3.06 2.58 4.47 2.83 3.83 5.23 2.4 3.69 3.94 2.99 5.01 2.51 4.7 0.65 3.02 4.69 4.58 4.31 4.22 3.4 2.78 3 4.07 4.7 1.72 2.6 4.39 4.28 1.14 2.85 5.01 3.06 0.59 1.83 4.48 3.11 4.25 3.6 4.75 0.08 0 4.47 4.22 1.11 1.45 3.75 0.81 4.62 4.34 3.12 
2.66 1.59 1.92 1.06 1.66 1.02 2.88 2.35 4.99 1.12 4.74 1.58 1.97 2.67 4.63 5.34 1.64 4.5 2.52 2.54 2.73 5.1 3.2 2.37 2.11 3.83 5.14 0.79 1.17 3.34 2.14 2.5 2.48 4.34 2.67 0.33 3.67 1.42 1.32 2.79 4.42 4.47 0 1.21 3.42 4.88 4.97 3.9 1.73 1.12 1.4 
1.81 1.2 1.76 0.3 1.81 0.52 1.77 2.64 3.92 0.33 3.78 0.82 1.87 1.48 4.2 4.42 0.61 3.31 1.31 1.33 1.66 4.21 2.21 1.18 0.97 3.16 4.28 1.93 0.07 3.18 1.43 1.39 1.55 3.93 2.62 0.91 2.64 0.22 0.64 1.6 4.15 4.22 1.21 0 3.31 4.27 3.9 3.83 0.63 0.15 1.74 
2.19 2.12 1.58 3.54 1.76 2.87 4.56 1.3 3.84 3.01 3.2 4.13 1.49 4.05 1.5 3.45 3.84 4.41 3.66 3.59 2.86 3.18 2.64 3.41 3.93 1.74 3.06 3.29 3.36 0.2 2.08 4.29 2.44 1.23 0.75 3.46 2.91 3.38 2.68 4.13 1.08 1.11 3.42 3.31 0 2.13 3.88 0.53 3.79 3.42 2.04 
2.49 3.3 3.02 4.56 3.42 4.02 4.78 3.31 2.43 4.06 1.73 4.96 3.02 4.27 0.81 1.61 4.59 3.56 3.91 3.82 2.97 1.39 2.41 3.73 4.45 1.12 1.2 5.02 4.33 2.03 2.85 4.67 2.8 0.95 2.59 4.8 2.29 4.23 3.73 4.29 1.4 1.45 4.88 4.27 2.13 0 2.5 2.12 4.49 4.41 3.73 
2.42 3.59 3.71 4.17 4.18 3.96 3.39 4.56 0.09 3.87 0.78 4.25 3.8 3.03 3.19 1.15 3.88 1.32 2.84 2.77 2.25 1.2 1.8 2.82 3.5 2.16 1.42 5.46 3.96 3.7 2.98 3.49 2.51 3.17 3.88 4.74 1.32 3.74 3.66 2.98 3.68 3.75 4.97 3.9 3.88 2.5 0 4.15 3.75 4.04 4.42 
2.66 2.64 2.1 4.05 2.24 3.39 5.07 1.68 4.1 3.53 3.43 4.65 2 4.55 1.37 3.59 4.36 4.79 4.16 4.08 3.34 3.33 3.06 3.91 4.45 2 3.18 3.72 3.88 0.68 2.59 4.8 2.93 1.17 1.25 3.96 3.28 3.9 3.2 4.62 0.81 0.81 3.9 3.83 0.53 2.12 4.15 0 4.31 3.94 2.51 
2.01 1.72 2.28 0.68 2.41 1.13 1.17 3.23 3.79 0.93 3.76 0.51 2.41 0.97 4.53 4.42 0.14 2.98 0.95 1.01 1.63 4.24 2.23 0.93 0.39 3.38 4.34 2.49 0.63 3.64 1.78 0.78 1.7 4.28 3.14 1.41 2.61 0.45 1.17 1.09 4.55 4.62 1.73 0.63 3.79 4.49 3.75 4.31 0 0.64 2.35 
1.96 1.31 1.85 0.15 1.88 0.58 1.81 2.7 4.07 0.41 3.93 0.74 1.96 1.55 4.34 4.57 0.59 3.43 1.42 1.44 1.8 4.36 2.36 1.3 1.01 3.3 4.43 1.86 0.09 3.29 1.57 1.42 1.7 4.07 2.72 0.81 2.79 0.32 0.75 1.68 4.28 4.34 1.12 0.15 3.42 4.41 4.04 3.94 0.64 0 1.78 
2.02 0.91 0.76 1.84 0.32 1.22 3.43 0.97 4.42 1.43 4 2.5 0.73 3.03 3.35 4.51 2.34 4.33 2.72 2.69 2.42 4.25 2.66 2.49 2.65 2.81 4.23 1.3 1.76 1.99 1.48 3.07 2.01 3.06 1.3 1.51 3.12 1.9 1.25 3.14 3.08 3.12 1.4 1.74 2.04 3.73 4.42 2.51 2.35 1.78 0 
