Number_Of_Customers: 20
Vehicle_Capacity:    50
Alpha:               0.75
Number_Of_Scenarios: 3

Location_Coordinates:
0 0 0
1 -1.13721 1.99438
2 -0.495085 -0.901391
3 0.320755 0.93144
4 -0.293795 2.18818
5 1.79116 -0.983559
6 -0.668749 0.327409
7 -2.23123 -0.293409
8 -1.32266 0.0328204
9 1.61329 -0.498366
10 -1.04536 0.588521
11 1.27968 -2.43132
12 1.85476 -2.11897
13 1.41416 -2.15463
14 2.1956 1.3994
15 -0.251236 2.47306
16 -0.31866 -0.711721
17 -1.90196 -1.23159
18 0.720264 0.47549
19 1.56672 1.79658
20 0.103875 0.824688

Demand_per_scenario:
1 5 6 8
2 4 5 6
3 5 6 7
4 6 7 8
5 8 11 12
6 4 5 5
7 8 10 12
8 4 5 6
9 3 3 4
10 6 8 9
11 7 9 10
12 6 8 9
13 3 4 5
14 7 9 11
15 3 4 4
16 4 5 5
17 4 4 5
18 4 5 6
19 5 6 7
20 3 4 5

Probability_of_each_scenario_occuring:
0.333333 0.333333 0.333333 

Travel_Costs:
0 2.3 1.03 0.99 2.21 2.05 0.75 2.26 1.33 1.69 1.2 2.75 2.82 2.58 2.61 2.49 0.78 2.27 0.87 2.39 0.84 
2.3 0 2.97 1.81 0.87 4.18 1.74 2.54 1.98 3.72 1.41 5.05 5.09 4.88 3.39 1.01 2.83 3.32 2.4 2.72 1.71 
1.03 2.97 0 2.01 3.1 2.29 1.25 1.84 1.25 2.15 1.59 2.35 2.65 2.29 3.55 3.39 0.26 1.45 1.84 3.4 1.83 
0.99 1.81 2.01 0 1.4 2.42 1.16 2.84 1.88 1.93 1.41 3.5 3.42 3.28 1.94 1.65 1.77 3.11 0.61 1.52 0.25 
2.21 0.87 3.1 1.4 0 3.8 1.9 3.15 2.39 3.3 1.77 4.89 4.82 4.67 2.62 0.29 2.91 3.78 2 1.91 1.43 
2.05 4.18 2.29 2.42 3.8 0 2.79 4.09 3.28 0.52 3.25 1.54 1.14 1.24 2.42 4.02 2.13 3.71 1.81 2.79 2.48 
0.75 1.74 1.25 1.16 1.9 2.79 0 1.69 0.72 2.43 0.46 3.38 3.52 3.25 3.06 2.19 1.1 1.99 1.4 2.68 0.92 
2.26 2.54 1.84 2.84 3.15 4.09 1.69 0 0.97 3.85 1.48 4.12 4.48 4.1 4.74 3.41 1.96 1 3.06 4.34 2.59 
1.33 1.98 1.25 1.88 2.39 3.28 0.72 0.97 0 2.99 0.63 3.59 3.84 3.51 3.78 2.67 1.25 1.4 2.1 3.39 1.64 
1.69 3.72 2.15 1.93 3.3 0.52 2.43 3.85 2.99 0 2.88 1.97 1.64 1.67 1.99 3.51 1.95 3.6 1.33 2.3 2.01 
1.2 1.41 1.59 1.41 1.77 3.25 0.46 1.48 0.63 2.88 0 3.82 3.97 3.69 3.35 2.05 1.49 2.02 1.77 2.88 1.18 
2.75 5.05 2.35 3.5 4.89 1.54 3.38 4.12 3.59 1.97 3.82 0 0.66 0.31 3.94 5.14 2.35 3.41 2.97 4.24 3.47 
2.82 5.09 2.65 3.42 4.82 1.14 3.52 4.48 3.84 1.64 3.97 0.66 0 0.45 3.54 5.06 2.59 3.87 2.84 3.93 3.43 
2.58 4.88 2.29 3.28 4.67 1.24 3.25 4.1 3.51 1.67 3.69 0.31 0.45 0 3.64 4.92 2.26 3.45 2.73 3.96 3.26 
2.61 3.39 3.55 1.94 2.62 2.42 3.06 4.74 3.78 1.99 3.35 3.94 3.54 3.64 0 2.68 3.29 4.87 1.75 0.75 2.17 
2.49 1.01 3.39 1.65 0.29 4.02 2.19 3.41 2.67 3.51 2.05 5.14 5.06 4.92 2.68 0 3.19 4.06 2.23 1.94 1.69 
0.78 2.83 0.26 1.77 2.91 2.13 1.1 1.96 1.25 1.95 1.49 2.35 2.59 2.26 3.29 3.19 0 1.67 1.58 3.14 1.6 
2.27 3.32 1.45 3.11 3.78 3.71 1.99 1 1.4 3.6 2.02 3.41 3.87 3.45 4.87 4.06 1.67 0 3.13 4.61 2.88 
0.87 2.4 1.84 0.61 2 1.81 1.4 3.06 2.1 1.33 1.77 2.97 2.84 2.73 1.75 2.23 1.58 3.13 0 1.57 0.71 
2.39 2.72 3.4 1.52 1.91 2.79 2.68 4.34 3.39 2.3 2.88 4.24 3.93 3.96 0.75 1.94 3.14 4.61 1.57 0 1.76 
0.84 1.71 1.83 0.25 1.43 2.48 0.92 2.59 1.64 2.01 1.18 3.47 3.43 3.26 2.17 1.69 1.6 2.88 0.71 1.76 0 
