Number_Of_Customers: 15
Vehicle_Capacity:    50
Alpha:               0.75
Number_Of_Scenarios: 3

Location_Coordinates:
0 0 0
1 -1.25531 1.97638
2 1.96108 -0.204575
3 1.71474 -0.338573
4 -0.398929 0.206686
5 -1.23217 0.839434
6 -1.63973 1.06942
7 -1.28822 -1.19719
8 -1.24285 1.47474
9 0.989295 2.07338
10 2.2816 1.91963
11 -1.78032 -1.80444
12 -2.19757 0.440898
13 0.165897 -1.77477
14 1.40171 -1.45181
15 -0.653778 1.95626

Demand_per_scenario:
1 3 4 4
2 5 6 8
3 5 7 8
4 4 6 6
5 3 3 4
6 6 8 9
7 5 6 8
8 2 3 3
9 4 5 6
10 4 5 6
11 5 7 8
12 4 5 6
13 5 7 8
14 5 7 8
15 2 2 2

Probability_of_each_scenario_occuring:
0.333333 0.333333 0.333333 

Travel_Costs:
0 2.35 1.98 1.75 0.45 1.5 1.96 1.76 1.93 2.3 2.99 2.54 2.25 1.79 2.02 2.07 
2.35 0 3.89 3.77 1.97 1.14 0.99 3.18 0.51 2.25 3.54 3.82 1.81 4.02 4.34 0.61 
1.98 3.89 0 0.29 2.4 3.36 3.82 3.4 3.62 2.48 2.15 4.07 4.21 2.39 1.37 3.4 
1.75 3.77 0.29 0 2.19 3.18 3.64 3.13 3.47 2.52 2.33 3.8 3.99 2.12 1.16 3.3 
0.45 1.97 2.4 2.19 0 1.05 1.52 1.67 1.53 2.33 3.19 2.44 1.82 2.07 2.45 1.77 
1.5 1.14 3.36 3.18 1.05 0 0.47 2.04 0.64 2.55 3.68 2.71 1.05 2.97 3.5 1.26 
1.96 0.99 3.82 3.64 1.52 0.47 0 2.3 0.57 2.82 4.02 2.88 0.85 3.37 3.96 1.33 
1.76 3.18 3.4 3.13 1.67 2.04 2.3 0 2.68 3.99 4.74 0.79 1.88 1.57 2.71 3.22 
1.93 0.51 3.62 3.47 1.53 0.64 0.57 2.68 0 2.32 3.56 3.33 1.41 3.55 3.95 0.77 
2.3 2.25 2.48 2.52 2.33 2.55 2.82 3.99 2.32 0 1.31 4.77 3.59 3.94 3.55 1.65 
2.99 3.54 2.15 2.33 3.19 3.68 4.02 4.74 3.56 1.31 0 5.52 4.72 4.26 3.49 2.94 
2.54 3.82 4.07 3.8 2.44 2.71 2.88 0.79 3.33 4.77 5.52 0 2.29 1.95 3.21 3.93 
2.25 1.81 4.21 3.99 1.82 1.05 0.85 1.88 1.41 3.59 4.72 2.29 0 3.24 4.07 2.17 
1.79 4.02 2.39 2.12 2.07 2.97 3.37 1.57 3.55 3.94 4.26 1.95 3.24 0 1.28 3.83 
2.02 4.34 1.37 1.16 2.45 3.5 3.96 2.71 3.95 3.55 3.49 3.21 4.07 1.28 0 3.98 
2.07 0.61 3.4 3.3 1.77 1.26 1.33 3.22 0.77 1.65 2.94 3.93 2.17 3.83 3.98 0 
