Number_Of_Customers: 25
Vehicle_Capacity:    50
Alpha:               0.75
Number_Of_Scenarios: 3

Location_Coordinates:
0 0 0
1 1.45029 0.0534892
2 -1.00741 -1.4606
3 1.66228 -2.02521
4 2.35148 1.36804
5 -2.33588 0.882088
6 0.256008 -2.27516
7 1.44905 -0.767001
8 -0.985203 1.70076
9 -0.283674 2.29311
10 0.228094 -1.42447
11 -1.14216 -1.34636
12 1.74494 2.1481
13 -1.92556 2.12274
14 1.82916 -2.28695
15 -1.708 -1.41335
16 0.743316 -2.08018
17 -1.54663 0.715791
18 0.298244 -2.41489
19 -2.13248 -0.656084
20 -1.79785 -1.48583
21 -2.32341 0.497614
22 -1.59508 1.41447
23 -1.99161 2.01675
24 0.452427 -1.05246
25 1.35574 0.961765

Demand_per_scenario:
1 5 7 9
2 4 6 7
3 3 4 5
4 4 6 7
5 4 5 6
6 5 7 8
7 4 5 7
8 4 5 6
9 5 7 9
10 4 6 7
11 5 7 9
12 5 7 8
13 3 4 5
14 2 3 4
15 5 6 8
16 5 7 9
17 3 4 5
18 5 7 9
19 4 6 7
20 6 8 10
21 4 6 7
22 6 8 11
23 4 5 7
24 3 3 4
25 3 4 5

Probability_of_each_scenario_occuring:
0.333333 0.333333 0.333333 

Travel_Costs:
0 1.46 1.78 2.63 2.73 2.5 2.29 1.64 1.97 2.32 1.45 1.77 2.77 2.87 2.93 2.22 2.21 1.71 2.44 2.24 2.34 2.38 2.14 2.84 1.15 1.67 
1.46 0 2.89 2.09 1.6 3.88 2.62 0.83 2.95 2.84 1.92 2.95 2.12 3.96 2.38 3.49 2.25 3.07 2.73 3.66 3.6 3.8 3.34 3.97 1.49 0.92 
1.78 2.89 0 2.73 4.4 2.7 1.51 2.56 3.17 3.83 1.24 0.18 4.54 3.7 2.96 0.71 1.86 2.25 1.62 1.39 0.8 2.36 2.94 3.62 1.52 3.39 
2.63 2.09 2.73 0 3.47 4.95 1.43 1.28 4.58 4.74 1.56 2.89 4.18 5.49 0.32 3.43 0.93 4.23 1.42 4.04 3.51 4.72 4.74 5.45 1.56 3.01 
2.73 1.6 4.4 3.47 0 4.72 4.21 2.32 3.36 2.8 3.51 4.43 0.99 4.35 3.7 4.93 3.81 3.96 4.31 4.92 5.04 4.76 3.95 4.4 3.08 1.08 
2.5 3.88 2.7 4.95 4.72 0 4.09 4.13 1.58 2.5 3.45 2.53 4.28 1.31 5.24 2.38 4.28 0.81 4.23 1.56 2.43 0.39 0.92 1.19 3.4 3.7 
2.29 2.62 1.51 1.43 4.21 4.09 0 1.93 4.17 4.61 0.86 1.68 4.67 4.91 1.58 2.15 0.53 3.5 0.15 2.89 2.21 3.79 4.13 4.85 1.24 3.42 
1.64 0.83 2.56 1.28 2.32 4.13 1.93 0 3.47 3.52 1.39 2.66 2.94 4.45 1.57 3.23 1.5 3.35 2.01 3.59 3.33 3.98 3.75 4.43 1.04 1.74 
1.97 2.95 3.17 4.58 3.36 1.58 4.17 3.47 0 0.92 3.36 3.06 2.77 1.04 4.89 3.2 4.16 1.14 4.32 2.63 3.29 1.8 0.68 1.06 3.11 2.46 
2.32 2.84 3.83 4.74 2.8 2.5 4.61 3.52 0.92 0 3.76 3.74 2.04 1.66 5.05 3.98 4.5 2.03 4.75 3.49 4.08 2.72 1.58 1.74 3.43 2.12 
1.45 1.92 1.24 1.56 3.51 3.45 0.86 1.39 3.36 3.76 0 1.38 3.89 4.15 1.82 1.94 0.84 2.79 1 2.49 2.03 3.2 3.38 4.1 0.44 2.64 
1.77 2.95 0.18 2.89 4.43 2.53 1.68 2.66 3.06 3.74 1.38 0 4.54 3.56 3.12 0.57 2.03 2.11 1.8 1.21 0.68 2.19 2.8 3.47 1.63 3.41 
2.77 2.12 4.54 4.18 0.99 4.28 4.67 2.94 2.77 2.04 3.89 4.54 0 3.68 4.44 4.97 4.35 3.59 4.79 4.79 5.08 4.4 3.42 3.74 3.46 1.25 
2.87 3.96 3.7 5.49 4.35 1.31 4.91 4.45 1.04 1.66 4.15 3.56 3.68 0 5.8 3.55 4.98 1.46 5.06 2.79 3.62 1.68 0.79 0.13 3.97 3.49 
2.93 2.38 2.96 0.32 3.7 5.24 1.58 1.57 4.89 5.05 1.82 3.12 4.44 5.8 0 3.65 1.11 4.52 1.54 4.29 3.72 5 5.05 5.76 1.85 3.29 
2.22 3.49 0.71 3.43 4.93 2.38 2.15 3.23 3.2 3.98 1.94 0.57 4.97 3.55 3.65 0 2.55 2.14 2.25 0.87 0.12 2.01 2.84 3.45 2.2 3.88 
2.21 2.25 1.86 0.93 3.81 4.28 0.53 1.5 4.16 4.5 0.84 2.03 4.35 4.98 1.11 2.55 0 3.62 0.56 3.21 2.61 4.01 4.21 4.93 1.07 3.11 
1.71 3.07 2.25 4.23 3.96 0.81 3.5 3.35 1.14 2.03 2.79 2.11 3.59 1.46 4.52 2.14 3.62 0 3.64 1.5 2.22 0.81 0.71 1.38 2.67 2.92 
2.44 2.73 1.62 1.42 4.31 4.23 0.15 2.01 4.32 4.75 1 1.8 4.79 5.06 1.54 2.25 0.56 3.64 0 3.01 2.3 3.92 4.28 4.99 1.38 3.54 
2.24 3.66 1.39 4.04 4.92 1.56 2.89 3.59 2.63 3.49 2.49 1.21 4.79 2.79 4.29 0.87 3.21 1.5 3.01 0 0.9 1.17 2.14 2.68 2.62 3.85 
2.34 3.6 0.8 3.51 5.04 2.43 2.21 3.33 3.29 4.08 2.03 0.68 5.08 3.62 3.72 0.12 2.61 2.22 2.3 0.9 0 2.06 2.91 3.51 2.3 4 
2.38 3.8 2.36 4.72 4.76 0.39 3.79 3.98 1.8 2.72 3.2 2.19 4.4 1.68 5 2.01 4.01 0.81 3.92 1.17 2.06 0 1.18 1.56 3.18 3.71 
2.14 3.34 2.94 4.74 3.95 0.92 4.13 3.75 0.68 1.58 3.38 2.8 3.42 0.79 5.05 2.84 4.21 0.71 4.28 2.14 2.91 1.18 0 0.73 3.21 2.99 
2.84 3.97 3.62 5.45 4.4 1.19 4.85 4.43 1.06 1.74 4.1 3.47 3.74 0.13 5.76 3.45 4.93 1.38 4.99 2.68 3.51 1.56 0.73 0 3.93 3.51 
1.15 1.49 1.52 1.56 3.08 3.4 1.24 1.04 3.11 3.43 0.44 1.63 3.46 3.97 1.85 2.2 1.07 2.67 1.38 2.62 2.3 3.18 3.21 3.93 0 2.21 
1.67 0.92 3.39 3.01 1.08 3.7 3.42 1.74 2.46 2.12 2.64 3.41 1.25 3.49 3.29 3.88 3.11 2.92 3.54 3.85 4 3.71 2.99 3.51 2.21 0 
