Number_Of_Customers: 25
Vehicle_Capacity:    50
Alpha:               0
Number_Of_Scenarios: 3

Location_Coordinates:
0 0 0
1 1.64697 0.610549
2 1.49942 0.829676
3 -0.643332 -2.48095
4 -2.27221 1.03932
5 -2.2223 -0.204152
6 -1.17508 0.426577
7 -0.519768 -0.734963
8 2.47534 -1.92938
9 -2.07634 -2.12395
10 -2.29649 -2.04816
11 1.55953 1.0546
12 -0.303416 0.490072
13 1.64243 -0.751727
14 0.723622 1.92075
15 2.08698 0.945261
16 1.99883 -0.63332
17 0.791979 0.79928
18 -1.49542 1.4814
19 -2.03285 -1.16525
20 0.66432 0.22441
21 1.65227 -0.221865
22 1.11574 2.27664
23 -1.49405 -0.472481
24 -0.996553 0.936886
25 1.24154 1.58924

Demand_per_scenario:
1 5 6 8
2 3 4 5
3 4 5 6
4 3 3 4
5 4 5 6
6 3 4 4
7 3 4 5
8 7 9 11
9 4 5 7
10 5 7 8
11 3 3 4
12 6 8 10
13 5 6 7
14 5 6 7
15 2 3 3
16 3 4 5
17 4 5 6
18 4 5 6
19 5 6 8
20 6 8 9
21 4 5 6
22 5 7 9
23 5 6 8
24 3 4 5
25 3 3 4

Probability_of_each_scenario_occuring:
0.333333 0.333333 0.333333 

Travel_Costs:
0 1.76 1.72 2.57 2.5 2.24 1.26 0.91 3.14 2.98 3.08 1.89 0.58 1.81 2.06 2.3 2.1 1.13 2.11 2.35 0.71 1.67 2.54 1.57 1.37 2.02 
1.76 0 0.27 3.85 3.95 3.96 2.83 2.56 2.68 4.62 4.76 0.46 1.96 1.37 1.61 0.56 1.3 0.88 3.27 4.09 1.06 0.84 1.75 3.33 2.67 1.06 
1.72 0.27 0 3.95 3.78 3.87 2.71 2.56 2.93 4.64 4.77 0.24 1.84 1.59 1.34 0.6 1.55 0.71 3.07 4.06 1.04 1.07 1.5 3.27 2.5 0.81 
2.57 3.85 3.95 0 3.88 2.78 2.96 1.76 3.17 1.48 1.71 4.17 3 2.87 4.61 4.39 3.23 3.59 4.06 1.92 3.01 3.23 5.08 2.19 3.44 4.49 
2.5 3.95 3.78 3.88 0 1.25 1.26 2.5 5.6 3.17 3.09 3.84 2.05 4.31 3.13 4.37 4.59 3.08 0.9 2.22 3.05 4.13 3.61 1.71 1.28 3.56 
2.24 3.96 3.87 2.78 1.25 0 1.23 1.79 5.01 1.93 1.85 3.99 2.05 3.91 3.64 4.46 4.25 3.18 1.84 0.98 2.92 3.88 4.16 0.78 1.68 3.91 
1.26 2.83 2.71 2.96 1.26 1.23 0 1.34 4.35 2.71 2.72 2.81 0.88 3.06 2.42 3.31 3.35 2.01 1.11 1.81 1.86 2.91 2.95 0.96 0.55 2.69 
0.91 2.56 2.56 1.76 2.5 1.79 1.34 0 3.23 2.09 2.21 2.75 1.25 2.17 2.94 3.11 2.53 2.02 2.43 1.58 1.53 2.24 3.43 1.01 1.74 2.92 
3.14 2.68 2.93 3.17 5.6 5.01 4.35 3.23 0 4.56 4.78 3.13 3.69 1.45 4.23 2.91 1.39 3.21 5.24 4.58 2.82 1.9 4.43 4.23 4.51 3.73 
2.98 4.62 4.64 1.48 3.17 1.93 2.71 2.09 4.56 0 0.24 4.83 3.16 3.97 4.92 5.18 4.34 4.1 3.66 0.96 3.61 4.19 5.44 1.76 3.25 4.98 
3.08 4.76 4.77 1.71 3.09 1.85 2.72 2.21 4.78 0.24 0 4.95 3.23 4.15 4.99 5.31 4.53 4.21 3.62 0.93 3.74 4.36 5.51 1.77 3.26 5.08 
1.89 0.46 0.24 4.17 3.84 3.99 2.81 2.75 3.13 4.83 4.95 0 1.95 1.81 1.21 0.54 1.75 0.81 3.09 4.23 1.23 1.28 1.31 3.42 2.56 0.63 
0.58 1.96 1.84 3 2.05 2.05 0.88 1.25 3.69 3.16 3.23 1.95 0 2.31 1.77 2.44 2.57 1.14 1.56 2.4 1.01 2.09 2.29 1.54 0.83 1.9 
1.81 1.37 1.59 2.87 4.31 3.91 3.06 2.17 1.45 3.97 4.15 1.81 2.31 0 2.83 1.76 0.38 1.77 3.86 3.7 1.39 0.53 3.08 3.15 3.14 2.38 
2.06 1.61 1.34 4.61 3.13 3.64 2.42 2.94 4.23 4.92 4.99 1.21 1.77 2.83 0 1.68 2.86 1.13 2.27 4.14 1.7 2.34 0.53 3.27 1.99 0.62 
2.3 0.56 0.6 4.39 4.37 4.46 3.31 3.11 2.91 5.18 5.31 0.54 2.44 1.76 1.68 0 1.59 1.31 3.63 4.63 1.6 1.25 1.65 3.86 3.09 1.07 
2.1 1.3 1.55 3.23 4.59 4.25 3.35 2.53 1.39 4.34 4.53 1.75 2.57 0.38 2.86 1.59 0 1.88 4.09 4.07 1.59 0.54 3.05 3.5 3.39 2.35 
1.13 0.88 0.71 3.59 3.08 3.18 2.01 2.02 3.21 4.1 4.21 0.81 1.14 1.77 1.13 1.31 1.88 0 2.39 3.45 0.59 1.34 1.52 2.62 1.8 0.91 
2.11 3.27 3.07 4.06 0.9 1.84 1.11 2.43 5.24 3.66 3.62 3.09 1.56 3.86 2.27 3.63 4.09 2.39 0 2.71 2.5 3.58 2.73 1.96 0.74 2.74 
2.35 4.09 4.06 1.92 2.22 0.98 1.81 1.58 4.58 0.96 0.93 4.23 2.4 3.7 4.14 4.63 4.07 3.45 2.71 0 3.04 3.81 4.67 0.88 2.35 4.28 
0.71 1.06 1.04 3.01 3.05 2.92 1.86 1.53 2.82 3.61 3.74 1.23 1.01 1.39 1.7 1.6 1.59 0.59 2.5 3.04 0 1.09 2.11 2.27 1.81 1.49 
1.67 0.84 1.07 3.23 4.13 3.88 2.91 2.24 1.9 4.19 4.36 1.28 2.09 0.53 2.34 1.25 0.54 1.34 3.58 3.81 1.09 0 2.56 3.16 2.9 1.86 
2.54 1.75 1.5 5.08 3.61 4.16 2.95 3.43 4.43 5.44 5.51 1.31 2.29 3.08 0.53 1.65 3.05 1.52 2.73 4.67 2.11 2.56 0 3.8 2.51 0.7 
1.57 3.33 3.27 2.19 1.71 0.78 0.96 1.01 4.23 1.76 1.77 3.42 1.54 3.15 3.27 3.86 3.5 2.62 1.96 0.88 2.27 3.16 3.8 0 1.5 3.43 
1.37 2.67 2.5 3.44 1.28 1.68 0.55 1.74 4.51 3.25 3.26 2.56 0.83 3.14 1.99 3.09 3.39 1.8 0.74 2.35 1.81 2.9 2.51 1.5 0 2.34 
2.02 1.06 0.81 4.49 3.56 3.91 2.69 2.92 3.73 4.98 5.08 0.63 1.9 2.38 0.62 1.07 2.35 0.91 2.74 4.28 1.49 1.86 0.7 3.43 2.34 0 
