Number_Of_Customers: 25
Vehicle_Capacity:    50
Alpha:               1
Number_Of_Scenarios: 3

Location_Coordinates:
0 0 0
1 -0.994776 0.805911
2 -0.0515216 -0.922819
3 0.176756 0.73428
4 1.05214 -1.6835
5 0.346645 1.06857
6 -0.541491 -0.843894
7 1.67845 -0.265765
8 -1.71197 1.88763
9 0.332223 -1.31976
10 -1.20518 -0.486132
11 -0.428563 2.13533
12 -1.45796 1.01612
13 -2.12611 1.50159
14 2.15518 2.135
15 -2.04838 -2.08364
16 0.214221 0.419102
17 -1.14634 -1.50659
18 -1.25296 1.45477
19 0.39505 -0.389933
20 1.4022 1.78176
21 1.04548 1.42336
22 2.48183 2.11347
23 1.04141 -2.07114
24 0.32907 0.678893
25 0.162845 1.93116

Demand_per_scenario:
1 3 4 5
2 3 4 5
3 5 7 8
4 6 8 11
5 6 8 10
6 4 5 7
7 5 6 8
8 4 5 6
9 3 4 4
10 5 7 9
11 3 4 5
12 5 7 9
13 5 6 7
14 5 7 9
15 5 6 8
16 5 7 9
17 5 6 8
18 4 5 7
19 4 5 7
20 5 6 8
21 3 4 6
22 4 6 7
23 4 5 6
24 5 6 8
25 4 6 7

Probability_of_each_scenario_occuring:
0.333333 0.333333 0.333333 

Travel_Costs:
0 1.29 0.93 0.76 1.99 1.13 1.01 1.7 2.55 1.37 1.3 2.18 1.78 2.61 3.04 2.93 0.48 1.9 1.92 0.56 2.27 1.77 3.26 2.32 0.76 1.94 
1.29 0 1.97 1.18 3.23 1.37 1.72 2.89 1.3 2.51 1.31 1.45 0.51 1.33 3.42 3.08 1.27 2.32 0.7 1.84 2.59 2.14 3.72 3.53 1.33 1.62 
0.93 1.97 0 1.68 1.35 2.04 0.5 1.86 3.27 0.56 1.24 3.09 2.4 3.2 3.78 2.31 1.37 1.25 2.67 0.7 3.08 2.59 3.96 1.59 1.65 2.87 
0.76 1.18 1.68 0 2.58 0.38 1.74 1.81 2.22 2.06 1.85 1.53 1.66 2.43 2.43 3.6 0.32 2.61 1.61 1.15 1.62 1.11 2.69 2.94 0.17 1.2 
1.99 3.23 1.35 2.58 0 2.85 1.81 1.55 4.52 0.81 2.56 4.1 3.69 4.5 3.98 3.13 2.27 2.21 3.9 1.46 3.49 3.11 4.06 0.39 2.48 3.73 
1.13 1.37 2.04 0.38 2.85 0 2.11 1.89 2.22 2.39 2.2 1.32 1.81 2.52 2.1 3.96 0.67 2.98 1.65 1.46 1.28 0.79 2.38 3.22 0.4 0.89 
1.01 1.72 0.5 1.74 1.81 2.11 0 2.3 2.98 1 0.76 2.99 2.08 2.84 4.02 1.96 1.48 0.9 2.41 1.05 3.27 2.77 4.23 2.01 1.76 2.87 
1.7 2.89 1.86 1.81 1.55 1.89 2.3 0 4.02 1.71 2.9 3.2 3.39 4.2 2.45 4.15 1.62 3.09 3.4 1.29 2.07 1.81 2.52 1.92 1.65 2.67 
2.55 1.3 3.27 2.22 4.52 2.22 2.98 4.02 0 3.81 2.43 1.31 0.91 0.57 3.88 3.99 2.43 3.45 0.64 3.11 3.12 2.8 4.2 4.83 2.38 1.88 
1.37 2.51 0.56 2.06 0.81 2.39 1 1.71 3.81 0 1.75 3.54 2.95 3.75 3.91 2.51 1.75 1.5 3.2 0.94 3.29 2.84 4.06 1.04 2 3.26 
1.3 1.31 1.24 1.85 2.56 2.2 0.76 2.9 2.43 1.75 0 2.74 1.53 2.2 4.27 1.81 1.69 1.03 1.95 1.61 3.46 2.96 4.52 2.75 1.93 2.78 
2.18 1.45 3.09 1.53 4.1 1.32 2.99 3.2 1.31 3.54 2.74 0 1.53 1.82 2.59 4.52 1.84 3.72 1.07 2.66 1.87 1.64 2.92 4.46 1.65 0.63 
1.78 0.51 2.4 1.66 3.69 1.81 2.08 3.39 0.91 2.95 1.53 1.53 0 0.83 3.79 3.16 1.78 2.55 0.49 2.33 2.97 2.54 4.09 3.98 1.82 1.87 
2.61 1.33 3.2 2.43 4.5 2.52 2.84 4.2 0.57 3.75 2.2 1.82 0.83 0 4.33 3.59 2.58 3.17 0.88 3.16 3.54 3.18 4.65 4.78 2.59 2.33 
3.04 3.42 3.78 2.43 3.98 2.1 4.02 2.45 3.88 3.91 4.27 2.59 3.79 4.33 0 5.96 2.6 4.92 3.48 3.08 0.84 1.32 0.33 4.36 2.34 2.01 
2.93 3.08 2.31 3.6 3.13 3.96 1.96 4.15 3.99 2.51 1.81 4.52 3.16 3.59 5.96 0 3.38 1.08 3.63 2.98 5.19 4.68 6.18 3.09 3.65 4.59 
0.48 1.27 1.37 0.32 2.27 0.67 1.48 1.62 2.43 1.75 1.69 1.84 1.78 2.58 2.6 3.38 0 2.36 1.8 0.83 1.81 1.31 2.84 2.63 0.29 1.52 
1.9 2.32 1.25 2.61 2.21 2.98 0.9 3.09 3.45 1.5 1.03 3.72 2.55 3.17 4.92 1.08 2.36 0 2.97 1.91 4.17 3.66 5.13 2.26 2.64 3.68 
1.92 0.7 2.67 1.61 3.9 1.65 2.41 3.4 0.64 3.2 1.95 1.07 0.49 0.88 3.48 3.63 1.8 2.97 0 2.48 2.68 2.3 3.8 4.21 1.77 1.5 
0.56 1.84 0.7 1.15 1.46 1.46 1.05 1.29 3.11 0.94 1.61 2.66 2.33 3.16 3.08 2.98 0.83 1.91 2.48 0 2.4 1.93 3.26 1.81 1.08 2.34 
2.27 2.59 3.08 1.62 3.49 1.28 3.27 2.07 3.12 3.29 3.46 1.87 2.97 3.54 0.84 5.19 1.81 4.17 2.68 2.4 0 0.51 1.13 3.87 1.54 1.25 
1.77 2.14 2.59 1.11 3.11 0.79 2.77 1.81 2.8 2.84 2.96 1.64 2.54 3.18 1.32 4.68 1.31 3.66 2.3 1.93 0.51 0 1.6 3.5 1.04 1.02 
3.26 3.72 3.96 2.69 4.06 2.38 4.23 2.52 4.2 4.06 4.52 2.92 4.09 4.65 0.33 6.18 2.84 5.13 3.8 3.26 1.13 1.6 0 4.43 2.59 2.33 
2.32 3.53 1.59 2.94 0.39 3.22 2.01 1.92 4.83 1.04 2.75 4.46 3.98 4.78 4.36 3.09 2.63 2.26 4.21 1.81 3.87 3.5 4.43 0 2.85 4.1 
0.76 1.33 1.65 0.17 2.48 0.4 1.76 1.65 2.38 2 1.93 1.65 1.82 2.59 2.34 3.65 0.29 2.64 1.77 1.08 1.54 1.04 2.59 2.85 0 1.27 
1.94 1.62 2.87 1.2 3.73 0.89 2.87 2.67 1.88 3.26 2.78 0.63 1.87 2.33 2.01 4.59 1.52 3.68 1.5 2.34 1.25 1.02 2.33 4.1 1.27 0 
