Number_Of_Customers: 50
Vehicle_Capacity:    50
Alpha:               0.75
Number_Of_Scenarios: 3

Location_Coordinates:
0 0 0
1 1.91217 -2.16779
2 0.903363 -2.18328
3 0.586582 -1.32361
4 -0.837609 2.31342
5 1.69521 1.33737
6 2.19299 -2.44274
7 -0.209746 -0.201081
8 0.439825 2.13938
9 1.58011 1.88507
10 2.40608 -1.09555
11 2.16759 0.683792
12 -2.49999 -2.39943
13 -2.23942 2.02839
14 1.1542 -1.441
15 1.12554 2.02332
16 0.911612 1.45882
17 -1.69629 0.501696
18 2.00038 0.404698
19 1.75162 -0.51799
20 -0.852516 1.76959
21 1.42169 -0.608888
22 1.42275 2.19477
23 -2.47065 0.849861
24 -1.39104 0.744543
25 -1.46521 -0.751154
26 0.358666 -1.90826
27 -2.20086 0.122672
28 1.74481 0.0209686
29 2.419 1.15222
30 0.309806 1.9056
31 2.37474 2.3304
32 2.10192 1.94968
33 -1.72882 -1.31385
34 -1.87752 -0.486314
35 1.5136 -0.993872
36 0.986602 1.82307
37 0.386563 1.9579
38 1.35318 -2.09853
39 0.0528979 -0.945016
40 2.11753 -0.751628
41 2.38328 0.824106
42 0.751609 2.29224
43 0.619197 1.85173
44 2.07329 0.851139
45 0.100402 2.45692
46 -1.5823 1.27061
47 0.175616 1.58617
48 -1.2734 -1.99887
49 0.0541295 -0.245991
50 0.628851 -0.907593

Demand_per_scenario:
1 4 5 6
2 5 7 8
3 5 7 9
4 7 9 11
5 4 5 6
6 2 2 3
7 6 8 10
8 6 9 11
9 3 5 6
10 1 1 2
11 4 6 7
12 3 4 4
13 4 6 8
14 1 2 2
15 3 5 6
16 3 5 6
17 3 4 5
18 7 10 12
19 5 7 9
20 5 7 8
21 3 5 6
22 4 6 7
23 6 8 10
24 4 6 7
25 3 4 5
26 6 9 11
27 4 6 7
28 5 7 9
29 2 3 3
30 4 6 7
31 6 8 10
32 4 5 7
33 3 4 5
34 5 6 8
35 3 5 6
36 4 5 7
37 3 4 5
38 2 3 4
39 6 8 10
40 5 7 8
41 4 5 6
42 5 7 9
43 5 8 9
44 5 7 8
45 5 7 8
46 5 7 9
47 3 4 4
48 3 4 5
49 4 6 7
50 3 4 5

Probability_of_each_scenario_occuring:
0.333333 0.333333 0.333333 

Travel_Costs:
0 2.9 2.37 1.45 2.47 2.16 3.29 0.3 2.19 2.46 2.65 2.28 3.47 3.03 1.85 2.32 1.73 1.77 2.05 1.83 1.97 1.55 2.62 2.62 1.58 1.65 1.95 2.21 1.75 2.68 1.94 3.33 2.87 2.18 1.94 1.82 2.08 2 2.5 0.95 2.25 2.53 2.42 1.96 2.25 2.46 2.03 1.6 2.38 0.26 1.11 
2.9 0 1.01 1.58 5.26 3.52 0.4 2.9 4.56 4.07 1.19 2.87 4.42 5.91 1.06 4.27 3.77 4.49 2.58 1.66 4.82 1.64 4.39 5.33 4.41 3.67 1.58 4.71 2.2 3.36 4.38 4.53 4.13 3.74 4.15 1.24 4.1 4.4 0.57 2.23 1.44 3.03 4.61 4.23 3.03 4.97 4.91 4.14 3.2 2.68 1.8 
2.37 1.01 0 0.92 4.83 3.61 1.32 2.28 4.35 4.13 1.86 3.14 3.42 5.26 0.79 4.22 3.65 3.74 2.82 1.87 4.33 1.66 4.41 4.54 3.72 2.77 0.62 3.87 2.36 3.67 4.14 4.75 4.31 2.78 3.26 1.34 4.01 4.18 0.46 1.51 1.88 3.36 4.48 4.05 3.26 4.71 4.26 3.84 2.19 2.12 1.31 
1.45 1.58 0.92 0 3.91 2.89 1.96 1.38 3.47 3.36 1.84 2.56 3.27 4.39 0.58 3.4 2.81 2.93 2.24 1.42 3.42 1.1 3.62 3.76 2.87 2.14 0.63 3.15 1.78 3.09 3.25 4.07 3.61 2.32 2.61 0.99 3.18 3.29 1.1 0.66 1.64 2.81 3.62 3.18 2.64 3.82 3.39 2.94 1.98 1.21 0.42 
2.47 5.26 4.83 3.91 0 2.72 5.64 2.6 1.29 2.46 4.71 3.42 5 1.44 4.26 1.99 1.95 2.01 3.43 3.84 0.55 3.7 2.27 2.2 1.67 3.13 4.39 2.59 3.46 3.46 1.22 3.22 2.97 3.74 2.99 4.06 1.89 1.28 4.93 3.38 4.26 3.55 1.59 1.53 3.26 0.95 1.29 1.25 4.34 2.72 3.54 
2.16 3.52 3.61 2.89 2.72 0 3.82 2.45 1.49 0.56 2.54 0.81 5.62 4 2.84 0.9 0.8 3.5 0.99 1.86 2.59 1.97 0.9 4.2 3.15 3.79 3.52 4.09 1.32 0.75 1.5 1.21 0.74 4.34 4.02 2.34 0.86 1.45 3.46 2.82 2.14 0.86 1.35 1.2 0.62 1.95 3.28 1.54 4.47 2.29 2.49 
3.29 0.4 1.32 1.96 5.64 3.82 0 3.29 4.91 4.38 1.37 3.13 4.7 6.3 1.45 4.6 4.11 4.88 2.86 1.98 5.2 1.99 4.71 5.71 4.8 4.04 1.92 5.09 2.51 3.61 4.74 4.78 4.4 4.09 4.52 1.61 4.44 4.76 0.91 2.62 1.7 3.28 4.95 4.58 3.3 5.33 5.3 4.51 3.5 3.07 2.2 
0.3 2.9 2.28 1.38 2.6 2.45 3.29 0 2.43 2.75 2.77 2.54 3.18 3.02 1.85 2.6 2.01 1.65 2.3 1.99 2.08 1.69 2.9 2.5 1.52 1.38 1.8 2.02 1.97 2.96 2.17 3.62 3.16 1.89 1.7 1.9 2.36 2.24 2.46 0.79 2.4 2.79 2.68 2.22 2.52 2.68 2.02 1.83 2.09 0.27 1.1 
2.19 4.56 4.35 3.47 1.29 1.49 4.91 2.43 0 1.17 3.79 2.26 5.41 2.69 3.66 0.7 0.83 2.7 2.34 2.97 1.35 2.92 0.99 3.19 2.31 3.47 4.05 3.33 2.49 2.22 0.27 1.95 1.68 4.08 3.51 3.32 0.64 0.19 4.34 3.11 3.35 2.35 0.35 0.34 2.09 0.47 2.21 0.62 4.48 2.42 3.06 
2.46 4.07 4.13 3.36 2.46 0.56 4.38 2.75 1.17 0 3.1 1.34 5.92 3.83 3.36 0.48 0.8 3.56 1.54 2.41 2.44 2.5 0.35 4.19 3.19 4.03 3.99 4.18 1.88 1.12 1.28 0.92 0.53 4.61 4.2 2.88 0.6 1.2 4 3.22 2.7 1.34 0.93 0.97 1.15 1.59 3.23 1.44 4.82 2.63 2.96 
2.65 1.19 1.86 1.84 4.71 2.54 1.37 2.77 3.79 3.1 0 1.8 5.08 5.6 1.3 3.38 2.96 4.41 1.56 0.88 4.34 1.1 3.44 5.26 4.22 3.89 2.21 4.77 1.3 2.25 3.67 3.43 3.07 4.15 4.33 0.9 3.25 3.67 1.46 2.36 0.45 1.92 3.78 3.45 1.98 4.24 4.64 3.49 3.79 2.51 1.79 
2.28 2.87 3.14 2.56 3.42 0.81 3.13 2.54 2.26 1.34 1.8 0 5.6 4.61 2.36 1.7 1.48 3.87 0.33 1.28 3.21 1.5 1.69 4.65 3.56 3.91 3.17 4.41 0.79 0.54 2.23 1.66 1.27 4.38 4.22 1.81 1.65 2.19 2.9 2.67 1.44 0.26 2.15 1.94 0.2 2.73 3.8 2.19 4.37 2.31 2.22 
3.47 4.42 3.42 3.27 5 5.62 4.7 3.18 5.41 5.92 5.08 5.6 0 4.44 3.78 5.72 5.16 3.02 5.31 4.65 4.49 4.32 6.05 3.25 3.34 1.95 2.91 2.54 4.89 6.07 5.15 6.8 6.34 1.34 2.02 4.26 5.48 5.23 3.87 2.94 4.91 5.86 5.71 5.28 5.62 5.51 3.79 4.81 1.3 3.35 3.47 
3.03 5.91 5.26 4.39 1.44 4 6.3 3.02 2.69 3.83 5.6 4.61 4.44 0 4.86 3.37 3.21 1.63 4.55 4.74 1.42 4.52 3.67 1.21 1.54 2.89 4.72 1.91 4.47 4.75 2.56 4.63 4.35 3.39 2.55 4.82 3.24 2.63 5.48 3.76 5.17 4.78 3.01 2.87 4.48 2.38 1.01 2.46 4.15 3.24 4.11 
1.85 1.06 0.79 0.58 4.26 2.84 1.45 1.85 3.66 3.36 1.3 2.36 3.78 4.86 0 3.47 2.91 3.45 2.04 1.1 3.79 0.88 3.65 4.29 3.36 2.71 0.93 3.71 1.58 2.89 3.46 3.97 3.53 2.89 3.18 0.58 3.27 3.49 0.69 1.21 1.19 2.58 3.76 3.34 2.47 4.04 3.86 3.19 2.5 1.63 0.75 
2.32 4.27 4.22 3.4 1.99 0.9 4.6 2.6 0.7 0.48 3.38 1.7 5.72 3.37 3.47 0 0.61 3.21 1.84 2.62 2 2.65 0.35 3.79 2.83 3.8 4.01 3.84 2.1 1.56 0.83 1.29 0.98 4.4 3.92 3.05 0.25 0.75 4.13 3.16 2.95 1.74 0.47 0.54 1.51 1.12 2.82 1.05 4.69 2.51 2.98 
1.73 3.77 3.65 2.81 1.95 0.8 4.11 2.01 0.83 0.8 2.96 1.48 5.16 3.21 2.91 0.61 0 2.78 1.52 2.15 1.8 2.13 0.9 3.44 2.42 3.25 3.42 3.39 1.67 1.54 0.75 1.71 1.29 3.83 3.41 2.53 0.38 0.73 3.59 2.56 2.52 1.61 0.85 0.49 1.32 1.29 2.51 0.75 4.1 1.91 2.39 
1.77 4.49 3.74 2.93 2.01 3.5 4.88 1.65 2.7 3.56 4.41 3.87 3.02 1.63 3.45 3.21 2.78 0 3.7 3.6 1.53 3.31 3.55 0.85 0.4 1.28 3.17 0.64 3.48 4.17 2.45 4.47 4.07 1.82 1.01 3.55 3 2.55 4.01 2.27 4.02 4.1 3.04 2.69 3.79 2.66 0.78 2.17 2.54 1.91 2.72 
2.05 2.58 2.82 2.24 3.43 0.99 2.86 2.3 2.34 1.54 1.56 0.33 5.31 4.55 2.04 1.84 1.52 3.7 0 0.96 3.17 1.17 1.89 4.5 3.41 3.66 2.84 4.22 0.47 0.86 2.27 1.97 1.55 4.11 3.98 1.49 1.75 2.24 2.59 2.37 1.17 0.57 2.27 2.01 0.46 2.8 3.69 2.18 4.07 2.06 1.9 
1.83 1.66 1.87 1.42 3.84 1.86 1.98 1.99 2.97 2.41 0.88 1.28 4.65 4.74 1.1 2.62 2.15 3.6 0.96 0 3.47 0.35 2.74 4.44 3.39 3.23 1.97 4.01 0.54 1.8 2.83 2.92 2.5 3.58 3.63 0.54 2.47 2.83 1.63 1.76 0.44 1.49 2.99 2.63 1.41 3.41 3.79 2.63 3.37 1.72 1.19 
1.97 4.82 4.33 3.42 0.55 2.59 5.2 2.08 1.35 2.44 4.34 3.21 4.49 1.42 3.79 2 1.8 1.53 3.17 3.47 0 3.3 2.32 1.87 1.16 2.6 3.88 2.13 3.14 3.33 1.18 3.28 2.96 3.21 2.48 3.64 1.84 1.26 4.46 2.87 3.9 3.38 1.69 1.48 3.07 1.18 0.89 1.05 3.8 2.22 3.06 
1.55 1.64 1.66 1.1 3.7 1.97 1.99 1.69 2.92 2.5 1.1 1.5 4.32 4.52 0.88 2.65 2.13 3.31 1.17 0.35 3.3 0 2.81 4.16 3.13 2.9 1.68 3.7 0.71 2.03 2.75 3.09 2.65 3.23 3.31 0.4 2.48 2.77 1.5 1.41 0.72 1.73 2.98 2.59 1.6 3.34 3.55 2.53 3.04 1.42 0.85 
2.62 4.39 4.41 3.62 2.27 0.9 4.71 2.9 0.99 0.35 3.44 1.69 6.05 3.67 3.65 0.35 0.9 3.55 1.89 2.74 2.32 2.81 0 4.12 3.17 4.13 4.24 4.18 2.2 1.45 1.15 0.97 0.73 4.72 4.26 3.19 0.58 1.07 4.3 3.43 3.03 1.68 0.68 0.88 1.5 1.35 3.15 1.39 4.99 2.8 3.21 
2.62 5.33 4.54 3.76 2.2 4.2 5.71 2.5 3.19 4.19 5.26 4.65 3.25 1.21 4.29 3.79 3.44 0.85 4.5 4.44 1.87 4.16 4.12 0 1.09 1.9 3.96 0.78 4.3 4.9 2.98 5.07 4.71 2.29 1.47 4.4 3.6 3.07 4.83 3.1 4.86 4.86 3.54 3.25 4.55 3.04 0.99 2.75 3.1 2.76 3.57 
1.58 4.41 3.72 2.87 1.67 3.15 4.8 1.52 2.31 3.19 4.22 3.56 3.34 1.54 3.36 2.83 2.42 0.4 3.41 3.39 1.16 3.13 3.17 1.09 0 1.5 3.18 1.03 3.22 3.84 2.06 4.09 3.7 2.09 1.33 3.39 2.62 2.16 3.96 2.23 3.82 3.78 2.65 2.3 3.47 2.28 0.56 1.78 2.75 1.76 2.61 
1.65 3.67 2.77 2.14 3.13 3.79 4.04 1.38 3.47 4.03 3.89 3.91 1.95 2.89 2.71 3.8 3.25 1.28 3.66 3.23 2.6 2.9 4.13 1.9 1.5 0 2.16 1.15 3.31 4.33 3.2 4.93 4.48 0.63 0.5 2.99 3.56 3.29 3.13 1.54 3.59 4.16 3.77 3.34 3.89 3.57 2.03 2.86 1.27 1.61 2.1 
1.95 1.58 0.62 0.63 4.39 3.52 1.92 1.8 4.05 3.99 2.21 3.17 2.91 4.72 0.93 4.01 3.42 3.17 2.84 1.97 3.88 1.68 4.24 3.96 3.18 2.16 0 3.27 2.38 3.69 3.82 4.7 4.24 2.18 2.65 1.48 3.79 3.87 1.02 1.02 2.11 3.41 4.22 3.77 3.25 4.38 3.73 3.5 1.64 1.69 1.04 
2.21 4.71 3.87 3.15 2.59 4.09 5.09 2.02 3.33 4.18 4.77 4.41 2.54 1.91 3.71 3.84 3.39 0.64 4.22 4.01 2.13 3.7 4.18 0.78 1.03 1.15 3.27 0 3.95 4.74 3.08 5.09 4.68 1.52 0.69 3.88 3.62 3.18 4.2 2.5 4.41 4.64 3.67 3.31 4.34 3.28 1.31 2.8 2.32 2.29 3.02 
1.75 2.2 2.36 1.78 3.46 1.32 2.51 1.97 2.49 1.88 1.3 0.79 4.89 4.47 1.58 2.1 1.67 3.48 0.47 0.54 3.14 0.71 2.2 4.3 3.22 3.31 2.38 3.95 0 1.32 2.37 2.4 1.97 3.73 3.66 1.05 1.96 2.37 2.16 1.95 0.86 1.03 2.48 2.15 0.9 2.94 3.56 2.22 3.64 1.72 1.46 
2.68 3.36 3.67 3.09 3.46 0.75 3.61 2.96 2.22 1.12 2.25 0.54 6.07 4.75 2.89 1.56 1.54 4.17 0.86 1.8 3.33 2.03 1.45 4.9 3.84 4.33 3.69 4.74 1.32 0 2.24 1.18 0.86 4.83 4.6 2.33 1.59 2.19 3.43 3.17 1.93 0.34 2.02 1.94 0.46 2.67 4.01 2.29 4.86 2.75 2.73 
1.94 4.38 4.14 3.25 1.22 1.5 4.74 2.17 0.27 1.28 3.67 2.23 5.15 2.56 3.46 0.83 0.75 2.45 2.27 2.83 1.18 2.75 1.15 2.98 2.06 3.2 3.82 3.08 2.37 2.24 0 2.11 1.8 3.82 3.25 3.14 0.69 0.1 4.14 2.87 3.22 2.34 0.59 0.32 2.06 0.59 2 0.35 4.22 2.17 2.84 
3.33 4.53 4.75 4.07 3.22 1.21 4.78 3.62 1.95 0.92 3.43 1.66 6.8 4.63 3.97 1.29 1.71 4.47 1.97 2.92 3.28 3.09 0.97 5.07 4.09 4.93 4.7 5.09 2.4 1.18 2.11 0 0.47 5.49 5.11 3.44 1.48 2.03 4.55 4.02 3.1 1.51 1.63 1.82 1.51 2.28 4.1 2.33 5.67 3.47 3.68 
2.87 4.13 4.31 3.61 2.97 0.74 4.4 3.16 1.68 0.53 3.07 1.27 6.34 4.35 3.53 0.98 1.29 4.07 1.55 2.5 2.96 2.65 0.73 4.71 3.7 4.48 4.24 4.68 1.97 0.86 1.8 0.47 0 5.04 4.67 3.01 1.13 1.72 4.12 3.55 2.71 1.17 1.4 1.49 1.1 2.07 3.75 1.97 5.2 3.01 3.22 
2.18 3.74 2.78 2.32 3.74 4.34 4.09 1.89 4.08 4.61 4.15 4.38 1.34 3.39 2.89 4.4 3.83 1.82 4.11 3.58 3.21 3.23 4.72 2.29 2.09 0.63 2.18 1.52 3.73 4.83 3.82 5.49 5.04 0 0.85 3.26 4.15 3.9 3.19 1.82 3.89 4.64 4.38 3.95 4.38 4.2 2.59 3.47 0.83 2.08 2.4 
1.94 4.15 3.26 2.61 2.99 4.02 4.52 1.7 3.51 4.2 4.33 4.22 2.02 2.55 3.18 3.92 3.41 1.01 3.98 3.63 2.48 3.31 4.26 1.47 1.33 0.5 2.65 0.69 3.66 4.6 3.25 5.11 4.67 0.85 0 3.43 3.68 3.34 3.62 1.99 4.01 4.46 3.83 3.43 4.18 3.55 1.79 2.92 1.63 1.95 2.55 
1.82 1.24 1.34 0.99 4.06 2.34 1.61 1.9 3.32 2.88 0.9 1.81 4.26 4.82 0.58 3.05 2.53 3.55 1.49 0.54 3.64 0.4 3.19 4.4 3.39 2.99 1.48 3.88 1.05 2.33 3.14 3.44 3.01 3.26 3.43 0 2.87 3.16 1.12 1.47 0.66 2.02 3.38 2.99 1.93 3.73 3.84 2.91 2.97 1.64 0.89 
2.08 4.1 4.01 3.18 1.89 0.86 4.44 2.36 0.64 0.6 3.25 1.65 5.48 3.24 3.27 0.25 0.38 3 1.75 2.47 1.84 2.48 0.58 3.6 2.62 3.56 3.79 3.62 1.96 1.59 0.69 1.48 1.13 4.15 3.68 2.87 0 0.62 3.94 2.93 2.82 1.72 0.53 0.37 1.46 1.09 2.63 0.85 4.45 2.27 2.76 
2 4.4 4.18 3.29 1.28 1.45 4.76 2.24 0.19 1.2 3.67 2.19 5.23 2.63 3.49 0.75 0.73 2.55 2.24 2.83 1.26 2.77 1.07 3.07 2.16 3.29 3.87 3.18 2.37 2.19 0.1 2.03 1.72 3.9 3.34 3.16 0.62 0 4.18 2.93 3.22 2.3 0.5 0.26 2.02 0.58 2.09 0.43 4.3 2.23 2.88 
2.5 0.57 0.46 1.1 4.93 3.46 0.91 2.46 4.34 4 1.46 2.9 3.87 5.48 0.69 4.13 3.59 4.01 2.59 1.63 4.46 1.5 4.3 4.83 3.96 3.13 1.02 4.2 2.16 3.43 4.14 4.55 4.12 3.19 3.62 1.12 3.94 4.18 0 1.74 1.55 3.1 4.44 4.02 3.04 4.73 4.47 3.87 2.63 2.27 1.4 
0.95 2.23 1.51 0.66 3.38 2.82 2.62 0.79 3.11 3.22 2.36 2.67 2.94 3.76 1.21 3.16 2.56 2.27 2.37 1.76 2.87 1.41 3.43 3.1 2.23 1.54 1.02 2.5 1.95 3.17 2.87 4.02 3.55 1.82 1.99 1.47 2.93 2.93 1.74 0 2.08 2.93 3.32 2.86 2.71 3.41 2.76 2.54 1.7 0.7 0.58 
2.25 1.44 1.88 1.64 4.26 2.14 1.7 2.4 3.35 2.7 0.45 1.44 4.91 5.17 1.19 2.95 2.52 4.02 1.17 0.44 3.9 0.72 3.03 4.86 3.82 3.59 2.11 4.41 0.86 1.93 3.22 3.1 2.71 3.89 4.01 0.66 2.82 3.22 1.55 2.08 0 1.6 3.34 3.01 1.61 3.79 4.22 3.04 3.62 2.13 1.5 
2.53 3.03 3.36 2.81 3.55 0.86 3.28 2.79 2.35 1.34 1.92 0.26 5.86 4.78 2.58 1.74 1.61 4.1 0.57 1.49 3.38 1.73 1.68 4.86 3.78 4.16 3.41 4.64 1.03 0.34 2.34 1.51 1.17 4.64 4.46 2.02 1.72 2.3 3.1 2.93 1.6 0 2.2 2.05 0.32 2.81 4 2.34 4.62 2.57 2.47 
2.42 4.61 4.48 3.62 1.59 1.35 4.95 2.68 0.35 0.93 3.78 2.15 5.71 3.01 3.76 0.47 0.85 3.04 2.27 2.99 1.69 2.98 0.68 3.54 2.65 3.77 4.22 3.67 2.48 2.02 0.59 1.63 1.4 4.38 3.83 3.38 0.53 0.5 4.44 3.32 3.34 2.2 0 0.46 1.96 0.68 2.55 0.92 4.75 2.64 3.21 
1.96 4.23 4.05 3.18 1.53 1.2 4.58 2.22 0.34 0.97 3.45 1.94 5.28 2.87 3.34 0.54 0.49 2.69 2.01 2.63 1.48 2.59 0.88 3.25 2.3 3.34 3.77 3.31 2.15 1.94 0.32 1.82 1.49 3.95 3.43 2.99 0.37 0.26 4.02 2.86 3.01 2.05 0.46 0 1.77 0.8 2.28 0.52 4.3 2.18 2.76 
2.25 3.03 3.26 2.64 3.26 0.62 3.3 2.52 2.09 1.15 1.98 0.2 5.62 4.48 2.47 1.51 1.32 3.79 0.46 1.41 3.07 1.6 1.5 4.55 3.47 3.89 3.25 4.34 0.9 0.46 2.06 1.51 1.1 4.38 4.18 1.93 1.46 2.02 3.04 2.71 1.61 0.32 1.96 1.77 0 2.55 3.68 2.04 4.4 2.3 2.28 
2.46 4.97 4.71 3.82 0.95 1.95 5.33 2.68 0.47 1.59 4.24 2.73 5.51 2.38 4.04 1.12 1.29 2.66 2.8 3.41 1.18 3.34 1.35 3.04 2.28 3.57 4.38 3.28 2.94 2.67 0.59 2.28 2.07 4.2 3.55 3.73 1.09 0.58 4.73 3.41 3.79 2.81 0.68 0.8 2.55 0 2.06 0.88 4.67 2.71 3.41 
2.03 4.91 4.26 3.39 1.29 3.28 5.3 2.02 2.21 3.23 4.64 3.8 3.79 1.01 3.86 2.82 2.51 0.78 3.69 3.79 0.89 3.55 3.15 0.99 0.56 2.03 3.73 1.31 3.56 4.01 2 4.1 3.75 2.59 1.79 3.84 2.63 2.09 4.47 2.76 4.22 4 2.55 2.28 3.68 2.06 0 1.79 3.29 2.24 3.11 
1.6 4.14 3.84 2.94 1.25 1.54 4.51 1.83 0.62 1.44 3.49 2.19 4.81 2.46 3.19 1.05 0.75 2.17 2.18 2.63 1.05 2.53 1.39 2.75 1.78 2.86 3.5 2.8 2.22 2.29 0.35 2.33 1.97 3.47 2.92 2.91 0.85 0.43 3.87 2.54 3.04 2.34 0.92 0.52 2.04 0.88 1.79 0 3.87 1.84 2.54 
2.38 3.2 2.19 1.98 4.34 4.47 3.5 2.09 4.48 4.82 3.79 4.37 1.3 4.15 2.5 4.69 4.1 2.54 4.07 3.37 3.8 3.04 4.99 3.1 2.75 1.27 1.64 2.32 3.64 4.86 4.22 5.67 5.2 0.83 1.63 2.97 4.45 4.3 2.63 1.7 3.62 4.62 4.75 4.3 4.4 4.67 3.29 3.87 0 2.2 2.2 
0.26 2.68 2.12 1.21 2.72 2.29 3.07 0.27 2.42 2.63 2.51 2.31 3.35 3.24 1.63 2.51 1.91 1.91 2.06 1.72 2.22 1.42 2.8 2.76 1.76 1.61 1.69 2.29 1.72 2.75 2.17 3.47 3.01 2.08 1.95 1.64 2.27 2.23 2.27 0.7 2.13 2.57 2.64 2.18 2.3 2.71 2.24 1.84 2.2 0 0.88 
1.11 1.8 1.31 0.42 3.54 2.49 2.2 1.1 3.06 2.96 1.79 2.22 3.47 4.11 0.75 2.98 2.39 2.72 1.9 1.19 3.06 0.85 3.21 3.57 2.61 2.1 1.04 3.02 1.46 2.73 2.84 3.68 3.22 2.4 2.55 0.89 2.76 2.88 1.4 0.58 1.5 2.47 3.21 2.76 2.28 3.41 3.11 2.54 2.2 0.88 0 
