Number_Of_Customers: 50
Vehicle_Capacity:    50
Alpha:               0.75
Number_Of_Scenarios: 100

Location_Coordinates:
0 0 0
1 -0.380668 2.11799
2 2.07599 1.21747
3 2.04315 -0.732446
4 -0.227593 -0.161005
5 -1.00491 0.408517
6 0.944401 -2.45279
7 0.89474 -2.10361
8 -0.42882 -2.18232
9 1.77507 -1.32803
10 -0.230888 -0.52795
11 1.75127 -1.43887
12 1.86462 -1.32481
13 -1.16261 -0.00700723
14 2.22952 1.53127
15 1.0051 -2.26005
16 0.392391 -0.0821404
17 -0.533169 -0.964448
18 0.519888 -2.23902
19 -1.28813 0.479136
20 -2.164 -0.421297
21 -0.738949 0.48796
22 1.14972 -1.59402
23 -0.746612 1.69273
24 -0.326188 -2.24912
25 -1.04137 -2.30729
26 1.40206 -0.504205
27 0.830633 0.442831
28 -2.34195 -1.20507
29 1.34747 1.90213
30 -0.871757 -1.61181
31 0.388334 1.72686
32 -1.6505 -0.024627
33 1.09344 2.47675
34 1.70058 1.67895
35 -1.86478 -1.41942
36 -1.24742 -0.443167
37 1.68822 -1.03539
38 -1.8542 1.53582
39 2.48329 1.5904
40 -0.183864 -0.204003
41 1.32341 -2.44994
42 -1.07671 -1.26685
43 -1.91179 -1.39874
44 1.44694 -1.35174
45 1.28811 -0.688061
46 0.76275 -0.462779
47 2.07368 2.29064
48 -1.2652 0.737993
49 -1.547 -0.510281
50 -1.30067 -0.338834

Demand_per_scenario:
1 4 4 4 3 5 6 3 5 5 6 5 5 5 5 5 5 3 4 5 7 3 6 4 5 3 5 6 5 3 3 6 5 4 4 7 4 5 5 4 4 5 6 5 6 5 2 6 4 5 5 3 6 2 5 5 4 4 6 4 5 5 4 3 4 6 5 6 4 5 4 5 6 4 5 4 5 5 6 4 4 4 5 5 5 3 6 3 5 6 6 5 5 6 4 3 4 6 7 5 6
2 7 9 6 8 8 7 6 5 8 7 5 8 6 6 5 6 6 7 6 6 9 8 6 7 7 6 7 6 8 8 7 8 7 6 7 8 7 7 8 7 7 7 8 8 7 7 7 8 8 6 7 6 6 6 8 6 6 6 8 5 8 8 6 8 8 7 8 6 8 7 8 7 7 7 6 6 7 7 7 8 8 8 5 5 4 8 7 7 6 5 6 7 6 7 6 6 7 7 6 6
3 4 4 4 3 3 3 4 4 4 6 4 3 5 3 3 5 4 3 2 4 2 4 2 4 5 5 3 3 3 4 3 2 2 4 3 4 4 5 4 3 5 5 3 3 3 3 3 4 4 5 5 3 2 4 5 4 3 3 2 3 3 3 4 4 4 6 4 3 3 2 4 3 3 4 4 2 1 5 3 5 4 3 4 4 4 3 4 3 3 3 4 6 3 3 3 5 4 3 2 3
4 8 7 6 7 7 6 9 8 7 7 6 7 7 6 8 7 7 8 8 6 5 7 5 7 7 6 8 8 8 7 9 6 9 6 9 6 8 8 8 6 8 5 7 6 7 6 8 8 8 7 8 6 7 8 9 8 7 6 6 6 5 9 8 7 6 9 8 7 8 7 6 6 8 6 6 8 7 7 6 7 9 8 7 8 8 8 7 6 5 8 8 6 8 7 6 6 7 6 7 7
5 9 5 8 7 8 8 8 7 8 9 6 9 8 6 7 8 8 8 8 7 6 6 7 9 8 7 9 9 7 7 7 6 7 5 7 6 9 8 6 7 9 8 7 6 6 6 8 7 9 9 7 7 9 6 7 8 9 9 5 7 8 8 6 7 8 8 9 8 6 9 6 9 9 7 8 8 7 7 7 7 9 6 7 8 8 8 7 7 8 8 7 7 8 7 8 7 6 8 7 7
6 6 4 7 5 5 6 5 6 5 7 3 6 5 6 7 5 6 5 5 4 6 3 6 4 5 6 5 5 5 6 6 7 6 6 6 5 5 5 4 4 5 5 6 7 5 4 4 6 4 6 4 5 5 6 4 5 6 6 6 5 4 6 5 5 5 5 5 6 6 5 4 5 4 7 5 5 6 6 5 5 6 5 4 5 4 6 6 6 4 5 6 5 6 4 5 7 5 5 5 6
7 4 6 4 2 5 4 6 4 4 6 6 4 6 5 3 3 5 6 2 6 4 2 3 4 4 3 4 4 4 2 5 3 5 5 5 4 3 5 4 3 4 5 4 5 5 4 4 5 6 3 3 5 3 3 5 3 3 5 4 6 3 3 4 5 4 3 5 4 6 4 6 4 6 6 4 4 5 5 6 6 5 4 3 5 4 5 3 4 6 6 4 2 3 2 4 3 6 6 5 4
8 6 6 5 3 7 5 6 7 4 6 5 5 7 6 6 5 5 5 5 5 6 6 7 6 4 5 6 4 4 5 5 6 5 4 7 5 7 4 6 5 6 6 6 6 5 7 5 5 7 5 4 7 6 5 7 6 8 5 4 5 4 5 5 4 5 7 5 5 6 5 6 5 4 6 4 5 5 6 4 4 6 5 6 7 7 5 6 6 6 7 6 6 5 6 6 6 5 7 4 5
9 7 8 6 7 7 5 8 7 6 5 5 8 7 6 8 8 5 6 7 7 5 8 7 7 8 6 7 8 6 6 5 7 7 7 6 7 8 5 7 6 7 6 7 7 9 7 7 6 6 6 7 7 5 7 7 6 6 7 5 6 6 7 8 6 6 6 6 8 7 7 7 7 6 6 6 9 6 8 7 7 8 8 7 7 4 6 7 5 6 6 6 6 8 7 8 6 6 6 6 7
10 6 7 6 7 7 7 7 7 7 6 7 7 6 5 7 6 8 7 7 6 6 7 6 7 8 9 6 7 8 6 7 7 8 6 6 7 5 9 6 6 7 6 7 9 7 8 6 6 7 8 8 7 7 7 6 6 6 6 7 7 5 7 6 6 6 7 8 6 7 6 5 7 7 6 9 7 6 6 8 6 5 8 5 5 6 6 7 7 6 5 6 9 6 7 6 6 6 4 7 7
11 4 7 7 7 6 7 5 8 6 6 7 5 5 6 5 6 6 8 8 6 7 8 7 8 5 6 7 5 5 5 6 5 6 5 9 6 6 6 7 6 7 6 5 6 6 6 5 6 7 8 7 6 8 7 7 7 5 6 5 5 7 7 6 5 6 7 7 5 6 6 5 5 7 8 7 5 5 6 7 6 5 5 6 7 4 7 6 5 7 6 5 6 5 6 6 5 6 8 5 6
12 5 4 5 5 3 3 4 4 5 4 4 6 5 4 2 3 5 5 4 2 5 4 4 4 5 5 4 4 5 4 5 1 3 2 6 3 4 3 4 2 5 4 4 4 4 3 4 5 4 4 5 5 6 5 3 4 3 4 4 4 3 3 3 6 3 6 3 5 4 4 4 2 5 3 4 5 5 4 6 4 6 4 3 4 5 6 4 5 4 5 4 3 4 5 3 4 3 4 3 3
13 5 6 7 4 4 5 6 6 5 5 6 7 6 4 7 4 5 5 5 5 7 5 5 5 5 5 4 6 5 5 5 4 5 4 5 5 6 4 5 5 4 5 5 5 4 5 6 5 5 6 5 6 5 4 6 5 6 6 6 6 5 3 6 7 5 6 6 6 6 4 6 6 5 5 5 6 7 5 4 6 5 5 5 6 5 6 7 7 3 5 6 7 3 6 3 6 6 4 8 4
14 6 7 7 6 7 5 5 7 5 6 6 5 6 7 6 7 6 5 8 6 5 6 5 6 6 6 7 7 5 7 5 5 7 6 7 7 6 6 6 5 7 6 5 6 8 7 8 6 7 6 6 6 5 6 7 4 5 5 4 7 5 5 6 7 5 6 6 6 7 9 7 6 6 6 6 6 7 7 6 7 5 7 6 5 4 7 7 7 5 6 5 7 6 7 6 8 6 6 4 8
15 6 6 5 5 5 6 7 5 4 6 6 9 5 4 5 5 5 5 7 5 6 6 4 6 5 4 5 5 5 5 4 6 4 6 7 5 6 7 5 4 7 6 5 5 5 6 5 5 7 5 5 6 5 5 6 5 5 4 4 3 6 5 6 5 7 7 7 3 7 6 6 5 4 6 7 6 6 5 4 5 7 5 5 7 5 5 4 4 5 4 5 6 5 4 4 5 4 5 5 4
16 6 5 6 5 4 5 4 6 5 4 5 6 6 8 6 4 4 4 5 6 5 4 8 7 4 3 6 5 6 6 4 6 6 4 5 7 5 5 5 6 5 4 7 5 7 4 6 7 4 5 6 5 6 6 7 5 8 5 5 4 6 4 4 3 5 6 7 5 6 4 5 5 5 5 5 5 6 5 4 4 6 6 4 3 6 5 6 5 5 4 5 5 6 6 5 7 5 5 5 5
17 7 6 7 6 6 6 7 7 6 5 7 6 5 5 7 7 6 6 7 8 6 6 6 5 8 8 7 9 7 7 8 6 7 7 7 7 7 8 7 7 7 7 6 6 6 5 7 5 7 7 7 6 7 8 6 6 6 5 5 6 6 7 6 6 8 7 6 6 6 7 7 6 7 5 5 7 6 5 6 6 7 7 7 7 8 7 5 5 6 8 6 10 8 5 6 7 6 5 7 7
18 3 5 5 3 5 4 5 2 4 3 4 5 5 5 4 4 6 5 3 4 4 5 2 4 6 4 3 4 5 6 4 3 4 4 5 5 4 5 3 5 4 6 4 5 3 4 3 4 4 7 4 5 6 5 5 3 4 3 5 5 4 5 5 5 4 3 5 5 5 5 2 5 4 4 7 4 5 3 6 4 2 6 4 4 5 4 6 5 4 4 3 4 5 3 5 4 5 5 4 5
19 9 10 10 11 8 10 9 8 9 10 9 8 9 9 10 8 11 10 8 9 9 9 10 9 10 8 8 10 9 7 11 9 10 9 9 9 11 8 8 10 9 8 10 10 10 8 9 10 10 8 10 10 8 10 9 9 9 7 9 8 9 7 7 9 9 9 10 10 8 10 9 10 7 8 11 11 10 10 11 8 11 10 9 10 10 12 10 9 8 8 9 10 8 8 9 7 6 9 9 9
20 8 8 8 7 8 7 9 6 7 9 9 8 8 9 9 11 9 6 8 7 9 9 8 7 9 8 7 8 8 7 7 8 8 6 7 8 10 8 6 6 6 8 9 8 7 9 10 6 7 8 6 5 9 8 7 7 6 8 9 8 8 8 7 8 8 9 8 7 8 7 9 8 6 9 7 6 8 6 8 8 8 7 8 8 6 7 10 6 7 9 8 10 9 8 10 8 7 9 9 7
21 8 7 6 8 8 7 8 6 7 6 7 4 8 8 7 6 6 7 6 9 8 7 6 5 6 7 10 8 7 7 6 7 8 7 10 7 8 4 9 8 6 9 7 7 6 8 9 6 9 8 7 6 9 7 6 8 9 8 6 6 6 5 7 5 6 9 8 7 8 9 7 8 6 6 5 6 6 7 7 7 6 6 6 7 8 7 7 7 7 7 8 4 9 7 6 5 6 7 6 5
22 7 7 8 8 8 6 7 7 7 8 5 6 6 5 5 6 7 5 8 6 7 6 7 7 6 6 6 6 6 6 6 6 8 7 5 7 8 6 6 8 7 7 6 6 7 5 5 6 6 6 7 7 7 7 6 8 6 5 5 6 4 7 7 8 7 6 6 8 7 6 7 6 6 7 5 6 6 7 6 6 7 7 6 8 7 6 5 7 7 5 8 6 7 7 7 6 6 5 7 6
23 7 6 7 5 6 8 5 6 5 5 5 5 7 5 6 7 6 8 7 8 6 6 7 6 6 5 5 6 5 5 7 5 4 7 5 7 7 7 7 5 6 7 8 7 7 7 7 7 5 6 4 5 7 8 6 5 6 7 5 6 8 7 5 7 7 6 7 7 7 5 6 6 9 8 5 6 7 6 5 6 9 7 8 7 6 8 6 9 8 7 4 6 6 6 5 6 7 7 7 6
24 3 4 2 4 3 2 2 1 2 2 2 3 2 2 2 3 1 3 4 2 2 1 2 4 2 2 2 2 3 3 1 2 1 3 4 4 2 2 2 4 3 2 1 5 5 3 4 3 2 2 1 1 1 1 4 3 3 2 2 4 4 2 3 1 5 2 2 4 3 2 3 3 4 3 3 3 1 4 1 2 3 1 2 2 2 2 3 3 1 1 4 3 2 2 1 3 3 1 2 1
25 2 2 3 2 1 2 5 3 2 1 4 2 3 2 4 4 4 3 3 4 4 3 3 5 2 4 4 3 3 5 2 2 3 3 4 4 3 4 3 3 4 4 2 3 5 3 3 4 3 3 4 3 3 3 3 4 2 2 3 3 2 4 4 4 3 3 4 4 3 4 3 4 4 4 3 5 1 4 4 3 4 4 3 3 4 2 4 4 4 2 2 3 3 4 3 2 4 4 4 3
26 7 5 4 6 4 4 4 6 5 7 4 7 5 5 5 6 7 5 4 6 4 5 5 5 7 5 4 5 6 5 3 5 6 6 5 3 5 6 4 6 6 5 4 6 4 4 4 5 6 5 5 5 5 5 7 5 5 5 5 4 4 5 5 6 6 6 4 4 5 4 7 6 4 5 7 6 4 3 6 4 8 4 6 7 5 3 4 4 5 5 5 6 4 5 4 6 6 5 5 5
27 6 5 6 5 7 6 3 4 6 7 4 4 5 5 6 4 6 6 4 6 6 5 3 6 7 4 5 5 6 6 6 6 5 5 7 5 6 5 6 5 4 4 6 6 5 3 7 4 6 6 7 5 7 7 6 6 6 4 4 5 6 5 6 5 3 6 5 4 6 6 6 8 5 4 6 4 4 6 5 5 4 7 6 5 6 6 5 6 5 3 7 6 4 6 4 5 6 3 7 6
28 8 7 5 5 5 7 6 6 5 7 6 5 7 7 6 6 7 6 6 8 4 5 5 5 7 6 6 6 6 5 6 6 7 7 7 6 6 6 5 6 5 6 7 6 5 6 6 6 4 4 7 7 6 6 5 6 6 8 4 3 5 6 4 5 7 6 5 5 8 7 5 7 8 4 7 8 4 6 7 6 6 5 7 6 5 5 6 5 6 8 5 7 6 6 6 4 8 6 6 5
29 2 5 5 3 4 3 4 2 4 4 4 3 4 4 2 4 2 5 5 3 4 4 5 5 2 3 3 6 4 3 6 4 2 5 4 4 5 3 4 3 5 3 3 3 2 3 3 5 4 3 5 3 3 3 4 4 2 4 4 3 4 3 3 5 3 3 5 4 2 3 5 4 4 3 3 3 3 2 3 3 4 3 3 3 2 3 5 2 5 4 4 4 4 4 5 2 5 4 4 4
30 8 6 7 7 6 8 6 7 9 6 7 7 6 8 7 7 7 8 7 8 6 6 7 9 7 7 6 5 6 7 5 5 7 7 6 4 6 7 5 7 5 7 6 6 6 6 7 6 7 6 5 5 5 9 5 6 5 6 6 5 7 7 6 7 8 6 6 6 7 8 7 5 9 7 6 6 6 5 8 6 6 6 7 6 7 5 6 8 6 6 6 8 6 7 7 7 6 7 7 6
31 6 5 5 6 7 5 5 5 4 5 6 4 4 5 6 5 5 4 7 4 5 6 5 3 5 5 4 5 5 7 7 6 5 6 5 5 5 4 5 5 5 6 7 5 5 5 7 6 4 4 5 6 6 7 4 3 6 6 7 6 5 3 5 4 5 6 5 6 5 5 6 6 4 5 3 6 6 7 8 4 6 6 5 7 4 7 4 5 4 4 6 4 5 5 5 6 7 4 6 4
32 7 7 6 7 6 9 6 8 8 9 8 7 7 7 7 10 8 8 7 8 7 7 7 8 9 7 8 8 8 8 9 7 8 8 7 6 7 7 7 7 7 9 6 7 6 7 7 7 8 7 8 7 8 9 6 5 7 8 7 7 7 7 8 8 9 7 6 7 7 9 9 6 7 10 9 7 7 8 6 8 8 7 7 8 7 8 8 7 7 8 7 8 9 8 7 9 10 7 7 8
33 7 6 3 5 7 6 5 5 5 7 8 5 6 7 5 8 6 7 6 6 7 6 6 6 7 5 8 6 5 6 7 5 6 5 8 3 5 7 6 7 6 6 7 5 6 6 5 6 6 6 8 7 7 7 9 6 4 8 5 6 5 5 6 6 8 6 7 6 6 5 5 6 5 6 5 5 6 5 5 6 5 6 5 6 5 7 5 6 6 5 5 6 5 5 6 5 5 5 5 4
34 6 7 5 4 6 4 6 6 5 6 7 6 6 7 5 7 5 7 7 5 9 6 6 7 6 6 5 5 8 7 6 8 8 5 8 5 5 6 6 5 5 6 7 5 6 7 7 9 5 6 4 6 6 6 7 5 5 5 8 7 5 7 6 6 5 7 6 7 6 5 5 6 4 7 6 6 6 5 5 5 6 5 5 6 8 7 5 6 7 6 6 7 5 8 4 6 8 8 6 8
35 4 6 7 5 3 4 6 5 5 4 6 5 5 2 5 5 7 6 5 3 3 6 5 5 4 3 4 6 5 4 5 4 6 6 6 4 6 5 6 5 5 5 6 5 4 5 5 4 5 5 3 5 6 4 4 6 5 5 3 4 4 5 5 4 4 4 4 3 5 6 6 3 4 5 5 3 6 5 5 5 4 5 6 6 4 6 5 5 5 2 3 6 5 5 5 5 5 5 6 4
36 5 4 5 5 5 5 5 4 4 4 3 4 4 4 5 4 5 5 4 3 5 5 7 4 6 5 5 3 5 6 4 6 5 5 5 4 5 6 4 7 6 4 6 4 5 5 6 4 4 4 5 6 4 4 3 5 4 4 5 4 3 5 4 3 4 4 4 6 3 6 4 3 5 3 5 6 5 5 3 4 4 6 5 4 3 4 3 4 5 6 4 5 4 6 6 5 3 5 5 5
37 5 4 5 4 4 5 4 5 5 4 6 4 6 5 4 4 5 3 5 5 5 5 5 4 4 5 5 6 5 5 6 4 4 3 7 3 4 6 3 6 4 4 3 6 5 4 3 3 4 5 3 4 4 4 5 4 5 5 5 3 6 3 1 5 5 4 6 4 3 6 5 4 5 3 4 5 5 5 5 4 4 4 5 5 3 3 6 5 4 4 3 5 4 5 4 4 3 5 5 6
38 8 7 6 7 6 7 5 6 4 7 7 5 6 7 7 7 7 8 6 6 6 5 7 5 5 5 6 7 6 7 6 4 6 9 4 4 6 8 7 8 5 8 6 7 5 6 8 6 7 3 6 6 5 7 7 6 7 7 6 7 8 5 5 5 6 7 7 7 7 5 7 6 4 6 6 6 7 6 5 4 4 6 6 8 7 6 7 8 6 6 6 4 7 6 6 6 6 6 5 7
39 7 5 8 7 6 6 7 5 6 6 5 6 5 6 7 5 5 6 6 6 6 6 5 6 6 5 5 7 7 5 6 5 7 5 6 4 6 6 5 6 4 6 7 5 6 5 6 5 6 6 6 7 7 7 5 6 6 5 6 5 6 6 7 6 4 5 5 5 6 6 5 6 7 5 6 7 7 8 6 5 6 5 8 4 5 7 5 6 5 7 7 7 6 6 7 5 7 9 6 6
40 7 6 7 8 6 7 6 6 6 7 9 7 8 6 7 7 8 7 7 7 6 8 6 7 7 6 7 8 6 8 7 6 6 7 7 7 7 7 5 7 9 8 7 7 7 8 6 7 7 7 7 7 8 5 7 7 8 5 7 8 8 7 8 7 9 8 7 7 8 6 7 7 7 9 5 8 8 7 6 7 8 8 6 8 8 7 6 8 8 6 9 5 8 8 7 6 7 7 8 7
41 6 8 6 8 4 7 4 6 6 4 6 4 7 6 6 5 5 5 6 5 7 7 6 5 7 6 6 5 6 6 6 5 6 7 7 6 4 5 4 7 5 4 5 6 5 6 6 6 8 6 6 5 5 7 7 7 5 6 6 4 7 7 5 6 5 7 6 5 6 8 6 5 6 5 7 8 6 6 6 5 4 7 5 5 4 6 4 5 7 6 4 5 6 7 5 7 4 5 6 6
42 4 6 5 5 4 4 5 5 4 6 4 6 5 5 5 7 5 5 5 5 6 5 5 4 5 4 6 5 5 4 5 6 4 3 4 4 4 2 6 5 7 5 7 5 4 4 4 7 5 4 6 4 5 6 5 5 5 5 4 6 6 5 5 5 5 5 5 5 7 7 5 4 7 5 5 6 6 5 4 7 5 3 2 6 4 5 5 5 4 3 5 4 4 4 5 5 4 5 5 3
43 6 5 4 3 3 6 6 6 6 6 6 5 6 5 5 4 6 5 5 6 4 4 5 5 6 6 5 5 7 5 6 6 6 5 5 5 6 6 7 5 6 6 5 6 7 7 7 7 4 7 5 4 5 6 5 7 7 7 6 6 7 6 5 7 6 6 5 6 4 5 7 7 6 6 6 8 6 5 5 6 5 5 6 5 7 7 6 6 6 7 6 6 5 6 5 5 5 4 6 7
44 7 8 8 8 6 6 10 8 10 7 6 9 7 8 8 7 9 6 9 6 8 6 7 8 7 9 9 7 8 7 7 8 7 6 6 7 7 7 8 7 7 8 8 7 8 8 7 8 7 7 9 6 8 8 7 8 7 8 8 7 9 8 7 7 9 5 7 8 9 7 9 8 6 7 5 6 9 6 8 8 7 9 8 8 8 6 8 8 6 7 8 7 9 8 8 8 8 8 9 6
45 6 7 8 6 8 6 7 9 6 8 7 9 6 8 9 7 7 8 9 9 7 7 8 7 8 6 6 8 7 7 8 5 6 7 5 9 6 5 8 8 8 7 8 6 7 7 6 8 7 9 8 7 6 8 7 7 8 7 8 8 7 7 8 8 7 9 8 7 8 8 7 6 8 7 6 7 8 7 7 7 7 7 7 6 8 6 6 7 8 7 7 7 7 7 7 8 7 6 9 6
46 7 8 5 6 7 6 7 6 7 6 6 5 6 5 6 6 5 8 5 5 5 6 6 5 7 7 9 8 6 4 7 7 6 7 5 6 6 6 8 7 7 8 7 7 6 6 8 6 7 6 6 7 7 6 7 6 6 6 7 8 6 6 6 5 4 6 7 4 8 5 5 7 7 5 7 7 8 7 6 5 6 6 6 6 8 7 5 4 5 5 5 6 6 6 6 5 6 8 5 6
47 7 7 6 7 7 8 9 9 5 8 9 7 9 8 9 8 7 7 6 7 6 8 7 7 6 8 6 7 8 6 8 6 6 6 8 4 7 7 7 9 8 8 6 7 8 8 8 11 6 7 6 7 8 8 8 8 7 6 7 7 9 6 7 8 6 7 8 7 8 9 7 7 7 7 5 7 7 6 8 6 9 7 9 8 8 7 7 8 7 9 9 8 8 8 7 8 7 8 9 8
48 6 7 6 4 6 5 6 8 8 7 6 7 7 6 7 6 6 5 7 5 5 7 7 6 6 6 6 6 7 6 5 8 6 7 5 6 6 6 5 5 5 5 6 5 8 6 6 5 5 6 7 5 7 7 6 6 5 6 6 6 6 6 7 6 8 7 6 5 5 7 6 7 6 7 7 7 8 5 7 6 5 8 7 6 7 7 6 7 4 5 6 6 7 5 5 5 6 6 6 7
49 6 6 8 7 7 6 6 6 7 6 6 5 6 6 4 7 5 6 9 6 5 8 4 6 5 4 5 6 6 5 4 6 6 6 7 6 7 5 8 7 5 7 7 6 6 5 7 8 8 6 7 7 8 5 6 7 6 5 7 7 6 8 5 8 5 4 4 5 7 5 4 5 8 6 6 6 6 6 8 6 6 7 7 5 7 5 7 6 7 6 6 7 6 8 6 5 4 5 6 5
50 2 4 3 3 3 4 4 2 4 3 2 2 4 3 4 2 4 4 4 3 4 4 1 4 3 3 1 2 4 3 6 3 4 4 2 4 3 4 2 3 5 4 2 1 4 4 2 2 5 4 4 2 2 2 4 3 3 4 2 3 4 3 1 3 4 4 3 4 3 2 3 4 3 3 3 5 3 3 3 4 5 3 2 3 2 2 3 2 6 3 5 2 3 2 4 3 3 3 3 2

Probability_of_each_scenario_occuring:
0.01 0.01 0.01 0.01 0.01 0.01 0.01 0.01 0.01 0.01 0.01 0.01 0.01 0.01 0.01 0.01 0.01 0.01 0.01 0.01 0.01 0.01 0.01 0.01 0.01 0.01 0.01 0.01 0.01 0.01 0.01 0.01 0.01 0.01 0.01 0.01 0.01 0.01 0.01 0.01 0.01 0.01 0.01 0.01 0.01 0.01 0.01 0.01 0.01 0.01 0.01 0.01 0.01 0.01 0.01 0.01 0.01 0.01 0.01 0.01 0.01 0.01 0.01 0.01 0.01 0.01 0.01 0.01 0.01 0.01 0.01 0.01 0.01 0.01 0.01 0.01 0.01 0.01 0.01 0.01 0.01 0.01 0.01 0.01 0.01 0.01 0.01 0.01 0.01 0.01 0.01 0.01 0.01 0.01 0.01 0.01 0.01 0.01 0.01 0.01 

Travel_Costs:
0 2.16 2.41 2.18 0.28 1.09 2.63 2.29 2.23 2.22 0.58 2.27 2.29 1.17 2.71 2.48 0.41 1.11 2.3 1.38 2.21 0.89 1.97 1.86 2.28 2.54 1.49 0.95 2.64 2.34 1.84 1.77 1.66 2.71 2.39 2.35 1.33 1.99 2.41 2.95 0.28 2.79 1.67 2.37 1.99 1.47 0.9 3.09 1.47 1.63 1.35 
2.16 0 2.62 3.75 2.29 1.82 4.76 4.42 4.31 4.07 2.66 4.15 4.12 2.27 2.68 4.6 2.34 3.09 4.45 1.88 3.11 1.67 4.02 0.57 4.37 4.48 3.18 2.07 3.86 1.75 3.77 0.87 2.5 1.52 2.13 3.84 2.71 3.78 1.59 2.92 2.34 4.88 3.46 3.84 3.93 3.27 2.83 2.47 1.64 2.88 2.63 
2.41 2.62 0 1.96 2.69 3.19 3.85 3.53 4.23 2.57 2.9 2.68 2.56 3.47 0.35 3.64 2.13 3.41 3.8 3.45 4.55 2.91 2.97 2.87 4.22 4.71 1.85 1.47 5.04 1 4.09 1.77 3.93 1.6 0.6 4.75 3.72 2.29 3.95 0.56 2.67 3.75 4.02 4.77 2.65 2.07 2.14 1.08 3.38 4.02 3.72 
2.18 3.75 1.96 0 2.35 3.26 2.05 1.79 2.87 0.66 2.29 0.77 0.62 3.29 2.28 1.85 1.78 2.59 2.15 3.55 4.22 3.04 1.25 3.7 2.82 3.47 0.69 1.69 4.42 2.73 3.05 2.97 3.77 3.35 2.44 3.97 3.31 0.47 4.51 2.37 2.29 1.87 3.17 4.02 0.86 0.76 1.31 3.03 3.63 3.6 3.37 
0.28 2.29 2.69 2.35 0 0.97 2.58 2.25 2.04 2.32 0.37 2.36 2.4 0.95 2.99 2.44 0.63 0.86 2.21 1.24 1.96 0.83 1.99 1.93 2.1 2.3 1.67 1.22 2.36 2.6 1.59 1.99 1.43 2.96 2.67 2.07 1.06 2.11 2.36 3.23 0.07 2.77 1.4 2.1 2.06 1.61 1.04 3.37 1.38 1.37 1.09 
1.09 1.82 3.19 3.26 0.97 0 3.47 3.15 2.66 3.28 1.22 3.32 3.36 0.45 3.43 3.35 1.49 1.46 3.06 0.3 1.43 0.28 2.95 1.31 2.75 2.72 2.58 1.84 2.1 2.79 2.03 1.92 0.78 2.95 2.99 2.03 0.89 3.06 1.42 3.69 1.03 3.69 1.68 2.03 3.02 2.55 1.98 3.61 0.42 1.07 0.81 
2.63 4.76 3.85 2.05 2.58 3.47 0 0.36 1.4 1.4 2.26 1.3 1.46 3.23 4.19 0.21 2.44 2.1 0.48 3.69 3.72 3.39 0.89 4.48 1.29 2 2.01 2.9 3.52 4.38 2.01 4.22 3.56 4.94 4.21 3 2.98 1.61 4.88 4.33 2.52 0.38 2.35 3.05 1.22 1.8 2 4.88 3.89 3.16 3.09 
2.29 4.42 3.53 1.79 2.25 3.15 0.36 0 1.33 1.18 1.94 1.09 1.25 2.94 3.88 0.2 2.09 1.83 0.4 3.39 3.5 3.07 0.57 4.14 1.23 1.95 1.68 2.55 3.36 4.04 1.84 3.87 3.29 4.59 3.87 2.85 2.72 1.34 4.57 4.03 2.19 0.56 2.15 2.9 0.94 1.47 1.65 4.55 3.57 2.92 2.82 
2.23 4.31 4.23 2.87 2.04 2.66 1.4 1.33 0 2.37 1.67 2.31 2.45 2.3 4.57 1.44 2.26 1.23 0.96 2.8 2.48 2.69 1.69 3.89 0.13 0.63 2.49 2.92 2.15 4.46 0.73 4 2.48 4.91 4.41 1.63 1.93 2.41 3.99 4.77 2 1.78 1.13 1.68 2.06 2.28 2.1 5.13 3.04 2.02 2.04 
2.22 4.07 2.57 0.66 2.32 3.28 1.4 1.18 2.37 0 2.16 0.12 0.09 3.23 2.9 1.21 1.87 2.34 1.56 3.56 4.05 3.11 0.68 3.94 2.3 2.99 0.91 2.01 4.12 3.26 2.67 3.36 3.67 3.87 3.01 3.65 3.15 0.31 4.63 3.01 2.26 1.21 2.86 3.69 0.33 0.81 1.34 3.64 3.68 3.43 3.24 
0.58 2.66 2.9 2.29 0.37 1.22 2.26 1.94 1.67 2.16 0 2.19 2.25 1.07 3.21 2.13 0.77 0.54 1.87 1.47 1.94 1.14 1.75 2.28 1.73 1.96 1.64 1.44 2.22 2.9 1.26 2.34 1.51 3.29 2.94 1.87 1.03 1.99 2.63 3.45 0.33 2.48 1.13 1.9 1.87 1.53 1 3.65 1.64 1.32 1.09 
2.27 4.15 2.68 0.77 2.36 3.32 1.3 1.09 2.31 0.12 2.19 0 0.17 3.25 3.01 1.11 1.93 2.34 1.47 3.6 4.05 3.15 0.63 4.01 2.23 2.93 1 2.1 4.1 3.37 2.63 3.45 3.69 3.98 3.12 3.62 3.16 0.41 4.68 3.12 2.3 1.1 2.84 3.67 0.32 0.89 1.39 3.75 3.72 3.43 3.25 
2.29 4.12 2.56 0.62 2.4 3.36 1.46 1.25 2.45 0.09 2.25 0.17 0 3.31 2.88 1.28 1.93 2.43 1.63 3.64 4.13 3.18 0.77 4 2.38 3.07 0.95 2.05 4.21 3.27 2.76 3.4 3.75 3.88 3.01 3.74 3.24 0.34 4.7 2.99 2.34 1.25 2.95 3.78 0.42 0.86 1.4 3.63 3.75 3.51 3.32 
1.17 2.27 3.47 3.29 0.95 0.45 3.23 2.94 2.3 3.23 1.07 3.25 3.31 0 3.73 3.13 1.56 1.15 2.8 0.51 1.09 0.66 2.81 1.75 2.4 2.31 2.62 2.05 1.69 3.16 1.64 2.33 0.49 3.36 3.33 1.58 0.45 3.04 1.7 3.99 1 3.49 1.27 1.59 2.94 2.55 1.98 3.97 0.76 0.64 0.36 
2.71 2.68 0.35 2.28 2.99 3.43 4.19 3.88 4.57 2.9 3.21 3.01 2.88 3.73 0 3.99 2.45 3.73 4.14 3.68 4.81 3.15 3.31 2.99 4.57 5.05 2.2 1.78 5.33 0.96 4.42 1.86 4.19 1.48 0.55 5.05 4 2.63 4.09 0.27 2.98 4.09 4.34 5.08 2.99 2.42 2.48 0.78 3.59 4.3 4 
2.48 4.6 3.64 1.85 2.44 3.35 0.21 0.2 1.44 1.21 2.13 1.11 1.28 3.13 3.99 0 2.27 2.02 0.49 3.58 3.67 3.26 0.69 4.33 1.34 2.05 1.81 2.71 3.51 4.18 1.99 4.04 3.48 4.74 4 3 2.9 1.41 4.76 4.13 2.38 0.38 2.31 3.05 1.02 1.6 1.82 4.68 3.77 3.1 3.01 
0.41 2.34 2.13 1.78 0.63 1.49 2.44 2.09 2.26 1.87 0.77 1.93 1.93 1.56 2.45 2.27 0 1.28 2.17 1.78 2.58 1.27 1.7 2.11 2.29 2.65 1.1 0.69 2.96 2.21 1.99 1.81 2.05 2.66 2.2 2.63 1.68 1.61 2.77 2.68 0.59 2.55 1.89 2.66 1.66 1.09 0.54 2.91 1.85 1.99 1.72 
1.11 3.09 3.41 2.59 0.86 1.46 2.1 1.83 1.23 2.34 0.54 2.34 2.43 1.15 3.73 2.02 1.28 0 1.66 1.63 1.72 1.47 1.8 2.67 1.31 1.44 1.99 1.96 1.83 3.43 0.74 2.85 1.47 3.81 3.47 1.41 0.89 2.23 2.83 3.96 0.84 2.38 0.63 1.45 2.02 1.85 1.39 4.18 1.86 1.12 1 
2.3 4.45 3.8 2.15 2.21 3.06 0.48 0.4 0.96 1.56 1.87 1.47 1.63 2.8 4.14 0.49 2.17 1.66 0 3.27 3.25 3.01 0.91 4.14 0.85 1.57 1.95 2.7 3.05 4.23 1.53 3.97 3.11 4.76 4.1 2.53 2.52 1.68 4.46 4.31 2.16 0.84 1.87 2.58 1.29 1.74 1.8 4.79 3.48 2.7 2.64 
1.38 1.88 3.45 3.55 1.24 0.3 3.69 3.39 2.8 3.56 1.47 3.6 3.64 0.51 3.68 3.58 1.78 1.63 3.27 0 1.26 0.55 3.21 1.33 2.9 2.8 2.87 2.12 1.99 3 2.14 2.09 0.63 3.11 3.23 1.99 0.93 3.34 1.2 3.94 1.3 3.93 1.76 1.98 3.3 2.83 2.26 3.82 0.26 1.03 0.82 
2.21 3.11 4.55 4.22 1.96 1.43 3.72 3.5 2.48 4.05 1.94 4.05 4.13 1.09 4.81 3.67 2.58 1.72 3.25 1.26 0 1.7 3.52 2.55 2.6 2.2 3.57 3.12 0.81 4.22 1.76 3.34 0.65 4.37 4.4 1.05 0.92 3.91 1.99 5.07 2 4.04 1.38 1.01 3.73 3.47 2.93 5.04 1.47 0.63 0.87 
0.89 1.67 2.91 3.04 0.83 0.28 3.39 3.07 2.69 3.11 1.14 3.15 3.18 0.66 3.15 3.26 1.27 1.47 3.01 0.55 1.7 0 2.82 1.21 2.77 2.82 2.36 1.58 2.34 2.53 2.11 1.68 1.05 2.71 2.72 2.22 1.07 2.87 1.54 3.41 0.89 3.59 1.79 2.23 2.86 2.35 1.78 3.35 0.59 1.29 1 
1.97 4.02 2.97 1.25 1.99 2.95 0.89 0.57 1.69 0.68 1.75 0.63 0.77 2.81 3.31 0.69 1.7 1.8 0.91 3.21 3.52 2.82 0 3.8 1.62 2.31 1.12 2.07 3.52 3.51 2.03 3.41 3.22 4.08 3.32 3.02 2.66 0.78 4.34 3.46 1.93 0.88 2.26 3.07 0.39 0.92 1.2 4 3.36 2.91 2.76 
1.86 0.57 2.87 3.7 1.93 1.31 4.48 4.14 3.89 3.94 2.28 4.01 4 1.75 2.99 4.33 2.11 2.67 4.14 1.33 2.55 1.21 3.8 0 3.97 4.02 3.08 2.02 3.31 2.11 3.31 1.14 1.95 2.01 2.45 3.31 2.2 3.66 1.12 3.24 1.98 4.64 2.98 3.31 3.76 3.14 2.64 2.89 1.09 2.35 2.11 
2.28 4.37 4.22 2.82 2.1 2.75 1.29 1.23 0.13 2.3 1.73 2.23 2.38 2.4 4.57 1.34 2.29 1.31 0.85 2.9 2.6 2.77 1.62 3.97 0 0.72 2.46 2.93 2.28 4.48 0.84 4.04 2.59 4.94 4.43 1.75 2.03 2.36 4.09 4.76 2.06 1.67 1.24 1.8 1.99 2.25 2.1 5.14 3.14 2.13 2.15 
2.54 4.48 4.71 3.47 2.3 2.72 2 1.95 0.63 2.99 1.96 2.93 3.07 2.31 5.05 2.05 2.65 1.44 1.57 2.8 2.2 2.82 2.31 4.02 0.72 0 3.04 3.33 1.71 4.85 0.72 4.29 2.37 5.24 4.84 1.22 1.88 3.02 3.93 5.26 2.28 2.37 1.05 1.26 2.67 2.84 2.59 5.56 3.06 1.87 1.99 
1.49 3.18 1.85 0.69 1.67 2.58 2.01 1.68 2.49 0.91 1.64 1 0.95 2.62 2.2 1.81 1.1 1.99 1.95 2.87 3.57 2.36 1.12 3.08 2.46 3.04 0 1.11 3.81 2.41 2.53 2.46 3.1 3 2.21 3.4 2.66 0.61 3.85 2.36 1.62 1.95 2.6 3.44 0.85 0.22 0.65 2.88 2.95 2.95 2.71 
0.95 2.07 1.47 1.69 1.22 1.84 2.9 2.55 2.92 2.01 1.44 2.1 2.05 2.05 1.78 2.71 0.69 1.96 2.7 2.12 3.12 1.58 2.07 2.02 2.93 3.33 1.11 0 3.58 1.55 2.67 1.36 2.53 2.06 1.52 3.28 2.26 1.71 2.9 2.02 1.21 2.94 2.57 3.31 1.9 1.22 0.91 2.23 2.12 2.57 2.28 
2.64 3.86 5.04 4.42 2.36 2.1 3.52 3.36 2.15 4.12 2.22 4.1 4.21 1.69 5.33 3.51 2.96 1.83 3.05 1.99 0.81 2.34 3.52 3.31 2.28 1.71 3.81 3.58 0 4.83 1.53 4.01 1.37 5.04 4.97 0.53 1.34 4.04 2.79 5.58 2.38 3.88 1.27 0.48 3.8 3.67 3.2 5.64 2.23 1.06 1.36 
2.34 1.75 1 2.73 2.6 2.79 4.38 4.04 4.46 3.26 2.9 3.37 3.27 3.16 0.96 4.18 2.21 3.43 4.23 3 4.22 2.53 3.51 2.11 4.48 4.85 2.41 1.55 4.83 0 4.16 0.98 3.57 0.63 0.42 4.63 3.5 2.96 3.23 1.18 2.61 4.36 3.99 4.64 3.26 2.6 2.44 0.83 2.87 3.77 3.47 
1.84 3.77 4.09 3.05 1.59 2.03 2.01 1.84 0.73 2.67 1.26 2.63 2.76 1.64 4.42 1.99 1.99 0.74 1.53 2.14 1.76 2.11 2.03 3.31 0.84 0.72 2.53 2.67 1.53 4.16 0 3.57 1.77 4.54 4.18 1.02 1.23 2.63 3.3 4.64 1.57 2.35 0.41 1.07 2.34 2.35 2 4.89 2.39 1.3 1.35 
1.77 0.87 1.77 2.97 1.99 1.92 4.22 3.87 4 3.36 2.34 3.45 3.4 2.33 1.86 4.04 1.81 2.85 3.97 2.09 3.34 1.68 3.41 1.14 4.04 4.29 2.46 1.36 4.01 0.98 3.57 0 2.69 1.03 1.32 3.87 2.72 3.06 2.26 2.1 2.02 4.29 3.34 3.89 3.26 2.58 2.23 1.78 1.93 2.96 2.67 
1.66 2.5 3.93 3.77 1.43 0.78 3.56 3.29 2.48 3.67 1.51 3.69 3.75 0.49 4.19 3.48 2.05 1.47 3.11 0.63 0.65 1.05 3.22 1.95 2.59 2.37 3.1 2.53 1.37 3.57 1.77 2.69 0 3.72 3.76 1.42 0.59 3.49 1.58 4.44 1.48 3.84 1.37 1.4 3.37 3.02 2.46 4.39 0.86 0.5 0.48 
2.71 1.52 1.6 3.35 2.96 2.95 4.94 4.59 4.91 3.87 3.29 3.98 3.88 3.36 1.48 4.74 2.66 3.81 4.76 3.11 4.37 2.71 4.08 2.01 4.94 5.24 3 2.06 5.04 0.63 4.54 1.03 3.72 0 1.01 4.9 3.75 3.57 3.1 1.65 2.97 4.94 4.33 4.91 3.85 3.18 2.96 1 2.94 3.99 3.7 
2.39 2.13 0.6 2.44 2.67 2.99 4.21 3.87 4.41 3.01 2.94 3.12 3.01 3.33 0.55 4 2.2 3.47 4.1 3.23 4.4 2.72 3.32 2.45 4.43 4.84 2.21 1.52 4.97 0.42 4.18 1.32 3.76 1.01 0 4.73 3.64 2.72 3.56 0.79 2.67 4.15 4.05 4.75 3.05 2.41 2.34 0.72 3.12 3.92 3.62 
2.35 3.84 4.75 3.97 2.07 2.03 3 2.85 1.63 3.65 1.87 3.62 3.74 1.58 5.05 3 2.63 1.41 2.53 1.99 1.05 2.22 3.02 3.31 1.75 1.22 3.4 3.28 0.53 4.63 1.02 3.87 1.42 4.9 4.73 0 1.16 3.58 2.96 5.29 2.08 3.36 0.81 0.06 3.32 3.24 2.8 5.42 2.24 0.97 1.22 
1.33 2.71 3.72 3.31 1.06 0.89 2.98 2.72 1.93 3.15 1.03 3.16 3.24 0.45 4 2.9 1.68 0.89 2.52 0.93 0.92 1.07 2.66 2.2 2.03 1.88 2.66 2.26 1.34 3.5 1.23 2.72 0.59 3.75 3.64 1.16 0 3 2.07 4.25 1.1 3.27 0.85 1.17 2.85 2.55 2.02 4.31 1.19 0.31 0.12 
1.99 3.78 2.29 0.47 2.11 3.06 1.61 1.34 2.41 0.31 1.99 0.41 0.34 3.04 2.63 1.41 1.61 2.23 1.68 3.34 3.91 2.87 0.78 3.66 2.36 3.02 0.61 1.71 4.04 2.96 2.63 3.06 3.49 3.57 2.72 3.58 3 0 4.38 2.75 2.05 1.47 2.78 3.62 0.4 0.53 1.09 3.35 3.45 3.28 3.07 
2.41 1.59 3.95 4.51 2.36 1.42 4.88 4.57 3.99 4.63 2.63 4.68 4.7 1.7 4.09 4.76 2.77 2.83 4.46 1.2 1.99 1.54 4.34 1.12 4.09 3.93 3.85 2.9 2.79 3.23 3.3 2.26 1.58 3.1 3.56 2.96 2.07 4.38 0 4.34 2.42 5.1 2.91 2.94 4.39 3.85 3.3 4 1 2.07 1.96 
2.95 2.92 0.56 2.37 3.23 3.69 4.33 4.03 4.77 3.01 3.45 3.12 2.99 3.99 0.27 4.13 2.68 3.96 4.31 3.94 5.07 3.41 3.46 3.24 4.76 5.26 2.36 2.02 5.58 1.18 4.64 2.1 4.44 1.65 0.79 5.29 4.25 2.75 4.34 0 3.22 4.21 4.57 5.32 3.12 2.58 2.68 0.82 3.85 4.55 4.25 
0.28 2.34 2.67 2.29 0.07 1.03 2.52 2.19 2 2.26 0.33 2.3 2.34 1 2.98 2.38 0.59 0.84 2.16 1.3 2 0.89 1.93 1.98 2.06 2.28 1.62 1.21 2.38 2.61 1.57 2.02 1.48 2.97 2.67 2.08 1.1 2.05 2.42 3.22 0 2.71 1.39 2.11 2 1.55 0.99 3.37 1.44 1.4 1.13 
2.79 4.88 3.75 1.87 2.77 3.69 0.38 0.56 1.78 1.21 2.48 1.1 1.25 3.49 4.09 0.38 2.55 2.38 0.84 3.93 4.04 3.59 0.88 4.64 1.67 2.37 1.95 2.94 3.88 4.36 2.35 4.29 3.84 4.94 4.15 3.36 3.27 1.47 5.1 4.21 2.71 0 2.68 3.41 1.11 1.77 2.07 4.8 4.11 3.47 3.37 
1.67 3.46 4.02 3.17 1.4 1.68 2.35 2.15 1.13 2.86 1.13 2.84 2.95 1.27 4.34 2.31 1.89 0.63 1.87 1.76 1.38 1.79 2.26 2.98 1.24 1.05 2.6 2.57 1.27 3.99 0.41 3.34 1.37 4.33 4.05 0.81 0.85 2.78 2.91 4.57 1.39 2.68 0 0.85 2.53 2.44 2.01 4.76 2.02 0.9 0.96 
2.37 3.84 4.77 4.02 2.1 2.03 3.05 2.9 1.68 3.69 1.9 3.67 3.78 1.59 5.08 3.05 2.66 1.45 2.58 1.98 1.01 2.23 3.07 3.31 1.8 1.26 3.44 3.31 0.48 4.64 1.07 3.89 1.4 4.91 4.75 0.06 1.17 3.62 2.94 5.32 2.11 3.41 0.85 0 3.36 3.28 2.84 5.44 2.24 0.97 1.23 
1.99 3.93 2.65 0.86 2.06 3.02 1.22 0.94 2.06 0.33 1.87 0.32 0.42 2.94 2.99 1.02 1.66 2.02 1.29 3.3 3.73 2.86 0.39 3.76 1.99 2.67 0.85 1.9 3.8 3.26 2.34 3.26 3.37 3.85 3.05 3.32 2.85 0.4 4.39 3.12 2 1.11 2.53 3.36 0 0.69 1.13 3.7 3.43 3.11 2.93 
1.47 3.27 2.07 0.76 1.61 2.55 1.8 1.47 2.28 0.81 1.53 0.89 0.86 2.55 2.42 1.6 1.09 1.85 1.74 2.83 3.47 2.35 0.92 3.14 2.25 2.84 0.22 1.22 3.67 2.6 2.35 2.58 3.02 3.18 2.41 3.24 2.55 0.53 3.85 2.58 1.55 1.77 2.44 3.28 0.69 0 0.58 3.09 2.93 2.85 2.62 
0.9 2.83 2.14 1.31 1.04 1.98 2 1.65 2.1 1.34 1 1.39 1.4 1.98 2.48 1.82 0.54 1.39 1.8 2.26 2.93 1.78 1.2 2.64 2.1 2.59 0.65 0.91 3.2 2.44 2 2.23 2.46 2.96 2.34 2.8 2.02 1.09 3.3 2.68 0.99 2.07 2.01 2.84 1.13 0.58 0 3.05 2.36 2.32 2.07 
3.09 2.47 1.08 3.03 3.37 3.61 4.88 4.55 5.13 3.64 3.65 3.75 3.63 3.97 0.78 4.68 2.91 4.18 4.79 3.82 5.04 3.35 4 2.89 5.14 5.56 2.88 2.23 5.64 0.83 4.89 1.78 4.39 1 0.72 5.42 4.31 3.35 4 0.82 3.37 4.8 4.76 5.44 3.7 3.09 3.05 0 3.69 4.58 4.28 
1.47 1.64 3.38 3.63 1.38 0.42 3.89 3.57 3.04 3.68 1.64 3.72 3.75 0.76 3.59 3.77 1.85 1.86 3.48 0.26 1.47 0.59 3.36 1.09 3.14 3.06 2.95 2.12 2.23 2.87 2.39 1.93 0.86 2.94 3.12 2.24 1.19 3.45 1 3.85 1.44 4.11 2.02 2.24 3.43 2.93 2.36 3.69 0 1.28 1.08 
1.63 2.88 4.02 3.6 1.37 1.07 3.16 2.92 2.02 3.43 1.32 3.43 3.51 0.64 4.3 3.1 1.99 1.12 2.7 1.03 0.63 1.29 2.91 2.35 2.13 1.87 2.95 2.57 1.06 3.77 1.3 2.96 0.5 3.99 3.92 0.97 0.31 3.28 2.07 4.55 1.4 3.47 0.9 0.97 3.11 2.85 2.32 4.58 1.28 0 0.31 
1.35 2.63 3.72 3.37 1.09 0.81 3.09 2.82 2.04 3.24 1.09 3.25 3.32 0.36 4 3.01 1.72 1 2.64 0.82 0.87 1 2.76 2.11 2.15 1.99 2.71 2.28 1.36 3.47 1.35 2.67 0.48 3.7 3.62 1.22 0.12 3.07 1.96 4.25 1.13 3.37 0.96 1.23 2.93 2.62 2.07 4.28 1.08 0.31 0 
