Number_Of_Customers: 30
Vehicle_Capacity:    50
Alpha:               0.75
Number_Of_Scenarios: 3

Location_Coordinates:
0 0 0
1 0.251482 1.65402
2 -0.859519 -0.933725
3 1.87603 0.378891
4 -1.97254 -2.43802
5 -0.83557 1.57711
6 1.50094 1.32583
7 -1.70245 1.8673
8 -1.27119 0.187814
9 1.59298 -1.78179
10 -1.61532 1.31028
11 1.89466 -1.42957
12 -1.82396 -0.347215
13 -0.647577 1.18107
14 0.265846 -1.92092
15 0.133207 -1.19454
16 -1.6752 -0.0137873
17 -1.7232 -1.81788
18 1.95341 0.954135
19 1.13895 2.269
20 0.150287 0.871477
21 1.92127 0.726787
22 0.113415 1.16019
23 -0.699935 1.19221
24 -2.49136 -2.29702
25 -0.997379 2.04492
26 -0.963168 2.03023
27 2.13711 -1.61836
28 0.14097 -0.714175
29 1.85957 -1.19874
30 -2.17529 -0.0401367

Demand_per_scenario:
1 3 5 6
2 3 5 6
3 4 6 8
4 4 6 7
5 4 5 7
6 3 4 5
7 4 6 7
8 3 4 5
9 5 7 8
10 4 6 7
11 3 4 6
12 6 8 10
13 4 5 7
14 2 3 4
15 4 5 7
16 5 7 9
17 3 4 5
18 3 4 5
19 7 10 13
20 3 4 5
21 4 6 7
22 4 6 7
23 3 4 5
24 4 5 7
25 4 5 7
26 4 5 7
27 4 6 8
28 3 5 6
29 5 7 9
30 6 8 10

Probability_of_each_scenario_occuring:
0.333333 0.333333 0.333333 

Travel_Costs:
0 1.68 1.27 1.92 3.14 1.79 2.01 2.53 1.29 2.4 2.08 2.38 1.86 1.35 1.94 1.21 1.68 2.51 2.18 2.54 0.89 2.06 1.17 1.39 3.39 2.28 2.25 2.69 0.73 2.22 2.18 
1.68 0 2.82 2.07 4.66 1.09 1.3 1.97 2.12 3.69 1.9 3.5 2.89 1.02 3.58 2.86 2.55 4 1.85 1.08 0.79 1.91 0.52 1.06 4.81 1.31 1.28 3.78 2.38 3.28 2.96 
1.27 2.82 0 3.04 1.88 2.52 3.27 2.93 1.2 2.6 2.37 2.8 1.13 2.13 1.5 1.03 1.23 1.24 3.39 3.78 2.07 3.24 2.31 2.14 2.13 2.99 2.97 3.08 1.03 2.74 1.6 
1.92 2.07 3.04 0 4.77 2.97 1.02 3.88 3.16 2.18 3.62 1.81 3.78 2.65 2.81 2.35 3.58 4.22 0.59 2.03 1.8 0.36 1.93 2.71 5.13 3.33 3.29 2.02 2.06 1.58 4.08 
3.14 4.66 1.88 4.77 0 4.18 5.13 4.32 2.72 3.63 3.77 4 2.1 3.86 2.3 2.45 2.45 0.67 5.19 5.65 3.94 5.02 4.16 3.85 0.54 4.59 4.59 4.2 2.73 4.03 2.41 
1.79 1.09 2.52 2.97 4.18 0 2.35 0.92 1.46 4.15 0.83 4.07 2.17 0.44 3.67 2.94 1.8 3.51 2.86 2.1 1.22 2.89 1.04 0.41 4.22 0.5 0.48 4.37 2.5 3.87 2.11 
2.01 1.3 3.27 1.02 5.13 2.35 0 3.25 3 3.11 3.12 2.79 3.73 2.16 3.48 2.87 3.45 4.51 0.59 1.02 1.43 0.74 1.4 2.21 5.4 2.6 2.57 3.02 2.46 2.55 3.93 
2.53 1.97 2.93 3.88 4.32 0.92 3.25 0 1.74 4.92 0.57 4.88 2.22 1.26 4.27 3.57 1.89 3.69 3.77 2.87 2.11 3.8 1.95 1.21 4.24 0.73 0.76 5.19 3.18 4.7 1.97 
1.29 2.12 1.2 3.16 2.72 1.46 3 1.74 0 3.48 1.18 3.56 0.77 1.18 2.61 1.98 0.46 2.06 3.32 3.19 1.58 3.24 1.7 1.16 2.77 1.88 1.87 3.86 1.68 3.43 0.94 
2.4 3.69 2.6 2.18 3.63 4.15 3.11 4.92 3.48 0 4.46 0.47 3.71 3.72 1.34 1.58 3.72 3.32 2.76 4.08 3.03 2.53 3.3 3.76 4.12 4.63 4.59 0.57 1.81 0.65 4.16 
2.08 1.9 2.37 3.62 3.77 0.83 3.12 0.57 1.18 4.46 0 4.46 1.68 0.98 3.74 3.06 1.33 3.14 3.59 2.92 1.82 3.59 1.74 0.93 3.72 0.96 0.98 4.77 2.69 4.29 1.47 
2.38 3.5 2.8 1.81 4 4.07 2.79 4.88 3.56 0.47 4.46 0 3.88 3.65 1.71 1.78 3.85 3.64 2.39 3.78 2.89 2.16 3.15 3.69 4.48 4.53 4.49 0.31 1.9 0.24 4.31 
1.86 2.89 1.13 3.78 2.1 2.17 3.73 2.22 0.77 3.71 1.68 3.88 0 1.93 2.62 2.14 0.37 1.48 4 3.96 2.33 3.9 2.46 1.91 2.07 2.54 2.53 4.17 2 3.79 0.47 
1.35 1.02 2.13 2.65 3.86 0.44 2.16 1.26 1.18 3.72 0.98 3.65 1.93 0 3.24 2.51 1.58 3.19 2.62 2.1 0.86 2.61 0.77 0.06 3.94 0.94 0.91 3.95 2.06 3.46 1.96 
1.94 3.58 1.5 2.81 2.3 3.67 3.48 4.27 2.61 1.34 3.74 1.71 2.62 3.24 0 0.74 2.73 2 3.34 4.28 2.8 3.13 3.09 3.26 2.79 4.17 4.14 1.9 1.22 1.75 3.09 
1.21 2.86 1.03 2.35 2.45 2.94 2.87 3.57 1.98 1.58 3.06 1.78 2.14 2.51 0.74 0 2.16 1.96 2.82 3.61 2.07 2.63 2.36 2.53 2.85 3.44 3.41 2.05 0.49 1.73 2.59 
1.68 2.55 1.23 3.58 2.45 1.8 3.45 1.89 0.46 3.72 1.33 3.85 0.37 1.58 2.73 2.16 0 1.81 3.76 3.63 2.03 3.68 2.14 1.56 2.43 2.17 2.17 4.14 1.95 3.73 0.51 
2.51 4 1.24 4.22 0.67 3.51 4.51 3.69 2.06 3.32 3.14 3.64 1.48 3.19 2 1.96 1.81 0 4.61 4.99 3.28 4.45 3.5 3.18 0.91 3.94 3.93 3.87 2.17 3.64 1.84 
2.18 1.85 3.39 0.59 5.19 2.86 0.59 3.77 3.32 2.76 3.59 2.39 4 2.62 3.34 2.82 3.76 4.61 0 1.55 1.81 0.23 1.86 2.67 5.51 3.15 3.11 2.58 2.47 2.16 4.25 
2.54 1.08 3.78 2.03 5.65 2.1 1.02 2.87 3.19 4.08 2.92 3.78 3.96 2.1 4.28 3.61 3.63 4.99 1.55 0 1.72 1.73 1.52 2.14 5.84 2.15 2.12 4.02 3.15 3.55 4.04 
0.89 0.79 2.07 1.8 3.94 1.22 1.43 2.11 1.58 3.03 1.82 2.89 2.33 0.86 2.8 2.07 2.03 3.28 1.81 1.72 0 1.78 0.3 0.91 4.13 1.65 1.61 3.19 1.59 2.69 2.5 
2.06 1.91 3.24 0.36 5.02 2.89 0.74 3.8 3.24 2.53 3.59 2.16 3.9 2.61 3.13 2.63 3.68 4.45 0.23 1.73 1.78 0 1.86 2.67 5.35 3.21 3.17 2.36 2.3 1.93 4.17 
1.17 0.52 2.31 1.93 4.16 1.04 1.4 1.95 1.7 3.3 1.74 3.15 2.46 0.77 3.09 2.36 2.14 3.5 1.86 1.52 0.3 1.86 0 0.82 4.33 1.43 1.39 3.44 1.88 2.94 2.59 
1.39 1.06 2.14 2.71 3.85 0.41 2.21 1.21 1.16 3.76 0.93 3.69 1.91 0.06 3.26 2.53 1.56 3.18 2.67 2.14 0.91 2.67 0.82 0 3.93 0.91 0.88 4 2.09 3.51 1.93 
3.39 4.81 2.13 5.13 0.54 4.22 5.4 4.24 2.77 4.12 3.72 4.48 2.07 3.94 2.79 2.85 2.43 0.91 5.51 5.84 4.13 5.35 4.33 3.93 0 4.6 4.59 4.68 3.08 4.49 2.28 
2.28 1.31 2.99 3.33 4.59 0.5 2.6 0.73 1.88 4.63 0.96 4.53 2.54 0.94 4.17 3.44 2.17 3.94 3.15 2.15 1.65 3.21 1.43 0.91 4.6 0 0.04 4.83 2.99 4.33 2.4 
2.25 1.28 2.97 3.29 4.59 0.48 2.57 0.76 1.87 4.59 0.98 4.49 2.53 0.91 4.14 3.41 2.17 3.93 3.11 2.12 1.61 3.17 1.39 0.88 4.59 0.04 0 4.79 2.96 4.29 2.4 
2.69 3.78 3.08 2.02 4.2 4.37 3.02 5.19 3.86 0.57 4.77 0.31 4.17 3.95 1.9 2.05 4.14 3.87 2.58 4.02 3.19 2.36 3.44 4 4.68 4.83 4.79 0 2.2 0.51 4.6 
0.73 2.38 1.03 2.06 2.73 2.5 2.46 3.18 1.68 1.81 2.69 1.9 2 2.06 1.22 0.49 1.95 2.17 2.47 3.15 1.59 2.3 1.88 2.09 3.08 2.99 2.96 2.2 0 1.79 2.42 
2.22 3.28 2.74 1.58 4.03 3.87 2.55 4.7 3.43 0.65 4.29 0.24 3.79 3.46 1.75 1.73 3.73 3.64 2.16 3.55 2.69 1.93 2.94 3.51 4.49 4.33 4.29 0.51 1.79 0 4.2 
2.18 2.96 1.6 4.08 2.41 2.11 3.93 1.97 0.94 4.16 1.47 4.31 0.47 1.96 3.09 2.59 0.51 1.84 4.25 4.04 2.5 4.17 2.59 1.93 2.28 2.4 2.4 4.6 2.42 4.2 0 
