Number_Of_Customers: 10
Vehicle_Capacity:    50
Alpha:               0.75
Number_Of_Scenarios: 3

Location_Coordinates:
0 0 0
1 -0.391846 -0.748055
2 2.44034 -0.281775
3 -0.799569 1.63657
4 0.913582 -0.419325
5 2.40385 1.45168
6 -1.65606 1.63864
7 0.639692 1.29662
8 2.33277 1.89928
9 1.20621 -2.21927
10 0.659735 -1.82843

Demand_per_scenario:
1 3 4 5
2 4 6 7
3 4 6 6
4 5 7 8
5 5 7 8
6 4 6 7
7 5 7 9
8 3 4 5
9 5 7 8
10 5 7 8

Probability_of_each_scenario_occuring:
0.333333 0.333333 0.333333 

Travel_Costs:
0 0.85 2.46 1.83 1.01 2.81 2.33 1.45 3.01 2.53 1.95 
0.85 0 2.88 2.42 1.35 3.56 2.71 2.3 3.8 2.18 1.51 
2.46 2.88 0 3.77 1.54 1.74 4.53 2.4 2.19 2.3 2.36 
1.83 2.42 3.77 0 2.68 3.21 0.86 1.48 3.15 4.35 3.76 
1.01 1.35 1.54 2.68 0 2.4 3.3 1.74 2.72 1.83 1.44 
2.81 3.56 1.74 3.21 2.4 0 4.07 1.78 0.46 3.87 3.72 
2.33 2.71 4.53 0.86 3.3 4.07 0 2.33 4 4.81 4.17 
1.45 2.3 2.4 1.48 1.74 1.78 2.33 0 1.8 3.57 3.13 
3.01 3.8 2.19 3.15 2.72 0.46 4 1.8 0 4.27 4.09 
2.53 2.18 2.3 4.35 1.83 3.87 4.81 3.57 4.27 0 0.68 
1.95 1.51 2.36 3.76 1.44 3.72 4.17 3.13 4.09 0.68 0 
