Number_Of_Customers: 25
Vehicle_Capacity:    50
Alpha:               0.75
Number_Of_Scenarios: 3

Location_Coordinates:
0 0 0
1 -0.781714 1.73612
2 -1.00754 1.31049
3 0.357908 0.357059
4 1.08716 1.92266
5 -0.817349 -2.18939
6 -2.02103 -2.49506
7 0.585753 -0.24116
8 1.82911 1.92502
9 -1.24789 1.68675
10 -0.738467 -1.41331
11 1.45289 -1.20662
12 0.409902 -0.769998
13 -1.36018 -0.480266
14 -1.83235 -1.38653
15 1.61078 2.44558
16 -2.10755 -1.61701
17 -2.12198 0.894872
18 0.107532 2.28477
19 0.211335 1.9036
20 -1.26428 1.21323
21 0.752246 -1.9946
22 1.77819 0.975046
23 -2.40037 1.94791
24 -1.5226 -0.284954
25 0.779708 -0.447777

Demand_per_scenario:
1 3 4 5
2 6 7 9
3 2 3 4
4 4 4 6
5 4 5 6
6 7 8 10
7 5 5 7
8 5 7 9
9 3 4 5
10 4 5 7
11 4 5 7
12 5 5 7
13 4 5 7
14 4 4 6
15 5 6 8
16 6 7 10
17 5 6 8
18 6 7 9
19 5 6 7
20 4 5 7
21 5 6 8
22 5 6 8
23 4 5 7
24 6 7 9
25 5 6 7

Probability_of_each_scenario_occuring:
0.333333 0.333333 0.333333 

Travel_Costs:
0 1.91 1.66 0.51 2.21 2.34 3.22 0.64 2.66 2.1 1.6 1.89 0.88 1.45 2.3 2.93 2.66 2.31 2.29 1.92 1.76 2.14 2.03 3.1 1.55 0.9 
1.91 0 0.49 1.79 1.88 3.93 4.41 2.41 2.62 0.47 3.15 3.7 2.78 2.3 3.3 2.5 3.61 1.59 1.05 1.01 0.72 4.04 2.68 1.64 2.16 2.69 
1.66 0.49 0 1.67 2.19 3.51 3.94 2.23 2.91 0.45 2.74 3.52 2.52 1.83 2.83 2.86 3.13 1.19 1.49 1.36 0.28 3.75 2.81 1.54 1.68 2.51 
0.51 1.79 1.67 0 1.73 2.81 3.72 0.65 2.16 2.09 2.09 1.91 1.13 1.92 2.8 2.44 3.16 2.54 1.95 1.56 1.84 2.39 1.55 3.19 1.99 0.91 
2.21 1.88 2.19 1.73 0 4.54 5.41 2.23 0.75 2.35 3.81 3.16 2.78 3.43 4.42 0.75 4.77 3.37 1.05 0.88 2.46 3.94 1.18 3.49 3.42 2.4 
2.34 3.93 3.51 2.81 4.54 0 1.25 2.41 4.9 3.9 0.79 2.48 1.88 1.8 1.3 5.24 1.42 3.35 4.57 4.23 3.44 1.59 4.1 4.43 2.04 2.37 
3.22 4.41 3.94 3.72 5.41 1.25 0 3.45 5.87 4.26 1.68 3.71 2.99 2.13 1.13 6.14 0.89 3.4 5.24 4.94 3.79 2.82 5.15 4.46 2.27 3.47 
0.64 2.41 2.23 0.65 2.23 2.41 3.45 0 2.5 2.67 1.77 1.3 0.56 1.97 2.68 2.88 3.03 2.94 2.58 2.18 2.36 1.77 1.71 3.71 2.11 0.29 
2.66 2.62 2.91 2.16 0.75 4.9 5.87 2.5 0 3.09 4.22 3.16 3.05 4 4.94 0.57 5.3 4.09 1.76 1.62 3.18 4.07 0.96 4.23 4.02 2.6 
2.1 0.47 0.45 2.09 2.35 3.9 4.26 2.67 3.09 0 3.15 3.96 2.97 2.17 3.13 2.96 3.42 1.18 1.49 1.48 0.48 4.19 3.11 1.19 2 2.95 
1.6 3.15 2.74 2.09 3.81 0.79 1.68 1.77 4.22 3.15 0 2.21 1.32 1.13 1.1 4.52 1.39 2.7 3.8 3.46 2.68 1.61 3.47 3.75 1.38 1.8 
1.89 3.7 3.52 1.91 3.16 2.48 3.71 1.3 3.16 3.96 2.21 0 1.14 2.91 3.3 3.66 3.59 4.15 3.75 3.35 3.64 1.06 2.21 4.98 3.12 1.02 
0.88 2.78 2.52 1.13 2.78 1.88 2.99 0.56 3.05 2.97 1.32 1.14 0 1.8 2.33 3.44 2.66 3.04 3.07 2.69 2.6 1.28 2.22 3.91 2 0.5 
1.45 2.3 1.83 1.92 3.43 1.8 2.13 1.97 4 2.17 1.13 2.91 1.8 0 1.03 4.17 1.37 1.58 3.14 2.86 1.7 2.6 3.46 2.65 0.26 2.15 
2.3 3.3 2.83 2.8 4.42 1.3 1.13 2.68 4.94 3.13 1.1 3.3 2.33 1.03 0 5.16 0.36 2.3 4.16 3.88 2.67 2.66 4.32 3.39 1.15 2.78 
2.93 2.5 2.86 2.44 0.75 5.24 6.14 2.88 0.57 2.96 4.52 3.66 3.44 4.17 5.16 0 5.51 4.05 1.52 1.51 3.13 4.53 1.49 4.05 4.16 3.02 
2.66 3.61 3.13 3.16 4.77 1.42 0.89 3.03 5.3 3.42 1.39 3.59 2.66 1.37 0.36 5.51 0 2.52 4.49 4.22 2.96 2.89 4.68 3.58 1.46 3.12 
2.31 1.59 1.19 2.54 3.37 3.35 3.4 2.94 4.09 1.18 2.7 4.15 3.04 1.58 2.3 4.05 2.52 0 2.63 2.55 0.92 4.08 3.91 1.09 1.33 3.2 
2.29 1.05 1.49 1.95 1.05 4.57 5.24 2.58 1.76 1.49 3.8 3.75 3.07 3.14 4.16 1.52 4.49 2.63 0 0.4 1.75 4.33 2.13 2.54 3.05 2.82 
1.92 1.01 1.36 1.56 0.88 4.23 4.94 2.18 1.62 1.48 3.46 3.35 2.69 2.86 3.88 1.51 4.22 2.55 0.4 0 1.63 3.94 1.83 2.62 2.8 2.42 
1.76 0.72 0.28 1.84 2.46 3.44 3.79 2.36 3.18 0.48 2.68 3.64 2.6 1.7 2.67 3.13 2.96 0.92 1.75 1.63 0 3.79 3.06 1.36 1.53 2.64 
2.14 4.04 3.75 2.39 3.94 1.59 2.82 1.77 4.07 4.19 1.61 1.06 1.28 2.6 2.66 4.53 2.89 4.08 4.33 3.94 3.79 0 3.15 5.05 2.85 1.55 
2.03 2.68 2.81 1.55 1.18 4.1 5.15 1.71 0.96 3.11 3.47 2.21 2.22 3.46 4.32 1.49 4.68 3.91 2.13 1.83 3.06 3.15 0 4.3 3.54 1.74 
3.1 1.64 1.54 3.19 3.49 4.43 4.46 3.71 4.23 1.19 3.75 4.98 3.91 2.65 3.39 4.05 3.58 1.09 2.54 2.62 1.36 5.05 4.3 0 2.4 3.99 
1.55 2.16 1.68 1.99 3.42 2.04 2.27 2.11 4.02 2 1.38 3.12 2 0.26 1.15 4.16 1.46 1.33 3.05 2.8 1.53 2.85 3.54 2.4 0 2.31 
0.9 2.69 2.51 0.91 2.4 2.37 3.47 0.29 2.6 2.95 1.8 1.02 0.5 2.15 2.78 3.02 3.12 3.2 2.82 2.42 2.64 1.55 1.74 3.99 2.31 0 
