Number_Of_Customers: 30
Vehicle_Capacity:    50
Alpha:               0.75
Number_Of_Scenarios: 3

Location_Coordinates:
0 0 0
1 1.94177 0.340139
2 1.72378 1.61289
3 -2.15004 -0.669195
4 -2.15284 2.23931
5 1.02977 2.3475
6 -0.573517 0.896973
7 0.433571 2.02987
8 1.06623 0.177061
9 0.87057 1.67174
10 1.97735 -1.74478
11 0.551139 -2.00669
12 -1.40316 2.01484
13 -1.62054 -1.45822
14 1.63104 -2.09112
15 -0.382413 -2.22048
16 0.315715 1.21432
17 -0.946885 0.707684
18 -0.960606 0.0975306
19 -0.803097 2.35085
20 0.726174 -0.185618
21 0.32326 -1.96762
22 0.137609 -2.20976
23 0.551324 1.11036
24 1.80941 0.724535
25 2.26075 1.41326
26 -2.39902 -0.396593
27 -0.537303 -0.44445
28 0.128845 0.504231
29 -0.391299 -1.56909
30 -1.75329 -2.46977

Demand_per_scenario:
1 5 6 8
2 5 7 8
3 5 7 8
4 2 3 3
5 4 5 6
6 2 2 2
7 4 5 6
8 6 7 9
9 3 4 5
10 3 3 4
11 3 4 5
12 2 3 3
13 4 5 6
14 6 8 9
15 5 6 7
16 6 7 9
17 3 4 5
18 3 4 5
19 7 9 11
20 4 5 7
21 3 4 5
22 5 6 7
23 5 7 8
24 4 5 7
25 3 4 5
26 3 4 5
27 3 4 5
28 5 6 7
29 4 6 7
30 4 6 7

Probability_of_each_scenario_occuring:
0.333333 0.333333 0.333333 

Travel_Costs:
0 1.98 2.37 2.26 3.11 2.57 1.07 2.08 1.09 1.89 2.64 2.09 2.46 2.19 2.66 2.26 1.26 1.19 0.97 2.49 0.75 2 2.22 1.24 1.95 2.67 2.44 0.7 0.53 1.62 3.03 
1.98 0 1.3 4.22 4.52 2.21 2.58 2.27 0.9 1.71 2.09 2.73 3.75 4 2.46 3.46 1.85 2.92 2.92 3.41 1.33 2.82 3.13 1.59 0.41 1.12 4.41 2.61 1.83 3.02 4.65 
2.37 1.3 0 4.5 3.93 1.02 2.41 1.36 1.58 0.86 3.37 3.81 3.16 4.55 3.71 4.38 1.47 2.82 3.09 2.64 2.06 3.85 4.14 1.28 0.9 0.58 4.59 3.06 1.95 3.83 5.37 
2.26 4.22 4.5 0 2.91 4.39 2.23 3.74 3.33 3.83 4.27 3.02 2.79 0.96 4.04 2.36 3.11 1.83 1.42 3.31 2.92 2.8 2.76 3.24 4.2 4.88 0.37 1.63 2.57 1.98 1.85 
3.11 4.52 3.93 2.91 0 3.19 2.08 2.6 3.83 3.08 5.74 5.04 0.79 3.74 5.76 4.8 2.68 1.95 2.46 1.36 3.77 4.89 5.01 2.94 4.25 4.5 2.65 3.14 2.87 4.2 4.73 
2.57 2.21 1.02 4.39 3.19 0 2.17 0.68 2.18 0.7 4.21 4.39 2.46 4.64 4.48 4.79 1.34 2.57 3.01 1.84 2.56 4.38 4.65 1.33 1.81 1.55 4.4 3.21 2.06 4.17 5.57 
1.07 2.58 2.41 2.23 2.08 2.17 0 1.52 1.8 1.64 3.68 3.12 1.4 2.58 3.72 3.13 0.95 0.42 0.89 1.48 1.7 3.01 3.19 1.15 2.39 2.89 2.24 1.35 0.81 2.48 3.57 
2.08 2.27 1.36 3.74 2.6 0.68 1.52 0 1.96 0.57 4.08 4.04 1.84 4.05 4.3 4.33 0.83 1.92 2.39 1.28 2.24 4 4.25 0.93 1.9 1.93 3.73 2.66 1.56 3.7 5.01 
1.09 0.9 1.58 3.33 3.83 2.18 1.8 1.96 0 1.51 2.13 2.25 3.08 3.15 2.34 2.81 1.29 2.09 2.03 2.87 0.5 2.27 2.57 1.07 0.93 1.72 3.52 1.72 1 2.28 3.87 
1.89 1.71 0.86 3.83 3.08 0.7 1.64 0.57 1.51 0 3.6 3.7 2.3 4.01 3.84 4.09 0.72 2.06 2.42 1.81 1.87 3.69 3.96 0.65 1.34 1.42 3.87 2.55 1.39 3.48 4.91 
2.64 2.09 3.37 4.27 5.74 4.21 3.68 4.08 2.13 3.6 0 1.46 5.06 3.61 0.49 2.41 3.4 3.82 3.47 4.96 2 1.67 1.9 3.2 2.48 3.18 4.58 2.84 2.92 2.38 3.81 
2.09 2.73 3.81 3.02 5.04 4.39 3.12 4.04 2.25 3.7 1.46 0 4.48 2.24 1.09 0.96 3.23 3.11 2.6 4.57 1.83 0.24 0.47 3.12 3.01 3.83 3.37 1.91 2.55 1.04 2.36 
2.46 3.75 3.16 2.79 0.79 2.46 1.4 1.84 3.08 2.3 5.06 4.48 0 3.48 5.11 4.36 1.9 1.39 1.97 0.69 3.07 4.35 4.5 2.16 3.47 3.72 2.61 2.61 2.16 3.73 4.5 
2.19 4 4.55 0.96 3.74 4.64 2.58 4.05 3.15 4.01 3.61 2.24 3.48 0 3.32 1.46 3.31 2.27 1.69 3.9 2.67 2.01 1.92 3.37 4.07 4.83 1.32 1.49 2.63 1.24 1.03 
2.66 2.46 3.71 4.04 5.76 4.48 3.72 4.3 2.34 3.84 0.49 1.09 5.11 3.32 0 2.02 3.56 3.81 3.4 5.07 2.11 1.32 1.5 3.38 2.83 3.57 4.38 2.73 3 2.09 3.41 
2.26 3.46 4.38 2.36 4.8 4.79 3.13 4.33 2.81 4.09 2.41 0.96 4.36 1.46 2.02 0 3.51 2.99 2.39 4.6 2.32 0.75 0.53 3.46 3.68 4.5 2.72 1.79 2.78 0.66 1.4 
1.26 1.85 1.47 3.11 2.68 1.34 0.95 0.83 1.29 0.72 3.4 3.23 1.9 3.31 3.56 3.51 0 1.37 1.7 1.6 1.46 3.19 3.43 0.26 1.58 1.96 3.16 1.87 0.74 2.88 4.23 
1.19 2.92 2.82 1.83 1.95 2.57 0.42 1.92 2.09 2.06 3.82 3.11 1.39 2.27 3.81 2.99 1.37 0 0.62 1.65 1.9 2.97 3.12 1.56 2.76 3.29 1.83 1.23 1.1 2.35 3.28 
0.97 2.92 3.09 1.42 2.46 3.01 0.89 2.39 2.03 2.42 3.47 2.6 1.97 1.69 3.4 2.39 1.7 0.62 0 2.26 1.72 2.44 2.56 1.82 2.85 3.48 1.53 0.69 1.17 1.77 2.69 
2.49 3.41 2.64 3.31 1.36 1.84 1.48 1.28 2.87 1.81 4.96 4.57 0.69 3.9 5.07 4.6 1.6 1.65 2.26 0 2.97 4.47 4.66 1.84 3.08 3.21 3.18 2.81 2.07 3.95 4.92 
0.75 1.33 2.06 2.92 3.77 2.56 1.7 2.24 0.5 1.87 2 1.83 3.07 2.67 2.11 2.32 1.46 1.9 1.72 2.97 0 1.83 2.11 1.31 1.42 2.22 3.14 1.29 0.92 1.78 3.38 
2 2.82 3.85 2.8 4.89 4.38 3.01 4 2.27 3.69 1.67 0.24 4.35 2.01 1.32 0.75 3.19 2.97 2.44 4.47 1.83 0 0.31 3.09 3.08 3.9 3.15 1.75 2.48 0.82 2.14 
2.22 3.13 4.14 2.76 5.01 4.65 3.19 4.25 2.57 3.96 1.9 0.47 4.5 1.92 1.5 0.53 3.43 3.12 2.56 4.66 2.11 0.31 0 3.35 3.38 4.2 3.12 1.89 2.72 0.84 1.91 
1.24 1.59 1.28 3.24 2.94 1.33 1.15 0.93 1.07 0.65 3.2 3.12 2.16 3.37 3.38 3.46 0.26 1.56 1.82 1.84 1.31 3.09 3.35 0 1.32 1.74 3.32 1.9 0.74 2.85 4.26 
1.95 0.41 0.9 4.2 4.25 1.81 2.39 1.9 0.93 1.34 2.48 3.01 3.47 4.07 2.83 3.68 1.58 2.76 2.85 3.08 1.42 3.08 3.38 1.32 0 0.83 4.36 2.63 1.7 3.18 4.79 
2.67 1.12 0.58 4.88 4.5 1.55 2.89 1.93 1.72 1.42 3.18 3.83 3.72 4.83 3.57 4.5 1.96 3.29 3.48 3.21 2.22 3.9 4.2 1.74 0.83 0 5 3.36 2.32 4 5.59 
2.44 4.41 4.59 0.37 2.65 4.4 2.24 3.73 3.52 3.87 4.58 3.37 2.61 1.32 4.38 2.72 3.16 1.83 1.53 3.18 3.14 3.15 3.12 3.32 4.36 5 0 1.87 2.69 2.33 2.18 
0.7 2.61 3.06 1.63 3.14 3.21 1.35 2.66 1.72 2.55 2.84 1.91 2.61 1.49 2.73 1.79 1.87 1.23 0.69 2.81 1.29 1.75 1.89 1.9 2.63 3.36 1.87 0 1.16 1.14 2.37 
0.53 1.83 1.95 2.57 2.87 2.06 0.81 1.56 1 1.39 2.92 2.55 2.16 2.63 3 2.78 0.74 1.1 1.17 2.07 0.92 2.48 2.72 0.74 1.7 2.32 2.69 1.16 0 2.14 3.52 
1.62 3.02 3.83 1.98 4.2 4.17 2.48 3.7 2.28 3.48 2.38 1.04 3.73 1.24 2.09 0.66 2.88 2.35 1.77 3.95 1.78 0.82 0.84 2.85 3.18 4 2.33 1.14 2.14 0 1.64 
3.03 4.65 5.37 1.85 4.73 5.57 3.57 5.01 3.87 4.91 3.81 2.36 4.5 1.03 3.41 1.4 4.23 3.28 2.69 4.92 3.38 2.14 1.91 4.26 4.79 5.59 2.18 2.37 3.52 1.64 0 
