Number_Of_Customers: 40
Vehicle_Capacity:    50
Alpha:               0.75
Number_Of_Scenarios: 3

Location_Coordinates:
0 0 0
1 1.03817 -1.50248
2 -2.22986 -2.33025
3 0.413085 -2.28146
4 0.49911 -1.46626
5 1.62926 -1.97916
6 1.27382 -0.829362
7 0.913413 1.73904
8 -1.99396 2.49327
9 -0.639207 1.84625
10 -0.156476 0.102144
11 1.73705 -0.436233
12 -1.76391 -1.07108
13 -1.63372 2.11888
14 2.02498 -1.08415
15 -1.34303 -2.28846
16 -2.18276 -0.598383
17 -2.02438 1.32691
18 1.42326 0.753885
19 0.542912 -0.279654
20 -0.140518 -1.68544
21 -2.22506 -1.58275
22 -1.21535 -1.37643
23 1.31746 -2.41783
24 -1.52529 -0.502389
25 1.34338 -1.86716
26 -1.31626 -2.34924
27 1.30364 0.271461
28 2.44393 0.0484964
29 0.0787331 -1.73281
30 1.73403 -1.22068
31 -1.00202 -0.890218
32 -1.88825 -0.880291
33 -0.0495879 1.57614
34 0.184331 -1.94333
35 -1.5683 1.60601
36 2.27308 -1.39782
37 1.80098 -0.915139
38 -0.744619 0.193501
39 2.17596 1.33253
40 0.848328 -2.14755

Demand_per_scenario:
1 5 6 7
2 3 3 4
3 7 8 11
4 5 6 7
5 6 7 9
6 4 4 6
7 6 7 9
8 7 8 10
9 6 7 9
10 6 7 10
11 4 5 6
12 5 5 7
13 6 7 9
14 7 8 10
15 2 3 4
16 3 3 4
17 3 4 5
18 5 6 8
19 5 6 8
20 4 4 5
21 5 6 7
22 6 7 9
23 4 5 6
24 6 6 8
25 5 6 8
26 4 5 7
27 6 7 10
28 6 7 9
29 5 6 8
30 6 7 10
31 5 6 7
32 5 6 8
33 6 7 9
34 4 5 6
35 4 5 6
36 4 5 7
37 4 5 6
38 3 3 4
39 6 7 9
40 4 4 6

Probability_of_each_scenario_occuring:
0.333333 0.333333 0.333333 

Travel_Costs:
0 1.83 3.23 2.32 1.55 2.57 1.53 1.97 3.2 1.96 0.19 1.8 2.07 2.68 2.3 2.66 2.27 2.43 1.62 0.62 1.7 2.74 1.84 2.76 1.61 2.31 2.7 1.34 2.45 1.74 2.13 1.35 2.09 1.58 1.96 2.25 2.67 2.03 0.77 2.56 2.31 
1.83 0 3.38 1 0.55 0.76 0.72 3.25 5.02 3.75 2.01 1.28 2.84 4.51 1.08 2.51 3.35 4.17 2.29 1.32 1.2 3.27 2.26 0.96 2.76 0.48 2.51 1.8 2.1 0.99 0.76 2.14 3 3.27 0.97 4.06 1.24 0.97 2.47 3.06 0.68 
3.23 3.38 0 2.65 2.87 3.88 3.82 5.15 4.83 4.47 3.2 4.4 1.35 4.49 4.44 0.89 1.74 3.67 4.79 3.45 2.19 0.75 1.4 3.55 1.96 3.61 0.92 4.39 5.25 2.39 4.12 1.9 1.49 4.48 2.45 4 4.6 4.28 2.93 5.73 3.09 
2.32 1 2.65 0 0.82 1.26 1.69 4.06 5.35 4.26 2.46 2.28 2.5 4.86 2.01 1.76 3.1 4.36 3.2 2.01 0.82 2.73 1.87 0.92 2.64 1.02 1.74 2.71 3.1 0.65 1.7 1.99 2.7 3.89 0.41 4.37 2.06 1.95 2.74 4.03 0.46 
1.55 0.55 2.87 0.82 0 1.25 1.01 3.24 4.68 3.51 1.7 1.62 2.3 4.18 1.58 2.02 2.82 3.77 2.41 1.19 0.68 2.73 1.72 1.26 2.25 0.94 2.02 1.92 2.47 0.5 1.26 1.61 2.46 3.1 0.58 3.71 1.78 1.42 2.08 3.27 0.77 
2.57 0.76 3.88 1.26 1.25 0 1.21 3.79 5.76 4.45 2.75 1.55 3.52 5.24 0.98 2.99 4.06 4.93 2.75 2.02 1.8 3.88 2.91 0.54 3.49 0.31 2.97 2.28 2.19 1.57 0.77 2.85 3.69 3.94 1.45 4.81 0.87 1.08 3.22 3.36 0.8 
1.53 0.72 3.82 1.69 1.01 1.21 0 2.6 4.67 3.29 1.71 0.61 3.05 4.15 0.8 3 3.47 3.95 1.6 0.92 1.66 3.58 2.55 1.59 2.82 1.05 3.01 1.11 1.47 1.5 0.61 2.28 3.17 2.75 1.56 3.75 1.15 0.54 2.27 2.35 1.39 
1.97 3.25 5.15 4.06 3.24 3.79 2.6 0 3.01 1.56 1.96 2.33 3.89 2.58 3.04 4.62 3.88 2.97 1.11 2.06 3.59 4.57 3.78 4.18 3.32 3.64 4.66 1.52 2.29 3.58 3.08 3.26 3.84 0.98 3.76 2.49 3.42 2.8 2.27 1.33 3.89 
3.2 5.02 4.83 5.35 4.68 5.76 4.67 3.01 0 1.51 3.02 4.75 3.58 0.52 5.39 4.83 3.1 1.17 3.84 3.76 4.58 4.09 3.95 5.93 3.04 5.5 4.89 3.98 5.07 4.71 5.27 3.53 3.38 2.15 4.95 0.99 5.78 5.11 2.62 4.33 5.45 
1.96 3.75 4.47 4.26 3.51 4.45 3.29 1.56 1.51 0 1.81 3.3 3.13 1.04 3.97 4.2 2.9 1.48 2.34 2.44 3.57 3.78 3.28 4.7 2.52 4.21 4.25 2.51 3.57 3.66 3.88 2.77 3 0.65 3.88 0.96 4.36 3.69 1.66 2.87 4.27 
0.19 2.01 3.2 2.46 1.7 2.75 1.71 1.96 3.02 1.81 0 1.97 2 2.5 2.49 2.67 2.15 2.24 1.71 0.8 1.79 2.67 1.82 2.92 1.5 2.48 2.72 1.47 2.61 1.85 2.31 1.31 2 1.48 2.08 2.07 2.86 2.21 0.6 2.64 2.47 
1.8 1.28 4.4 2.28 1.62 1.55 0.61 2.33 4.75 3.3 1.97 0 3.56 4.23 0.71 3.6 3.93 4.16 1.24 1.21 2.26 4.13 3.1 2.03 3.27 1.49 3.61 0.83 0.86 2.11 0.79 2.78 3.66 2.7 2.17 3.89 1.11 0.49 2.57 1.83 1.93 
2.07 2.84 1.35 2.5 2.3 3.52 3.05 3.89 3.58 3.13 2 3.56 0 3.2 3.79 1.29 0.64 2.42 3.68 2.44 1.74 0.69 0.63 3.37 0.62 3.21 1.36 3.35 4.36 1.96 3.51 0.79 0.23 3.16 2.14 2.69 4.06 3.57 1.63 4.62 2.83 
2.68 4.51 4.49 4.86 4.18 5.24 4.15 2.58 0.52 1.04 2.5 4.23 3.2 0 4.87 4.42 2.78 0.89 3.35 3.24 4.09 3.75 3.53 5.42 2.63 4.98 4.48 3.48 4.58 4.22 4.75 3.08 3.01 1.68 4.46 0.52 5.26 4.59 2.13 3.89 4.94 
2.3 1.08 4.44 2.01 1.58 0.98 0.8 3.04 5.39 3.97 2.49 0.71 3.79 4.87 0 3.58 4.24 4.72 1.94 1.69 2.25 4.28 3.26 1.51 3.6 1.04 3.58 1.54 1.21 2.06 0.33 3.04 3.92 3.38 2.04 4.49 0.4 0.29 3.06 2.43 1.59 
2.66 2.51 0.89 1.76 2.02 2.99 3 4.62 4.83 4.2 2.67 3.6 1.29 4.42 3.58 0 1.89 3.68 4.12 2.76 1.35 1.13 0.93 2.67 1.8 2.72 0.07 3.69 4.45 1.53 3.26 1.44 1.52 4.08 1.57 3.91 3.73 3.44 2.56 5.05 2.2 
2.27 3.35 1.74 3.1 2.82 4.06 3.47 3.88 3.1 2.9 2.15 3.93 0.64 2.78 4.24 1.89 0 1.94 3.86 2.75 2.32 0.99 1.25 3.95 0.67 3.75 1.96 3.6 4.68 2.54 3.97 1.22 0.41 3.05 2.73 2.29 4.53 4 1.65 4.77 3.41 
2.43 4.17 3.67 4.36 3.77 4.93 3.95 2.97 1.17 1.48 2.24 4.16 2.42 0.89 4.72 3.68 1.94 0 3.5 3.03 3.56 2.92 2.83 5.02 1.9 4.65 3.75 3.5 4.65 3.72 4.55 2.45 2.22 2 3.95 0.54 5.09 4.44 1.71 4.21 4.51 
1.62 2.29 4.79 3.2 2.41 2.75 1.6 1.11 3.84 2.34 1.71 1.24 3.68 3.35 1.94 4.12 3.86 3.5 0 1.36 2.9 4.34 3.4 3.18 3.21 2.63 4.14 0.5 1.25 2.83 2 2.94 3.7 1.69 2.97 3.12 2.32 1.72 2.24 0.95 2.96 
0.62 1.32 3.45 2.01 1.19 2.02 0.92 2.06 3.76 2.44 0.8 1.21 2.44 3.24 1.69 2.76 2.75 3.03 1.36 0 1.57 3.06 2.08 2.28 2.09 1.78 2.79 0.94 1.93 1.53 1.52 1.67 2.51 1.95 1.71 2.84 2.07 1.41 1.38 2.3 1.9 
1.7 1.2 2.19 0.82 0.68 1.8 1.66 3.59 4.58 3.57 1.79 2.26 1.74 4.09 2.25 1.35 2.32 3.56 2.9 1.57 0 2.09 1.12 1.64 1.83 1.5 1.36 2.44 3.12 0.23 1.94 1.18 1.93 3.27 0.42 3.59 2.44 2.09 1.98 3.81 1.1 
2.74 3.27 0.75 2.73 2.73 3.88 3.58 4.57 4.09 3.78 2.67 4.13 0.69 3.75 4.28 1.13 0.99 2.92 4.34 3.06 2.09 0 1.04 3.64 1.29 3.58 1.19 3.99 4.95 2.31 3.98 1.41 0.78 3.84 2.44 3.26 4.51 4.09 2.32 5.28 3.13 
1.84 2.26 1.4 1.87 1.72 2.91 2.55 3.78 3.95 3.28 1.82 3.1 0.63 3.53 3.26 0.93 1.25 2.83 3.4 2.08 1.12 1.04 0 2.74 0.93 2.61 0.98 3.02 3.93 1.35 2.96 0.54 0.84 3.18 1.52 3.01 3.49 3.06 1.64 4.35 2.21 
2.76 0.96 3.55 0.92 1.26 0.54 1.59 4.18 5.93 4.7 2.92 2.03 3.37 5.42 1.51 2.67 3.95 5.02 3.18 2.28 1.64 3.64 2.74 0 3.43 0.56 2.64 2.69 2.72 1.42 1.27 2.78 3.56 4.23 1.23 4.96 1.4 1.58 3.33 3.85 0.55 
1.61 2.76 1.96 2.64 2.25 3.49 2.82 3.32 3.04 2.52 1.5 3.27 0.62 2.63 3.6 1.8 0.67 1.9 3.21 2.09 1.83 1.29 0.93 3.43 0 3.18 1.86 2.94 4.01 2.03 3.34 0.66 0.53 2.55 2.24 2.11 3.91 3.36 1.05 4.14 2.89 
2.31 0.48 3.61 1.02 0.94 0.31 1.05 3.64 5.5 4.21 2.48 1.49 3.21 4.98 1.04 2.72 3.75 4.65 2.63 1.78 1.5 3.58 2.61 0.56 3.18 0 2.71 2.14 2.21 1.28 0.76 2.55 3.38 3.72 1.17 4.54 1.05 1.06 2.94 3.31 0.57 
2.7 2.51 0.92 1.74 2.02 2.97 3.01 4.66 4.89 4.25 2.72 3.61 1.36 4.48 3.58 0.07 1.96 3.75 4.14 2.79 1.36 1.19 0.98 2.64 1.86 2.71 0 3.71 4.46 1.53 3.26 1.5 1.58 4.13 1.56 3.97 3.72 3.44 2.61 5.08 2.18 
1.34 1.8 4.39 2.71 1.92 2.28 1.11 1.52 3.98 2.51 1.47 0.83 3.35 3.48 1.54 3.69 3.6 3.5 0.5 0.94 2.44 3.99 3.02 2.69 2.94 2.14 3.71 0 1.17 2.35 1.56 2.59 3.4 1.88 2.49 3.17 1.94 1.29 2.05 1.38 2.47 
2.45 2.1 5.25 3.1 2.47 2.19 1.47 2.29 5.07 3.57 2.61 0.86 4.36 4.58 1.21 4.45 4.68 4.65 1.25 1.93 3.12 4.95 3.93 2.72 4.01 2.21 4.46 1.17 0 2.97 1.46 3.58 4.44 2.93 3.02 4.31 1.46 1.16 3.2 1.32 2.72 
1.74 0.99 2.39 0.65 0.5 1.57 1.5 3.58 4.71 3.66 1.85 2.11 1.96 4.22 2.06 1.53 2.54 3.72 2.83 1.53 0.23 2.31 1.35 1.42 2.03 1.28 1.53 2.35 2.97 0 1.74 1.38 2.15 3.32 0.24 3.73 2.22 1.91 2.1 3.72 0.88 
2.13 0.76 4.12 1.7 1.26 0.77 0.61 3.08 5.27 3.88 2.31 0.79 3.51 4.75 0.33 3.26 3.97 4.55 2 1.52 1.94 3.98 2.96 1.27 3.34 0.76 3.26 1.56 1.46 1.74 0 2.76 3.64 3.32 1.71 4.35 0.57 0.32 2.86 2.6 1.29 
1.35 2.14 1.9 1.99 1.61 2.85 2.28 3.26 3.53 2.77 1.31 2.78 0.79 3.08 3.04 1.44 1.22 2.45 2.94 1.67 1.18 1.41 0.54 2.78 0.66 2.55 1.5 2.59 3.58 1.38 2.76 0 0.89 2.65 1.59 2.56 3.32 2.81 1.12 3.88 2.24 
2.09 3 1.49 2.7 2.46 3.69 3.17 3.84 3.38 3 2 3.66 0.23 3.01 3.92 1.52 0.41 2.22 3.7 2.51 1.93 0.78 0.84 3.56 0.53 3.38 1.58 3.4 4.44 2.15 3.64 0.89 0 3.07 2.33 2.51 4.2 3.69 1.57 4.63 3.02 
1.58 3.27 4.48 3.89 3.1 3.94 2.75 0.98 2.15 0.65 1.48 2.7 3.16 1.68 3.38 4.08 3.05 2 1.69 1.95 3.27 3.84 3.18 4.23 2.55 3.72 4.13 1.88 2.93 3.32 3.32 2.65 3.07 0 3.53 1.52 3.78 3.11 1.55 2.24 3.84 
1.96 0.97 2.45 0.41 0.58 1.45 1.56 3.76 4.95 3.88 2.08 2.17 2.14 4.46 2.04 1.57 2.73 3.95 2.97 1.71 0.42 2.44 1.52 1.23 2.24 1.17 1.56 2.49 3.02 0.24 1.71 1.59 2.33 3.53 0 3.96 2.16 1.92 2.34 3.84 0.7 
2.25 4.06 4 4.37 3.71 4.81 3.75 2.49 0.99 0.96 2.07 3.89 2.69 0.52 4.49 3.91 2.29 0.54 3.12 2.84 3.59 3.26 3.01 4.96 2.11 4.54 3.97 3.17 4.31 3.73 4.35 2.56 2.51 1.52 3.96 0 4.88 4.21 1.64 3.76 4.47 
2.67 1.24 4.6 2.06 1.78 0.87 1.15 3.42 5.78 4.36 2.86 1.11 4.06 5.26 0.4 3.73 4.53 5.09 2.32 2.07 2.44 4.51 3.49 1.4 3.91 1.05 3.72 1.94 1.46 2.22 0.57 3.32 4.2 3.78 2.16 4.88 0 0.68 3.42 2.74 1.61 
2.03 0.97 4.28 1.95 1.42 1.08 0.54 2.8 5.11 3.69 2.21 0.49 3.57 4.59 0.29 3.44 4 4.44 1.72 1.41 2.09 4.09 3.06 1.58 3.36 1.06 3.44 1.29 1.16 1.91 0.32 2.81 3.69 3.11 1.92 4.21 0.68 0 2.78 2.28 1.56 
0.77 2.47 2.93 2.74 2.08 3.22 2.27 2.27 2.62 1.66 0.6 2.57 1.63 2.13 3.06 2.56 1.65 1.71 2.24 1.38 1.98 2.32 1.64 3.33 1.05 2.94 2.61 2.05 3.2 2.1 2.86 1.12 1.57 1.55 2.34 1.64 3.42 2.78 0 3.14 2.84 
2.56 3.06 5.73 4.03 3.27 3.36 2.35 1.33 4.33 2.87 2.64 1.83 4.62 3.89 2.43 5.05 4.77 4.21 0.95 2.3 3.81 5.28 4.35 3.85 4.14 3.31 5.08 1.38 1.32 3.72 2.6 3.88 4.63 2.24 3.84 3.76 2.74 2.28 3.14 0 3.73 
2.31 0.68 3.09 0.46 0.77 0.8 1.39 3.89 5.45 4.27 2.47 1.93 2.83 4.94 1.59 2.2 3.41 4.51 2.96 1.9 1.1 3.13 2.21 0.55 2.89 0.57 2.18 2.47 2.72 0.88 1.29 2.24 3.02 3.84 0.7 4.47 1.61 1.56 2.84 3.73 0 
