Number_Of_Customers: 50
Vehicle_Capacity:    50
Alpha:               0.75
Number_Of_Scenarios: 100

Location_Coordinates:
0 0 0
1 0.122967 1.7
2 1.85615 1.3727
3 0.896743 1.5585
4 -1.27517 -1.79695
5 -1.26276 1.82831
6 -1.59018 -1.22348
7 1.96796 0.521717
8 -1.50026 0.213208
9 -1.61346 -2.49236
10 0.852691 1.17168
11 2.45216 -1.57695
12 1.17658 -0.275444
13 0.617256 -0.777418
14 -1.06539 -0.965784
15 -1.9241 1.58441
16 -0.894797 1.14981
17 -0.0814207 1.5617
18 -2.46665 -2.01519
19 0.67485 2.20057
20 0.00568727 0.585894
21 2.11215 -1.07337
22 -0.110653 0.260277
23 -0.532629 -1.90073
24 -0.567663 -0.715391
25 1.42966 -1.78322
26 -0.530318 1.94874
27 2.48966 -1.34444
28 -1.00749 2.16192
29 0.35388 -2.33994
30 -2.36499 1.67042
31 -0.247469 0.794411
32 1.67152 -1.83907
33 0.825903 0.94985
34 -0.863768 -2.35498
35 -0.147987 -2.22197
36 0.345566 -2.07182
37 -1.06143 0.58203
38 2.17692 -2.47084
39 -2.3568 -0.71129
40 0.353907 -1.89051
41 1.1925 2.30605
42 -2.26364 -0.0469803
43 0.40279 -0.301979
44 -0.367731 -0.454044
45 -1.12422 0.25182
46 2.33718 0.96303
47 0.649013 -2.03743
48 1.97217 1.33541
49 -0.754735 0.172908
50 1.05869 -1.57921

Demand_per_scenario:
1 4 6 5 5 4 5 3 4 3 6 4 3 3 5 5 4 4 4 4 5 5 3 2 5 3 3 3 3 4 3 5 6 6 4 4 5 4 5 4 3 5 4 5 3 4 4 4 3 5 4 3 4 4 4 2 4 3 7 2 3 4 4 4 3 3 4 4 4 3 5 4 1 4 4 4 4 3 4 4 4 6 6 5 4 4 3 4 5 4 4 3 5 4 4 4 5 4 4 5 3
2 7 5 4 5 5 4 5 6 3 5 5 4 5 3 3 5 4 5 5 4 5 5 4 5 4 5 5 5 6 5 4 4 4 5 4 2 2 4 4 5 5 5 3 6 2 2 6 4 4 3 5 6 6 5 3 3 5 6 4 5 5 4 5 4 3 5 6 3 5 3 5 3 5 6 5 4 5 5 3 5 3 6 6 5 4 4 5 5 4 4 5 4 4 3 6 6 5 5 3 6
3 5 5 4 7 5 7 5 5 7 5 6 6 6 6 5 6 6 4 5 6 5 5 5 4 5 6 4 5 5 6 5 5 5 5 5 7 4 6 3 5 3 4 5 6 6 6 3 4 6 5 5 5 6 3 4 4 5 3 4 5 6 4 3 5 5 5 5 4 5 6 4 5 5 7 6 4 5 5 6 5 6 6 5 6 5 5 5 3 5 6 4 5 4 5 4 5 5 4 5 5
4 5 6 7 7 4 5 8 4 5 5 5 6 6 5 4 6 6 5 7 4 7 5 7 6 6 6 8 5 6 6 5 7 5 7 6 6 6 7 6 3 5 7 6 5 6 6 6 5 5 5 6 5 5 8 5 6 7 6 6 5 5 4 6 5 8 6 5 5 6 4 6 7 6 7 5 5 7 4 6 6 6 6 5 6 5 6 7 5 6 6 8 4 7 6 7 8 6 6 6 7
5 3 1 5 3 4 3 2 3 3 3 3 4 3 3 3 2 4 2 5 4 3 3 2 2 2 4 3 3 2 2 3 3 5 3 2 2 4 2 2 4 3 2 2 3 5 3 3 3 2 4 4 3 2 3 3 5 2 3 4 3 2 3 2 2 3 3 1 2 3 3 2 2 3 3 3 2 3 2 3 4 4 2 4 5 3 3 2 3 2 4 4 2 3 2 3 3 3 5 4 4
6 7 8 8 8 7 6 6 7 9 7 6 8 6 8 7 8 5 10 8 8 7 9 8 7 8 5 6 7 8 9 8 7 7 8 8 9 8 8 8 8 7 9 7 8 7 5 9 7 7 8 8 8 9 7 8 8 10 9 8 8 10 7 8 8 8 8 7 9 8 8 8 7 7 8 8 9 9 7 6 8 7 7 6 10 8 8 6 8 6 8 6 8 8 8 8 8 8 8 10 6
7 9 9 8 10 9 8 8 10 11 9 9 10 7 9 7 9 8 8 9 10 9 8 8 10 10 7 8 7 11 9 7 8 10 10 9 8 6 9 9 10 9 9 8 9 9 8 8 10 8 8 9 9 8 8 8 9 8 9 9 9 9 10 10 9 11 8 10 8 9 8 8 9 8 10 10 10 8 9 7 9 7 9 9 9 10 9 9 11 9 10 8 10 9 10 10 8 10 10 9 7
8 7 8 8 9 6 9 8 6 6 7 6 7 7 8 9 7 6 8 9 8 9 8 10 8 7 7 7 9 9 8 8 9 9 8 9 7 8 8 10 7 8 7 7 10 7 9 7 8 8 7 6 8 7 9 7 7 6 8 7 7 6 6 8 9 8 8 8 8 6 8 8 8 8 9 8 7 7 9 5 7 7 8 10 7 7 8 7 9 8 9 7 7 9 8 8 9 7 7 8 9
9 6 5 5 6 6 7 7 6 6 6 6 5 6 4 4 6 5 6 5 4 5 7 7 7 5 5 5 6 5 6 5 4 5 7 5 4 6 5 6 7 5 6 6 5 6 6 5 7 6 6 5 4 6 6 5 6 7 6 4 7 8 5 6 6 5 7 6 5 5 6 6 5 6 4 5 7 5 7 5 5 5 6 7 6 7 5 5 6 7 5 8 4 6 6 7 6 6 5 6 8
10 7 5 5 5 6 8 5 5 4 7 6 7 5 6 6 6 6 6 6 5 5 5 6 3 3 5 5 5 7 5 6 7 4 5 5 4 6 6 5 5 6 6 3 6 6 6 5 7 5 7 6 6 8 6 5 5 5 6 5 6 8 5 7 6 6 6 6 5 7 5 5 5 6 4 4 5 4 6 5 6 6 6 5 4 6 4 4 7 4 5 6 6 5 5 6 6 5 7 5 6
11 3 5 4 6 5 4 4 4 6 5 4 5 4 5 6 3 4 3 6 4 3 3 6 4 4 5 3 7 5 5 6 4 3 5 5 5 5 5 6 4 4 4 4 3 4 6 4 4 5 6 4 5 4 5 4 5 4 4 5 5 4 7 4 5 6 4 5 5 4 3 5 3 4 3 6 5 4 3 3 4 4 6 5 3 5 5 3 5 4 5 4 5 3 5 3 5 4 5 6 5
12 7 7 6 7 8 7 7 7 7 7 6 7 6 6 7 6 8 8 8 8 8 7 7 7 8 8 6 7 8 6 8 9 5 7 9 6 7 8 7 8 6 5 8 7 5 8 5 8 5 7 6 7 7 7 7 7 5 7 6 4 6 8 8 7 9 8 7 7 7 7 8 6 7 8 4 6 5 7 7 6 8 7 8 7 7 8 6 7 7 9 7 7 7 6 7 6 9 7 6 7
13 9 6 8 7 7 8 6 7 5 7 7 6 7 7 6 8 7 7 7 8 7 8 9 8 7 7 5 6 8 6 6 6 8 8 7 7 8 6 6 6 6 7 6 6 7 7 7 8 7 6 6 8 8 8 6 8 7 6 6 7 7 7 8 5 8 7 7 7 7 8 5 7 7 7 8 7 5 6 8 6 7 5 7 7 6 6 8 7 4 8 8 7 8 5 7 7 6 7 7 7
14 5 6 5 3 4 6 7 5 6 6 5 7 6 4 5 7 5 4 4 6 4 5 4 6 5 5 6 7 5 5 6 4 5 7 5 3 5 5 6 4 6 6 5 5 6 5 3 6 6 3 6 5 5 5 6 5 6 6 4 6 6 7 5 5 7 3 6 5 3 5 6 6 5 4 4 6 5 6 4 4 4 6 4 5 4 6 5 6 7 8 4 4 5 5 6 5 5 5 4 4
15 5 5 5 4 5 4 3 5 3 3 4 4 3 3 3 4 5 2 5 4 3 4 3 3 3 4 3 4 5 1 4 5 3 3 4 4 2 2 3 4 4 5 5 4 3 4 2 2 1 2 1 2 4 4 4 3 3 5 4 5 4 4 5 3 3 2 3 2 3 3 2 3 3 5 3 5 2 4 3 4 3 2 1 2 4 4 3 4 3 4 2 2 4 3 3 4 4 5 4 4
16 7 7 7 8 8 9 7 6 7 6 7 7 7 8 7 7 6 6 7 8 5 8 5 7 8 6 6 9 7 8 7 7 8 8 6 8 7 7 7 9 8 6 7 6 7 7 6 6 7 6 6 6 7 7 9 8 6 7 7 6 7 7 8 6 7 6 8 9 6 8 8 6 6 7 9 8 6 8 7 7 8 8 9 5 6 7 7 6 8 6 7 9 7 8 6 8 8 8 6 8
17 4 6 4 3 5 6 6 4 6 6 3 5 6 7 5 6 5 5 6 5 4 6 4 5 4 6 6 4 5 6 6 6 5 6 6 5 6 5 6 5 8 5 5 5 6 5 3 5 6 5 5 5 5 5 6 6 5 7 4 7 5 6 7 3 5 6 5 5 4 5 6 4 4 7 6 5 4 5 7 4 6 4 6 5 6 6 6 5 7 6 6 4 3 5 5 7 6 5 6 5
18 6 3 4 4 5 5 4 5 4 7 5 6 5 5 5 4 5 5 4 5 4 4 4 4 5 7 6 6 5 5 4 6 6 3 4 4 4 5 6 7 3 3 5 5 5 7 7 5 5 6 4 2 4 3 5 4 5 4 4 5 5 5 6 4 6 6 5 5 6 5 5 5 5 6 5 5 5 6 2 6 5 5 3 6 5 6 6 4 4 5 5 4 6 5 5 5 5 5 3 4
19 5 6 8 6 5 6 8 8 6 7 5 6 5 5 8 7 6 6 6 6 6 6 6 8 5 6 6 8 7 6 6 6 6 6 9 7 6 7 8 8 8 6 7 4 5 6 7 6 6 8 5 4 6 5 7 6 5 10 5 7 6 4 7 5 5 5 5 8 7 9 7 5 6 6 6 6 6 8 6 6 6 6 6 8 6 5 9 6 8 5 5 6 7 7 7 6 3 8 8 5
20 7 6 4 3 4 5 4 6 4 4 5 3 4 5 4 4 6 4 3 5 5 6 6 4 5 5 7 5 6 5 4 5 5 6 4 6 4 6 3 4 7 3 4 4 4 3 6 6 5 5 4 7 5 6 5 6 5 5 4 4 3 3 7 5 3 5 4 6 5 4 6 3 6 6 5 4 4 5 5 5 7 5 7 6 5 4 5 5 7 6 5 6 6 4 5 3 5 6 5 4
21 7 9 7 8 7 6 8 8 8 7 7 6 6 6 9 7 8 8 9 8 8 7 9 7 7 7 7 6 5 9 6 7 8 7 7 8 7 9 7 7 7 7 8 6 6 6 7 8 6 7 8 7 7 9 7 7 8 6 7 7 6 8 9 8 7 8 8 8 8 9 7 7 7 6 7 7 8 8 7 7 9 6 7 7 8 7 8 7 7 7 8 7 8 7 6 7 6 6 8 6
22 6 6 6 5 4 7 6 7 4 5 5 7 7 7 6 6 6 6 6 5 6 6 6 7 6 5 5 6 5 6 7 4 6 5 6 7 4 5 4 4 5 4 6 8 6 7 7 8 5 5 6 6 5 5 5 6 7 6 7 7 8 5 7 5 5 5 6 6 6 5 7 7 8 7 5 5 5 5 6 6 5 7 5 6 6 7 5 5 3 4 5 6 5 6 7 6 7 5 5 6
23 6 7 7 7 6 5 5 5 5 5 4 4 5 6 7 4 5 5 7 5 7 5 4 4 6 6 5 5 7 4 4 4 7 6 3 5 5 5 7 6 7 7 5 6 6 5 6 5 5 5 4 5 7 5 6 5 5 3 5 6 5 5 5 6 5 6 5 7 5 7 4 5 3 4 6 7 6 5 5 5 6 4 6 5 6 7 6 5 5 5 6 6 4 4 4 5 4 4 6 7
24 6 6 4 5 5 5 5 8 5 4 4 7 5 5 3 5 4 4 5 6 4 5 5 5 4 6 4 6 5 7 5 7 6 5 6 5 5 5 5 3 5 6 6 5 3 5 5 4 6 5 5 4 6 5 7 5 5 5 4 5 7 4 7 5 5 6 4 4 5 7 5 6 6 5 7 5 5 5 4 6 5 5 6 6 5 5 4 6 5 5 5 5 5 5 4 4 6 5 5 5
25 6 6 7 5 7 6 7 8 5 6 7 6 5 6 6 3 6 7 4 6 7 7 7 5 6 4 6 7 7 5 6 6 7 7 6 7 6 6 5 5 7 8 5 7 7 6 6 7 6 7 5 7 7 5 7 8 5 8 7 6 6 7 7 7 7 6 8 6 8 8 6 7 7 6 6 6 8 6 7 7 7 6 7 6 7 6 6 7 8 5 8 5 8 9 7 7 6 8 6 6
26 7 6 7 6 7 6 6 6 7 6 6 8 6 6 6 7 6 8 6 7 6 7 8 8 6 6 6 6 6 6 6 7 8 7 8 6 9 8 7 8 6 6 4 8 7 7 5 9 6 7 7 6 7 7 7 6 5 5 6 5 7 8 6 5 7 8 6 6 8 5 7 7 7 7 7 6 7 5 7 7 8 5 7 5 7 6 9 8 6 5 8 7 6 7 8 7 6 8 6 6
27 4 4 5 5 5 4 4 6 5 5 4 5 4 5 4 5 5 5 4 6 5 4 5 5 4 4 6 5 4 3 5 3 4 4 5 3 4 5 5 5 3 4 4 5 4 5 2 4 4 3 3 6 5 5 4 5 6 5 4 5 4 6 6 3 4 4 4 3 5 4 5 4 5 4 6 5 3 5 2 5 5 4 6 6 5 5 5 5 4 4 4 6 3 5 2 3 4 4 6 5
28 4 6 7 5 5 5 7 6 5 3 5 5 5 3 5 4 4 4 5 5 5 5 5 5 6 5 5 5 5 4 2 4 5 4 6 5 6 4 2 5 5 5 5 5 4 4 5 5 4 5 7 5 4 5 4 6 5 5 5 7 4 4 4 5 7 4 5 3 4 6 3 4 4 5 5 5 4 5 5 4 5 5 5 5 5 5 5 4 5 5 5 5 7 3 6 4 5 5 4 4
29 5 4 3 3 5 4 3 3 4 3 5 4 5 3 4 3 2 4 4 4 4 3 4 4 4 6 5 3 3 2 4 5 5 3 3 5 4 2 3 5 3 4 4 3 4 4 4 4 4 3 5 5 5 4 4 5 4 3 3 3 3 4 5 3 5 4 6 4 3 3 3 4 3 2 2 4 3 3 3 4 2 4 5 3 5 4 3 5 4 6 5 2 4 5 6 3 4 4 3 5
30 9 8 6 7 7 7 7 7 6 5 9 7 6 7 7 7 8 7 6 7 8 9 5 7 7 7 8 6 8 7 7 7 6 7 8 10 8 7 10 7 8 7 7 6 7 8 7 7 8 7 6 8 8 7 8 8 7 7 7 7 8 8 7 8 9 8 5 7 8 9 7 8 7 7 7 8 8 6 6 6 8 8 7 9 8 7 7 9 6 6 8 7 8 7 7 8 8 7 7 8
31 7 8 5 8 7 8 5 4 8 7 7 6 7 8 7 7 7 7 6 5 5 7 7 7 8 8 8 7 5 7 7 8 7 7 7 6 7 6 8 7 7 7 9 6 8 8 8 7 7 7 7 6 7 8 5 5 7 6 7 7 7 8 6 7 8 5 8 5 8 7 8 8 9 7 6 8 8 8 7 6 7 8 6 6 6 8 7 5 6 6 6 7 6 7 7 8 7 8 6 7
32 1 1 3 2 2 4 2 2 2 2 2 3 3 1 2 1 3 1 2 3 2 3 2 3 1 2 2 4 2 2 2 2 1 1 3 1 2 1 1 3 3 2 3 1 2 4 1 2 1 1 4 4 3 3 2 2 2 1 1 1 3 2 2 3 2 2 2 1 1 4 2 2 2 3 2 4 2 2 3 2 2 3 2 2 2 2 2 4 1 3 2 3 3 3 4 4 1 2 3 2
33 7 7 8 6 6 8 7 6 6 7 7 7 6 3 7 6 7 8 4 7 7 5 5 5 7 6 6 7 5 8 5 6 6 8 4 7 7 6 9 6 4 6 5 8 7 7 8 7 6 6 6 4 7 5 7 6 7 7 7 4 6 6 4 6 8 6 5 6 6 6 6 5 6 6 6 7 5 7 4 7 6 6 6 6 5 6 7 6 6 7 5 7 5 6 5 5 6 6 6 5
34 4 6 6 5 6 3 4 4 4 5 4 5 5 5 5 5 5 3 5 4 4 5 5 5 5 3 2 6 3 7 6 5 4 4 3 6 2 5 4 6 6 5 6 6 4 5 6 4 4 6 5 5 5 5 5 4 7 6 5 5 4 4 5 4 5 5 5 5 4 4 4 4 6 6 5 4 6 5 6 3 5 5 5 5 3 6 5 5 4 5 4 4 5 6 4 3 6 4 6 5
35 9 9 7 7 8 8 9 8 10 10 9 9 8 6 8 8 9 7 7 10 11 9 9 8 9 7 11 9 9 8 9 10 9 8 10 8 7 8 11 8 8 9 8 7 8 10 8 8 9 9 8 8 9 8 8 9 8 9 7 9 8 9 10 9 9 10 11 9 9 8 10 8 10 8 9 8 9 8 8 8 7 6 7 9 8 9 10 9 8 8 9 10 10 8 8 9 9 10 8 6
36 5 4 4 3 6 3 4 4 5 5 4 5 5 3 3 4 5 6 6 5 4 3 5 5 4 4 4 3 3 5 4 2 5 4 5 4 4 5 4 4 3 6 3 3 4 5 5 4 6 2 2 5 3 3 5 5 5 4 4 5 3 3 3 5 4 2 3 5 3 4 3 6 4 4 5 6 4 4 5 3 5 6 5 4 4 4 2 5 5 5 2 4 3 4 4 3 6 5 4 4
37 5 6 7 6 6 7 4 7 6 5 5 7 6 7 5 6 5 6 6 8 7 5 7 5 6 7 8 5 6 5 5 7 6 7 5 7 5 5 6 5 7 7 7 6 7 7 5 6 5 6 5 6 8 6 8 6 7 7 7 6 7 7 4 6 6 5 6 6 6 6 6 5 6 7 7 7 7 6 7 5 4 6 6 5 6 5 5 7 5 6 5 6 6 7 5 4 7 7 6 7
38 9 8 8 7 8 8 8 6 9 8 8 9 8 7 7 8 7 7 11 9 9 6 8 9 10 7 7 8 5 7 7 7 8 7 8 8 8 7 6 8 6 10 7 7 6 7 7 8 8 8 9 6 7 9 9 6 8 7 7 8 8 9 8 6 8 9 8 6 8 10 9 8 7 7 9 8 8 7 8 8 8 6 7 8 9 9 8 8 9 6 8 7 7 8 9 8 9 8 8 8
39 7 5 7 6 7 6 6 8 6 7 7 6 6 7 7 7 7 6 6 9 8 5 8 7 7 8 8 7 6 7 5 6 6 7 6 7 7 9 7 8 7 6 6 6 7 8 5 8 8 8 6 7 8 9 6 8 8 7 6 8 8 6 6 8 7 7 8 6 7 8 8 7 6 7 7 6 6 6 6 7 9 8 6 9 7 7 6 8 7 8 7 5 7 8 7 7 7 8 7 8
40 5 6 5 7 6 9 6 6 6 6 6 6 8 7 7 6 4 5 7 6 6 8 5 8 6 7 6 6 6 5 7 6 7 5 5 7 7 5 6 6 6 6 8 6 7 6 7 4 7 8 5 4 5 7 6 7 7 6 5 7 6 6 6 6 6 6 5 6 5 5 6 5 6 5 5 5 7 7 6 8 5 5 6 6 7 7 7 5 8 5 5 6 7 7 7 6 7 6 8 7
41 3 4 3 5 6 3 3 4 4 3 4 6 4 4 3 7 4 5 3 6 4 5 4 5 6 5 4 5 4 6 4 3 3 3 4 4 5 5 4 3 3 4 4 4 4 4 3 5 5 6 4 4 4 5 5 3 5 5 5 4 5 4 6 4 4 4 5 6 3 5 4 4 4 3 5 3 5 4 3 5 4 6 7 5 4 5 3 4 4 4 6 5 5 4 5 4 3 1 4 3
42 3 5 4 4 4 5 4 4 3 2 4 4 3 4 4 4 3 3 4 5 4 3 4 4 2 3 3 3 7 4 4 6 6 5 3 5 6 2 3 4 5 4 4 4 2 5 3 4 4 3 3 4 3 4 3 5 5 3 4 3 3 5 5 4 3 5 5 5 6 3 4 3 4 3 4 3 4 2 3 5 3 5 4 2 3 5 5 4 4 5 3 5 4 6 3 5 4 5 3 5
43 6 8 5 5 6 6 5 6 6 6 6 6 7 7 8 7 4 6 7 7 7 7 7 6 5 8 7 7 6 5 7 5 7 6 6 6 6 8 7 7 5 5 8 8 7 5 6 6 8 6 5 6 6 7 7 7 6 5 4 7 7 6 8 6 7 6 7 6 7 7 7 6 6 6 7 6 6 7 7 5 6 6 7 8 7 8 7 6 6 5 7 6 7 7 5 7 8 8 8 6
44 7 5 7 7 6 5 6 7 5 7 4 6 7 6 4 8 4 7 6 6 6 5 5 7 6 6 5 6 5 3 5 6 5 3 4 6 6 4 5 5 5 6 6 6 5 6 4 7 5 6 7 4 4 5 4 4 5 5 6 3 8 6 5 4 8 5 5 6 6 4 7 3 5 4 4 6 6 4 5 6 6 4 7 6 7 5 6 5 5 8 6 8 5 5 7 7 4 5 6 6
45 7 7 7 4 6 8 4 7 4 6 7 7 5 6 7 6 6 5 7 6 7 4 6 6 7 5 7 6 7 6 5 7 7 5 8 7 6 7 7 5 6 7 7 5 6 6 7 5 7 5 5 7 6 4 6 5 7 5 7 6 6 5 7 8 7 5 6 6 5 5 5 5 8 6 6 6 6 7 7 7 7 4 9 8 5 6 6 6 7 5 7 4 6 6 5 6 6 7 5 7
46 4 4 4 5 5 4 5 5 4 5 5 6 4 6 6 4 5 7 6 4 7 3 3 6 5 7 6 7 5 5 7 5 6 5 6 5 4 4 5 4 7 6 6 4 6 6 7 6 6 6 6 4 5 5 4 5 4 7 5 7 5 5 5 5 5 5 5 5 6 6 5 5 6 6 5 6 5 8 4 5 6 6 5 6 7 4 4 7 6 5 6 6 7 6 5 6 5 6 5 6
47 6 5 6 5 5 4 5 5 7 6 6 4 7 7 5 4 6 6 4 6 7 5 6 7 6 4 6 5 6 6 5 5 5 6 7 6 7 4 8 6 6 8 5 8 6 6 3 6 6 4 6 7 4 5 6 4 5 7 5 7 6 5 5 6 6 5 6 6 6 5 3 6 5 8 4 6 7 7 6 5 7 5 5 5 7 5 6 6 7 7 5 7 6 6 4 6 7 5 9 6
48 6 6 4 3 5 2 4 6 4 4 3 5 5 4 5 6 5 5 5 4 4 3 4 5 4 4 4 4 4 4 3 3 3 5 4 4 5 3 4 4 3 4 3 4 4 4 4 3 4 2 7 5 3 3 3 4 4 5 4 4 4 4 4 4 5 4 4 4 4 6 3 4 5 3 3 5 5 2 2 5 4 2 4 3 4 4 4 4 4 4 5 3 3 5 4 3 4 6 3 4
49 3 6 6 5 5 7 6 5 6 7 4 6 8 6 5 6 4 4 5 6 4 6 4 6 6 5 4 6 3 5 4 5 7 4 4 6 7 6 4 4 5 6 5 7 6 6 6 5 5 7 6 5 6 6 5 6 5 5 8 6 5 5 4 5 4 5 6 6 5 6 5 5 5 5 5 6 5 6 5 6 5 4 6 6 5 6 6 5 5 5 5 6 5 3 6 5 5 7 5 6
50 7 7 6 5 5 6 7 6 6 6 5 5 5 5 5 8 7 6 5 6 5 6 6 4 7 6 5 5 5 3 6 6 8 6 5 2 6 6 5 6 6 5 6 6 5 6 7 4 6 4 6 8 5 6 7 5 6 5 6 6 7 5 6 6 4 8 6 5 5 5 7 7 6 6 6 4 6 6 7 6 5 6 5 3 3 6 5 5 4 6 7 6 6 5 5 6 5 5 7 6

Probability_of_each_scenario_occuring:
0.01 0.01 0.01 0.01 0.01 0.01 0.01 0.01 0.01 0.01 0.01 0.01 0.01 0.01 0.01 0.01 0.01 0.01 0.01 0.01 0.01 0.01 0.01 0.01 0.01 0.01 0.01 0.01 0.01 0.01 0.01 0.01 0.01 0.01 0.01 0.01 0.01 0.01 0.01 0.01 0.01 0.01 0.01 0.01 0.01 0.01 0.01 0.01 0.01 0.01 0.01 0.01 0.01 0.01 0.01 0.01 0.01 0.01 0.01 0.01 0.01 0.01 0.01 0.01 0.01 0.01 0.01 0.01 0.01 0.01 0.01 0.01 0.01 0.01 0.01 0.01 0.01 0.01 0.01 0.01 0.01 0.01 0.01 0.01 0.01 0.01 0.01 0.01 0.01 0.01 0.01 0.01 0.01 0.01 0.01 0.01 0.01 0.01 0.01 0.01 

Travel_Costs:
0 1.71 2.31 1.8 2.21 2.23 2.01 2.04 1.52 2.97 1.45 2.92 1.21 1 1.44 2.5 1.46 1.57 3.19 2.31 0.59 2.37 0.29 1.98 0.92 2.29 2.02 2.83 2.39 2.37 2.9 0.84 2.49 1.26 2.51 2.23 2.11 1.22 3.3 2.47 1.93 2.6 2.27 0.51 0.59 1.16 2.53 2.14 2.39 0.78 1.91 
1.71 0 1.77 0.79 3.77 1.4 3.39 2.19 2.21 4.54 0.91 4.03 2.24 2.53 2.92 2.06 1.16 0.25 4.53 0.75 1.13 3.42 1.46 3.66 2.52 3.73 0.7 3.86 1.23 4.05 2.49 0.98 3.87 1.03 4.18 3.94 3.78 1.63 4.65 3.46 3.6 1.23 2.96 2.03 2.21 1.92 2.34 3.78 1.89 1.77 3.42 
2.31 1.77 0 0.98 4.46 3.16 4.32 0.86 3.56 5.2 1.03 3.01 1.79 2.49 3.75 3.79 2.76 1.95 5.5 1.45 2.02 2.46 2.26 4.06 3.2 3.19 2.46 2.8 2.98 4.01 4.24 2.19 3.22 1.12 4.62 4.12 3.77 3.03 3.86 4.71 3.6 1.15 4.36 2.22 2.88 3.19 0.64 3.62 0.13 2.88 3.06 
1.8 0.79 0.98 0 4 2.18 3.74 1.5 2.75 4.77 0.39 3.51 1.86 2.36 3.2 2.83 1.84 0.98 4.91 0.68 1.32 2.9 1.65 3.75 2.71 3.39 1.48 3.32 2 3.94 3.27 1.38 3.49 0.62 4.3 3.93 3.68 2.19 4.23 3.97 3.5 0.81 3.55 1.93 2.38 2.41 1.56 3.61 1.1 2.16 3.15 
2.21 3.77 4.46 4 0 3.63 0.66 3.99 2.03 0.78 3.66 3.74 2.89 2.15 0.86 3.45 2.98 3.57 1.22 4.45 2.71 3.47 2.37 0.75 1.3 2.71 3.82 3.8 3.97 1.72 3.64 2.79 2.95 3.46 0.7 1.21 1.65 2.39 3.52 1.54 1.64 4.79 2.01 2.25 1.63 2.06 4.55 1.94 4.52 2.04 2.35 
2.23 1.4 3.16 2.18 3.63 0 3.07 3.49 1.64 4.34 2.22 5.04 3.23 3.22 2.81 0.71 0.78 1.22 4.03 1.98 1.78 4.46 1.95 3.8 2.64 4.51 0.75 4.92 0.43 4.48 1.12 1.45 4.7 2.27 4.21 4.21 4.22 1.27 5.51 2.77 4.06 2.51 2.13 2.71 2.46 1.59 3.71 4.32 3.28 1.74 4.13 
2.01 3.39 4.32 3.74 0.66 3.07 0 3.97 1.44 1.27 3.43 4.06 2.93 2.26 0.59 2.83 2.48 3.17 1.19 4.11 2.42 3.71 2.1 1.26 1.15 3.08 3.35 4.09 3.44 2.25 3 2.43 3.32 3.25 1.35 1.76 2.12 1.89 3.97 0.93 2.06 4.5 1.36 2.2 1.45 1.55 4.5 2.39 4.39 1.63 2.68 
2.04 2.19 0.86 1.5 3.99 3.49 3.97 0 3.49 4.69 1.3 2.16 1.13 1.88 3.38 4.04 2.94 2.3 5.11 2.12 1.97 1.61 2.1 3.49 2.83 2.37 2.88 1.94 3.4 3.29 4.49 2.24 2.38 1.22 4.04 3.47 3.06 3.03 3 4.5 2.91 1.95 4.27 1.77 2.54 3.11 0.58 2.88 0.82 2.75 2.29 
1.52 2.21 3.56 2.75 2.03 1.64 1.44 3.49 0 2.71 2.55 4.34 2.73 2.34 1.26 1.44 1.12 1.96 2.43 2.95 1.56 3.84 1.4 2.33 1.32 3.55 1.99 4.29 2.02 3.16 1.7 1.39 3.78 2.45 2.65 2.79 2.94 0.58 4.56 1.27 2.81 3.42 0.81 1.98 1.32 0.38 3.92 3.12 3.65 0.75 3.13 
2.97 4.54 5.2 4.77 0.78 4.34 1.27 4.69 2.71 0 4.42 4.17 3.57 2.82 1.63 4.09 3.72 4.34 0.98 5.23 3.48 3.99 3.14 1.24 2.07 3.13 4.58 4.27 4.7 1.98 4.24 3.56 3.35 4.22 0.77 1.5 2.01 3.13 3.8 1.93 2.06 5.56 2.54 2.98 2.39 2.79 5.25 2.31 5.25 2.81 2.83 
1.45 0.91 1.03 0.39 3.66 2.22 3.43 1.3 2.55 4.42 0 3.19 1.49 1.97 2.88 2.81 1.75 1.02 4.61 1.05 1.03 2.58 1.33 3.38 2.37 3.02 1.59 3.01 2.11 3.55 3.26 1.17 3.13 0.23 3.93 3.54 3.29 2.01 3.88 3.73 3.11 1.19 3.35 1.55 2.04 2.19 1.5 3.22 1.14 1.9 2.76 
2.92 4.03 3.01 3.51 3.74 5.04 4.06 2.16 4.34 4.17 3.19 0 1.83 2.01 3.58 5.4 4.32 4.04 4.94 4.18 3.27 0.61 3.16 3.01 3.15 1.05 4.62 0.24 5.1 2.24 5.81 3.6 0.83 3.01 3.41 2.68 2.17 4.13 0.94 4.89 2.13 4.09 4.96 2.42 3.04 4.02 2.55 1.87 2.96 3.66 1.4 
1.21 2.24 1.79 1.86 2.89 3.23 2.93 1.13 2.73 3.57 1.49 1.83 0 0.76 2.35 3.62 2.52 2.23 4.04 2.53 1.46 1.23 1.4 2.36 1.8 1.53 2.81 1.7 3.28 2.23 4.05 1.79 1.65 1.28 2.92 2.36 1.98 2.4 2.42 3.57 1.82 2.59 3.45 0.78 1.56 2.37 1.7 1.84 1.8 1.99 1.31 
1 2.53 2.49 2.36 2.15 3.22 2.26 1.88 2.34 2.82 1.97 2.01 0.76 0 1.7 3.47 2.45 2.45 3.33 2.98 1.5 1.53 1.27 1.61 1.19 1.3 2.96 1.96 3.36 1.59 3.86 1.8 1.5 1.74 2.17 1.64 1.33 2.17 2.31 2.98 1.15 3.14 2.98 0.53 1.04 2.03 2.45 1.27 2.51 1.67 0.92 
1.44 2.92 3.75 3.2 0.86 2.81 0.59 3.38 1.26 1.63 2.88 3.58 2.35 1.7 0 2.7 2.13 2.72 1.76 3.62 1.89 3.18 1.56 1.08 0.56 2.63 2.97 3.58 3.13 1.98 2.94 1.95 2.88 2.7 1.41 1.56 1.8 1.55 3.58 1.32 1.7 3.98 1.51 1.62 0.87 1.22 3.92 2.03 3.82 1.19 2.22 
2.5 2.06 3.79 2.83 3.45 0.71 2.83 4.04 1.44 4.09 2.81 5.4 3.62 3.47 2.7 0 1.12 1.85 3.65 2.68 2.18 4.84 2.25 3.76 2.68 4.76 1.45 5.3 1.09 4.54 0.45 1.86 4.97 2.83 4.08 4.21 4.31 1.33 5.77 2.34 4.16 3.2 1.67 3 2.57 1.56 4.31 4.45 3.91 1.84 4.35 
1.46 1.16 2.76 1.84 2.98 0.78 2.48 2.94 1.12 3.72 1.75 4.32 2.52 2.45 2.13 1.12 0 0.92 3.54 1.89 1.07 3.74 1.19 3.08 1.9 3.75 0.88 4.21 1.02 3.71 1.56 0.74 3.94 1.74 3.51 3.46 3.46 0.6 4.75 2.37 3.29 2.39 1.82 1.95 1.69 0.93 3.24 3.55 2.88 0.99 3.36 
1.57 0.25 1.95 0.98 3.57 1.22 3.17 2.3 1.96 4.34 1.02 4.04 2.23 2.45 2.72 1.85 0.92 0 4.3 0.99 0.98 3.43 1.31 3.5 2.33 3.68 0.6 3.89 1.11 3.93 2.29 0.79 3.83 1.1 4 3.79 3.66 1.39 4.63 3.22 3.48 1.48 2.72 1.93 2.04 1.68 2.5 3.68 2.07 1.55 3.35 
3.19 4.53 5.5 4.91 1.22 4.03 1.19 5.11 2.43 0.98 4.61 4.94 4.04 3.33 1.76 3.65 3.54 4.3 0 5.26 3.59 4.68 3.28 1.94 2.31 3.91 4.42 5.01 4.43 2.84 3.69 3.59 4.15 4.44 1.64 2.33 2.82 2.96 4.67 1.31 2.83 5.67 1.98 3.35 2.62 2.64 5.66 3.12 5.57 2.78 3.56 
2.31 0.75 1.45 0.68 4.45 1.98 4.11 2.12 2.95 5.23 1.05 4.18 2.53 2.98 3.62 2.68 1.89 0.99 5.26 0 1.75 3.58 2.1 4.28 3.17 4.06 1.24 3.99 1.69 4.56 3.09 1.69 4.17 1.26 4.81 4.5 4.29 2.38 4.91 4.21 4.11 0.53 3.7 2.52 2.86 2.66 2.08 4.24 1.56 2.49 3.8 
0.59 1.13 2.02 1.32 2.71 1.78 2.42 1.97 1.56 3.48 1.03 3.27 1.46 1.5 1.89 2.18 1.07 0.98 3.59 1.75 0 2.69 0.35 2.55 1.43 2.77 1.47 3.15 1.88 2.95 2.61 0.33 2.95 0.9 3.07 2.82 2.68 1.07 3.75 2.7 2.51 2.09 2.36 0.98 1.11 1.18 2.37 2.71 2.11 0.87 2.41 
2.37 3.42 2.46 2.9 3.47 4.46 3.71 1.61 3.84 3.99 2.58 0.61 1.23 1.53 3.18 4.84 3.74 3.43 4.68 3.58 2.69 0 2.6 2.78 2.71 0.99 4.02 0.47 4.5 2.17 5.26 3.01 0.89 2.4 3.25 2.54 2.03 3.58 1.4 4.49 1.94 3.51 4.5 1.88 2.56 3.5 2.05 1.76 2.42 3.13 1.17 
0.29 1.46 2.26 1.65 2.37 1.95 2.1 2.1 1.4 3.14 1.33 3.16 1.4 1.27 1.56 2.25 1.19 1.31 3.28 2.1 0.35 2.6 0 2.21 1.08 2.56 1.74 3.06 2.11 2.65 2.66 0.56 2.76 1.17 2.73 2.49 2.38 1.01 3.57 2.45 2.21 2.43 2.18 0.77 0.76 1.02 2.55 2.43 2.35 0.65 2.18 
1.98 3.66 4.06 3.75 0.75 3.8 1.26 3.49 2.33 1.24 3.38 3.01 2.36 1.61 1.08 3.76 3.08 3.5 1.94 4.28 2.55 2.78 2.21 0 1.19 1.97 3.85 3.08 4.1 0.99 4.02 2.72 2.21 3.16 0.57 0.51 0.9 2.54 2.77 2.18 0.89 4.55 2.54 1.86 1.46 2.24 4.06 1.19 4.1 2.09 1.63 
0.92 2.52 3.2 2.71 1.3 2.64 1.15 2.83 1.32 2.07 2.37 3.15 1.8 1.19 0.56 2.68 1.9 2.33 2.31 3.17 1.43 2.71 1.08 1.19 0 2.27 2.67 3.13 2.92 1.87 2.99 1.55 2.51 2.18 1.67 1.57 1.64 1.39 3.26 1.79 1.5 3.5 1.83 1.06 0.33 1.12 3.36 1.8 3.27 0.91 1.85 
2.29 3.73 3.19 3.39 2.71 4.51 3.08 2.37 3.55 3.13 3.02 1.05 1.53 1.3 2.63 4.76 3.75 3.68 3.91 4.06 2.77 0.99 2.56 1.97 2.27 0 4.22 1.15 4.64 1.22 5.14 3.08 0.25 2.8 2.37 1.64 1.13 3.44 1.02 3.94 1.09 4.1 4.09 1.81 2.24 3.27 2.9 0.83 3.17 2.94 0.43 
2.02 0.7 2.46 1.48 3.82 0.75 3.35 2.88 1.99 4.58 1.59 4.62 2.81 2.96 2.97 1.45 0.88 0.6 4.42 1.24 1.47 4.02 1.74 3.85 2.67 4.22 0 4.47 0.53 4.38 1.86 1.19 4.39 1.69 4.32 4.19 4.12 1.47 5.19 3.23 3.94 1.76 2.65 2.44 2.41 1.8 3.04 4.16 2.58 1.79 3.87 
2.83 3.86 2.8 3.32 3.8 4.92 4.09 1.94 4.29 4.27 3.01 0.24 1.7 1.96 3.58 5.3 4.21 3.89 5.01 3.99 3.15 0.47 3.06 3.08 3.13 1.15 4.47 0 4.96 2.36 5.72 3.48 0.96 2.84 3.51 2.78 2.27 4.04 1.17 4.89 2.21 3.88 4.93 2.34 3 3.96 2.32 1.97 2.73 3.59 1.46 
2.39 1.23 2.98 2 3.97 0.43 3.44 3.4 2.02 4.7 2.11 5.1 3.28 3.36 3.13 1.09 1.02 1.11 4.43 1.69 1.88 4.5 2.11 4.1 2.92 4.64 0.53 4.96 0 4.71 1.45 1.57 4.82 2.2 4.52 4.47 4.45 1.59 5.63 3.18 4.28 2.21 2.55 2.84 2.7 1.92 3.56 4.52 3.1 2.01 4.28 
2.37 4.05 4.01 3.94 1.72 4.48 2.25 3.29 3.16 1.98 3.55 2.24 2.23 1.59 1.98 4.54 3.71 3.93 2.84 4.56 2.95 2.17 2.65 0.99 1.87 1.22 4.38 2.36 4.71 0 4.85 3.2 1.41 3.33 1.22 0.52 0.27 3.25 1.83 3.17 0.45 4.73 3.48 2.04 2.02 2.99 3.86 0.43 4.02 2.75 1.04 
2.9 2.49 4.24 3.27 3.64 1.12 3 4.49 1.7 4.24 3.26 5.81 4.05 3.86 2.94 0.45 1.56 2.29 3.69 3.09 2.61 5.26 2.66 4.02 2.99 5.14 1.86 5.72 1.45 4.85 0 2.3 5.35 3.28 4.3 4.48 4.63 1.7 6.15 2.39 4.49 3.62 1.73 3.4 2.92 1.89 4.76 4.78 4.36 2.2 4.73 
0.84 0.98 2.19 1.38 2.79 1.45 2.43 2.24 1.39 3.56 1.17 3.6 1.79 1.8 1.95 1.86 0.74 0.79 3.59 1.69 0.33 3.01 0.56 2.72 1.55 3.08 1.19 3.48 1.57 3.2 2.3 0 3.26 1.09 3.21 3.02 2.93 0.85 4.07 2.6 2.76 2.09 2.19 1.28 1.26 1.04 2.6 2.98 2.29 0.81 2.71 
2.49 3.87 3.22 3.49 2.95 4.7 3.32 2.38 3.78 3.35 3.13 0.83 1.65 1.5 2.88 4.97 3.94 3.83 4.15 4.17 2.95 0.89 2.76 2.21 2.51 0.25 4.39 0.96 4.82 1.41 5.35 3.26 0 2.92 2.59 1.86 1.35 3.66 0.81 4.19 1.32 4.18 4.33 2 2.47 3.5 2.89 1.05 3.19 3.16 0.67 
1.26 1.03 1.12 0.62 3.46 2.27 3.25 1.22 2.45 4.22 0.23 3.01 1.28 1.74 2.7 2.83 1.74 1.1 4.44 1.26 0.9 2.4 1.17 3.16 2.18 2.8 1.69 2.84 2.2 3.33 3.28 1.09 2.92 0 3.72 3.32 3.06 1.93 3.68 3.6 2.88 1.41 3.25 1.33 1.85 2.08 1.52 3 1.21 1.77 2.54 
2.51 4.18 4.62 4.3 0.7 4.21 1.35 4.04 2.65 0.77 3.93 3.41 2.92 2.17 1.41 4.08 3.51 4 1.64 4.81 3.07 3.25 2.73 0.57 1.67 2.37 4.32 3.51 4.52 1.22 4.3 3.21 2.59 3.72 0 0.73 1.25 2.95 3.05 2.23 1.31 5.1 2.7 2.42 1.97 2.62 4.62 1.55 4.66 2.54 2.08 
2.23 3.94 4.12 3.93 1.21 4.21 1.76 3.47 2.79 1.5 3.54 2.68 2.36 1.64 1.56 4.21 3.46 3.79 2.33 4.5 2.82 2.54 2.49 0.51 1.57 1.64 4.19 2.78 4.47 0.52 4.48 3.02 1.86 3.32 0.73 0 0.52 2.95 2.34 2.68 0.61 4.73 3.04 2 1.79 2.66 4.04 0.82 4.15 2.48 1.37 
2.11 3.78 3.77 3.68 1.65 4.22 2.12 3.06 2.94 2.01 3.29 2.17 1.98 1.33 1.8 4.31 3.46 3.66 2.82 4.29 2.68 2.03 2.38 0.9 1.64 1.13 4.12 2.27 4.45 0.27 4.63 2.93 1.35 3.06 1.25 0.52 0 3.01 1.88 3.03 0.19 4.46 3.31 1.78 1.77 2.75 3.63 0.31 3.78 2.5 0.87 
1.22 1.63 3.03 2.19 2.39 1.27 1.89 3.03 0.58 3.13 2.01 4.13 2.4 2.17 1.55 1.33 0.6 1.39 2.96 2.38 1.07 3.58 1.01 2.54 1.39 3.44 1.47 4.04 1.59 3.25 1.7 0.85 3.66 1.93 2.95 2.95 3.01 0 4.46 1.84 2.85 2.84 1.36 1.72 1.25 0.34 3.42 3.13 3.13 0.52 3.03 
3.3 4.65 3.86 4.23 3.52 5.51 3.97 3 4.56 3.8 3.88 0.94 2.42 2.31 3.58 5.77 4.75 4.63 4.67 4.91 3.75 1.4 3.57 2.77 3.26 1.02 5.19 1.17 5.63 1.83 6.15 4.07 0.81 3.68 3.05 2.34 1.88 4.46 0 4.87 1.92 4.88 5.06 2.81 3.25 4.28 3.44 1.59 3.82 3.95 1.44 
2.47 3.46 4.71 3.97 1.54 2.77 0.93 4.5 1.27 1.93 3.73 4.89 3.57 2.98 1.32 2.34 2.37 3.22 1.31 4.21 2.7 4.49 2.45 2.18 1.79 3.94 3.23 4.89 3.18 3.17 2.39 2.6 4.19 3.6 2.23 2.68 3.03 1.84 4.87 0 2.96 4.66 0.68 2.79 2.01 1.57 4.99 3.29 4.79 1.83 3.53 
1.93 3.6 3.6 3.5 1.64 4.06 2.06 2.91 2.81 2.06 3.11 2.13 1.82 1.15 1.7 4.16 3.29 3.48 2.83 4.11 2.51 1.94 2.21 0.89 1.5 1.09 3.94 2.21 4.28 0.45 4.49 2.76 1.32 2.88 1.31 0.61 0.19 2.85 1.92 2.96 0 4.28 3.21 1.59 1.61 2.61 3.48 0.33 3.61 2.35 0.78 
2.6 1.23 1.15 0.81 4.79 2.51 4.5 1.95 3.42 5.56 1.19 4.09 2.59 3.14 3.98 3.2 2.39 1.48 5.67 0.53 2.09 3.51 2.43 4.55 3.5 4.1 1.76 3.88 2.21 4.73 3.62 2.09 4.18 1.41 5.1 4.73 4.46 2.84 4.88 4.66 4.28 0 4.19 2.73 3.18 3.1 1.77 4.38 1.25 2.89 3.89 
2.27 2.96 4.36 3.55 2.01 2.13 1.36 4.27 0.81 2.54 3.35 4.96 3.45 2.98 1.51 1.67 1.82 2.72 1.98 3.7 2.36 4.5 2.18 2.54 1.83 4.09 2.65 4.93 2.55 3.48 1.73 2.19 4.33 3.25 2.7 3.04 3.31 1.36 5.06 0.68 3.21 4.19 0 2.68 1.94 1.18 4.72 3.53 4.46 1.53 3.66 
0.51 2.03 2.22 1.93 2.25 2.71 2.2 1.77 1.98 2.98 1.55 2.42 0.78 0.53 1.62 3 1.95 1.93 3.35 2.52 0.98 1.88 0.77 1.86 1.06 1.81 2.44 2.34 2.84 2.04 3.4 1.28 2 1.33 2.42 2 1.78 1.72 2.81 2.79 1.59 2.73 2.68 0 0.79 1.63 2.32 1.76 2.27 1.26 1.44 
0.59 2.21 2.88 2.38 1.63 2.46 1.45 2.54 1.32 2.39 2.04 3.04 1.56 1.04 0.87 2.57 1.69 2.04 2.62 2.86 1.11 2.56 0.76 1.46 0.33 2.24 2.41 3 2.7 2.02 2.92 1.26 2.47 1.85 1.97 1.79 1.77 1.25 3.25 2.01 1.61 3.18 1.94 0.79 0 1.04 3.06 1.89 2.95 0.74 1.82 
1.16 1.92 3.19 2.41 2.06 1.59 1.55 3.11 0.38 2.79 2.19 4.02 2.37 2.03 1.22 1.56 0.93 1.68 2.64 2.66 1.18 3.5 1.02 2.24 1.12 3.27 1.8 3.96 1.92 2.99 1.89 1.04 3.5 2.08 2.62 2.66 2.75 0.34 4.28 1.57 2.61 3.1 1.18 1.63 1.04 0 3.54 2.9 3.29 0.38 2.85 
2.53 2.34 0.64 1.56 4.55 3.71 4.5 0.58 3.92 5.25 1.5 2.55 1.7 2.45 3.92 4.31 3.24 2.5 5.66 2.08 2.37 2.05 2.55 4.06 3.36 2.9 3.04 2.32 3.56 3.86 4.76 2.6 2.89 1.52 4.62 4.04 3.63 3.42 3.44 4.99 3.48 1.77 4.72 2.32 3.06 3.54 0 3.45 0.53 3.2 2.85 
2.14 3.78 3.62 3.61 1.94 4.32 2.39 2.88 3.12 2.31 3.22 1.87 1.84 1.27 2.03 4.45 3.55 3.68 3.12 4.24 2.71 1.76 2.43 1.19 1.8 0.83 4.16 1.97 4.52 0.43 4.78 2.98 1.05 3 1.55 0.82 0.31 3.13 1.59 3.29 0.33 4.38 3.53 1.76 1.89 2.9 3.45 0 3.63 2.62 0.62 
2.39 1.89 0.13 1.1 4.52 3.28 4.39 0.82 3.65 5.25 1.14 2.96 1.8 2.51 3.82 3.91 2.88 2.07 5.57 1.56 2.11 2.42 2.35 4.1 3.27 3.17 2.58 2.73 3.1 4.02 4.36 2.29 3.19 1.21 4.66 4.15 3.78 3.13 3.82 4.79 3.61 1.25 4.46 2.27 2.95 3.29 0.53 3.63 0 2.97 3.06 
0.78 1.77 2.88 2.16 2.04 1.74 1.63 2.75 0.75 2.81 1.9 3.66 1.99 1.67 1.19 1.84 0.99 1.55 2.78 2.49 0.87 3.13 0.65 2.09 0.91 2.94 1.79 3.59 2.01 2.75 2.2 0.81 3.16 1.77 2.54 2.48 2.5 0.52 3.95 1.83 2.35 2.89 1.53 1.26 0.74 0.38 3.2 2.62 2.97 0 2.53 
1.91 3.42 3.06 3.15 2.35 4.13 2.68 2.29 3.13 2.83 2.76 1.4 1.31 0.92 2.22 4.35 3.36 3.35 3.56 3.8 2.41 1.17 2.18 1.63 1.85 0.43 3.87 1.46 4.28 1.04 4.73 2.71 0.67 2.54 2.08 1.37 0.87 3.03 1.44 3.53 0.78 3.89 3.66 1.44 1.82 2.85 2.85 0.62 3.06 2.53 0 
