Number_Of_Customers: 30
Vehicle_Capacity:    50
Alpha:               0.75
Number_Of_Scenarios: 3

Location_Coordinates:
0 0 0
1 2.22388 1.79612
2 2.37937 0.000857917
3 -0.580991 0.288208
4 -1.08959 2.30368
5 -2.12056 -0.306079
6 0.73674 2.39693
7 0.224498 -1.8595
8 2.34624 -1.75422
9 1.89248 1.85998
10 0.711595 -0.227557
11 0.457122 -2.15041
12 -1.88314 0.13182
13 0.503617 -0.708724
14 -1.51982 1.30652
15 -1.35219 -1.18
16 -2.33395 -1.72582
17 -0.884914 2.25656
18 0.961063 -2.41411
19 1.05354 1.84014
20 2.16109 1.42944
21 -0.42647 2.31392
22 0.115206 1.26674
23 0.178872 1.30169
24 2.42262 2.03953
25 -1.60982 -1.25498
26 -2.38167 1.23717
27 -1.88386 -1.99166
28 1.2352 0.0889034
29 -0.799931 0.553568
30 -1.17456 -0.877975

Demand_per_scenario:
1 3 3 4
2 5 7 9
3 7 9 12
4 3 4 5
5 4 6 7
6 5 6 8
7 3 4 5
8 5 7 9
9 4 5 7
10 5 7 8
11 4 5 7
12 4 5 7
13 3 3 4
14 4 5 6
15 7 9 12
16 4 6 7
17 5 7 9
18 4 6 7
19 5 7 9
20 5 6 8
21 4 5 6
22 5 7 9
23 5 7 9
24 3 4 5
25 4 6 7
26 2 2 3
27 3 4 5
28 5 6 8
29 5 6 8
30 3 4 5

Probability_of_each_scenario_occuring:
0.333333 0.333333 0.333333 

Travel_Costs:
0 2.86 2.38 0.65 2.55 2.15 2.51 1.88 2.93 2.66 0.75 2.2 1.89 0.87 2.01 1.8 2.91 2.43 2.6 2.13 2.6 2.36 1.28 1.32 3.17 2.05 2.69 2.75 1.24 0.98 1.47 
2.86 0 1.81 3.19 3.36 4.83 1.61 4.17 3.56 0.34 2.53 4.33 4.44 3.04 3.78 4.66 5.77 3.15 4.4 1.18 0.38 2.71 2.18 2.11 0.32 4.9 4.64 5.59 1.98 3.27 4.33 
2.38 1.81 0 2.98 4.17 4.52 2.91 2.85 1.76 1.93 1.69 2.89 4.27 2.01 4.12 3.92 5.02 3.97 2.81 2.27 1.45 3.64 2.6 2.56 2.04 4.19 4.92 4.71 1.15 3.23 3.67 
0.65 3.19 2.98 0 2.08 1.66 2.49 2.3 3.57 2.94 1.4 2.66 1.32 1.48 1.39 1.66 2.68 2 3.12 2.26 2.98 2.04 1.21 1.27 3.48 1.86 2.04 2.63 1.83 0.35 1.31 
2.55 3.36 4.17 2.08 0 2.81 1.83 4.37 5.32 3.02 3.11 4.72 2.32 3.41 1.09 3.5 4.22 0.22 5.15 2.2 3.37 0.67 1.59 1.62 3.53 3.6 1.68 4.37 3.22 1.78 3.19 
2.15 4.83 4.52 1.66 2.81 0 3.94 2.82 4.7 4.57 2.84 3.17 0.5 2.66 1.73 1.17 1.44 2.85 3.74 3.84 4.63 3.12 2.74 2.81 5.12 1.08 1.57 1.71 3.38 1.58 1.11 
2.51 1.61 2.91 2.49 1.83 3.94 0 4.29 4.46 1.28 2.63 4.56 3.47 3.12 2.51 4.15 5.15 1.63 4.82 0.65 1.73 1.17 1.29 1.23 1.73 4.35 3.33 5.12 2.37 2.4 3.8 
1.88 4.17 2.85 2.3 4.37 2.82 4.29 0 2.13 4.08 1.71 0.38 2.9 1.19 3.62 1.72 2.57 4.27 0.93 3.8 3.82 4.23 3.13 3.17 4.48 1.94 4.05 2.12 2.2 2.63 1.71 
2.93 3.56 1.76 3.57 5.32 4.7 4.46 2.13 0 3.65 2.24 1.94 4.64 2.12 4.94 3.75 4.69 5.16 1.54 3.82 3.19 4.93 3.76 3.75 3.8 3.99 5.6 4.24 2.16 3.91 3.63 
2.66 0.34 1.93 2.94 3.02 4.57 1.28 4.08 3.65 0 2.4 4.26 4.16 2.93 3.46 4.45 5.55 2.81 4.38 0.84 0.51 2.37 1.88 1.81 0.56 4.69 4.32 5.4 1.89 3 4.12 
0.75 2.53 1.69 1.4 3.11 2.84 2.63 1.71 2.24 2.4 0 1.94 2.62 0.53 2.71 2.28 3.4 2.96 2.21 2.1 2.21 2.79 1.61 1.62 2.85 2.54 3.43 3.14 0.62 1.71 2 
2.2 4.33 2.89 2.66 4.72 3.17 4.56 0.38 1.94 4.26 1.94 0 3.27 1.45 3.99 2.06 2.83 4.61 0.57 4.04 3.97 4.56 3.44 3.47 4.63 2.26 4.42 2.35 2.38 2.99 2.07 
1.89 4.44 4.27 1.32 2.32 0.5 3.47 2.9 4.64 4.16 2.62 3.27 0 2.54 1.23 1.42 1.92 2.35 3.82 3.4 4.25 2.63 2.3 2.38 4.71 1.42 1.22 2.13 3.12 1.17 1.24 
0.87 3.04 2.01 1.48 3.41 2.66 3.12 1.19 2.12 2.93 0.53 1.45 2.54 0 2.86 1.92 3.02 3.28 1.77 2.61 2.71 3.17 2.02 2.04 3.36 2.19 3.49 2.72 1.09 1.82 1.69 
2.01 3.78 4.12 1.39 1.09 1.73 2.51 3.62 4.94 3.46 2.71 3.99 1.23 2.86 0 2.5 3.14 1.15 4.48 2.63 3.69 1.49 1.64 1.7 4.02 2.57 0.87 3.32 3.02 1.05 2.22 
1.8 4.66 3.92 1.66 3.5 1.17 4.15 1.72 3.75 4.45 2.28 2.06 1.42 1.92 2.5 0 1.13 3.47 2.63 3.87 4.38 3.62 2.86 2.92 4.97 0.27 2.63 0.98 2.89 1.82 0.36 
2.91 5.77 5.02 2.68 4.22 1.44 5.15 2.57 4.69 5.55 3.4 2.83 1.92 3.02 3.14 1.13 0 4.24 3.37 4.92 5.5 4.47 3.87 3.94 6.07 0.87 2.97 0.53 4.01 2.75 1.44 
2.43 3.15 3.97 2 0.22 2.85 1.63 4.27 5.16 2.81 2.96 4.61 2.35 3.28 1.15 3.47 4.24 0 5.03 1.99 3.16 0.47 1.41 1.43 3.32 3.59 1.82 4.37 3.04 1.71 3.15 
2.6 4.4 2.81 3.12 5.15 3.74 4.82 0.93 1.54 4.38 2.21 0.57 3.82 1.77 4.48 2.63 3.37 5.03 0 4.26 4.03 4.93 3.78 3.8 4.69 2.83 4.96 2.88 2.52 3.46 2.64 
2.13 1.18 2.27 2.26 2.2 3.84 0.65 3.8 3.82 0.84 2.1 4.04 3.4 2.61 2.63 3.87 4.92 1.99 4.26 0 1.19 1.56 1.1 1.03 1.39 4.09 3.49 4.83 1.77 2.26 3.52 
2.6 0.38 1.45 2.98 3.37 4.63 1.73 3.82 3.19 0.51 2.21 3.97 4.25 2.71 3.69 4.38 5.5 3.16 4.03 1.19 0 2.74 2.06 1.99 0.67 4.63 4.55 5.3 1.63 3.09 4.06 
2.36 2.71 3.64 2.04 0.67 3.12 1.17 4.23 4.93 2.37 2.79 4.56 2.63 3.17 1.49 3.62 4.47 0.47 4.93 1.56 2.74 0 1.18 1.18 2.87 3.76 2.24 4.55 2.78 1.8 3.28 
1.28 2.18 2.6 1.21 1.59 2.74 1.29 3.13 3.76 1.88 1.61 3.44 2.3 2.02 1.64 2.86 3.87 1.41 3.78 1.1 2.06 1.18 0 0.08 2.44 3.06 2.5 3.83 1.63 1.17 2.51 
1.32 2.11 2.56 1.27 1.62 2.81 1.23 3.17 3.75 1.81 1.62 3.47 2.38 2.04 1.7 2.92 3.94 1.43 3.8 1.03 1.99 1.18 0.08 0 2.37 3.13 2.57 3.89 1.61 1.24 2.57 
3.17 0.32 2.04 3.48 3.53 5.12 1.73 4.48 3.8 0.56 2.85 4.63 4.71 3.36 4.02 4.97 6.07 3.32 4.69 1.39 0.67 2.87 2.44 2.37 0 5.21 4.88 5.9 2.29 3.55 4.64 
2.05 4.9 4.19 1.86 3.6 1.08 4.35 1.94 3.99 4.69 2.54 2.26 1.42 2.19 2.57 0.27 0.87 3.59 2.83 4.09 4.63 3.76 3.06 3.13 5.21 0 2.61 0.79 3.15 1.99 0.58 
2.69 4.64 4.92 2.04 1.68 1.57 3.33 4.05 5.6 4.32 3.43 4.42 1.22 3.49 0.87 2.63 2.97 1.82 4.96 3.49 4.55 2.24 2.5 2.57 4.88 2.61 0 3.27 3.8 1.73 2.44 
2.75 5.59 4.71 2.63 4.37 1.71 5.12 2.12 4.24 5.4 3.14 2.35 2.13 2.72 3.32 0.98 0.53 4.37 2.88 4.83 5.3 4.55 3.83 3.89 5.9 0.79 3.27 0 3.75 2.77 1.33 
1.24 1.98 1.15 1.83 3.22 3.38 2.37 2.2 2.16 1.89 0.62 2.38 3.12 1.09 3.02 2.89 4.01 3.04 2.52 1.77 1.63 2.78 1.63 1.61 2.29 3.15 3.8 3.75 0 2.09 2.6 
0.98 3.27 3.23 0.35 1.78 1.58 2.4 2.63 3.91 3 1.71 2.99 1.17 1.82 1.05 1.82 2.75 1.71 3.46 2.26 3.09 1.8 1.17 1.24 3.55 1.99 1.73 2.77 2.09 0 1.48 
1.47 4.33 3.67 1.31 3.19 1.11 3.8 1.71 3.63 4.12 2 2.07 1.24 1.69 2.22 0.36 1.44 3.15 2.64 3.52 4.06 3.28 2.51 2.57 4.64 0.58 2.44 1.33 2.6 1.48 0 
