Number_Of_Customers: 20
Vehicle_Capacity:    50
Alpha:               0.75
Number_Of_Scenarios: 3

Location_Coordinates:
0 0 0
1 0.150981 -2.46359
2 -0.609329 -0.986667
3 2.08229 2.0807
4 0.303715 -0.453882
5 1.60887 0.220506
6 1.04977 -1.53115
7 0.959826 1.79483
8 0.657826 1.07751
9 -0.260371 -1.04744
10 0.736682 1.40917
11 -1.15974 -1.80722
12 1.11309 -2.30725
13 2.05357 -0.641031
14 1.19568 0.773063
15 -2.13327 1.05239
16 -2.42345 -1.00451
17 2.15755 1.89832
18 0.0187745 0.542754
19 2.05973 -2.06929
20 1.50725 2.36934

Demand_per_scenario:
1 5 6 7
2 4 5 5
3 5 7 8
4 5 7 8
5 5 7 8
6 4 6 7
7 4 5 5
8 5 6 7
9 5 7 8
10 2 3 4
11 5 6 8
12 4 5 5
13 4 5 6
14 5 6 7
15 4 5 6
16 5 6 7
17 4 6 7
18 5 7 8
19 4 5 6
20 3 4 4

Probability_of_each_scenario_occuring:
0.333333 0.333333 0.333333 

Travel_Costs:
0 2.47 1.16 2.95 0.55 1.63 1.86 2.04 1.27 1.08 1.6 2.15 2.57 2.16 1.43 2.38 2.63 2.88 0.55 2.92 2.81 
2.47 0 1.67 4.94 2.02 3.06 1.3 4.34 3.58 1.48 3.92 1.47 0.98 2.64 3.41 4.2 2.96 4.81 3.01 1.95 5.02 
1.16 1.67 0 4.09 1.06 2.53 1.75 3.2 2.43 0.36 2.75 0.99 2.18 2.69 2.53 2.55 1.82 4 1.66 2.89 3.97 
2.95 4.94 4.09 0 3.1 1.92 3.76 1.16 1.75 3.91 1.51 5.07 4.5 2.73 1.58 4.34 5.47 0.2 2.58 4.16 0.65 
0.55 2.02 1.06 3.1 0 1.47 1.32 2.35 1.58 0.82 1.92 2 2.03 1.76 1.52 2.87 2.79 3 1.04 2.39 3.07 
1.63 3.06 2.53 1.92 1.47 0 1.84 1.71 1.29 2.26 1.48 3.44 2.58 0.97 0.69 3.84 4.22 1.77 1.63 2.34 2.16 
1.86 1.3 1.75 3.76 1.32 1.84 0 3.33 2.64 1.4 2.96 2.23 0.78 1.35 2.31 4.1 3.52 3.61 2.32 1.15 3.93 
2.04 4.34 3.2 1.16 2.35 1.71 3.33 0 0.78 3.1 0.45 4.18 4.11 2.68 1.05 3.19 4.4 1.21 1.57 4.02 0.8 
1.27 3.58 2.43 1.75 1.58 1.29 2.64 0.78 0 2.32 0.35 3.41 3.42 2.22 0.62 2.8 3.72 1.71 0.84 3.45 1.55 
1.08 1.48 0.36 3.91 0.82 2.26 1.4 3.1 2.32 0 2.66 1.18 1.87 2.35 2.34 2.82 2.17 3.82 1.62 2.54 3.85 
1.6 3.92 2.75 1.51 1.92 1.48 2.96 0.45 0.35 2.66 0 3.74 3.74 2.44 0.79 2.9 3.98 1.51 1.13 3.73 1.24 
2.15 1.47 0.99 5.07 2 3.44 2.23 4.18 3.41 1.18 3.74 0 2.33 3.42 3.5 3.03 1.5 4.98 2.63 3.24 4.96 
2.57 0.98 2.18 4.5 2.03 2.58 0.78 4.11 3.42 1.87 3.74 2.33 0 1.92 3.09 4.68 3.77 4.34 3.06 0.98 4.7 
2.16 2.64 2.69 2.73 1.76 0.97 1.35 2.68 2.22 2.35 2.44 3.42 1.92 0 1.66 4.52 4.5 2.55 2.36 1.43 3.06 
1.43 3.41 2.53 1.58 1.52 0.69 2.31 1.05 0.62 2.34 0.79 3.5 3.09 1.66 0 3.35 4.04 1.49 1.2 2.98 1.63 
2.38 4.2 2.55 4.34 2.87 3.84 4.1 3.19 2.8 2.82 2.9 3.03 4.68 4.52 3.35 0 2.08 4.38 2.22 5.23 3.88 
2.63 2.96 1.82 5.47 2.79 4.22 3.52 4.4 3.72 2.17 3.98 1.5 3.77 4.5 4.04 2.08 0 5.43 2.9 4.61 5.19 
2.88 4.81 4 0.2 3 1.77 3.61 1.21 1.71 3.82 1.51 4.98 4.34 2.55 1.49 4.38 5.43 0 2.54 3.97 0.81 
0.55 3.01 1.66 2.58 1.04 1.63 2.32 1.57 0.84 1.62 1.13 2.63 3.06 2.36 1.2 2.22 2.9 2.54 0 3.32 2.36 
2.92 1.95 2.89 4.16 2.39 2.34 1.15 4.02 3.45 2.54 3.73 3.24 0.98 1.43 2.98 5.23 4.61 3.97 3.32 0 4.48 
2.81 5.02 3.97 0.65 3.07 2.16 3.93 0.8 1.55 3.85 1.24 4.96 4.7 3.06 1.63 3.88 5.19 0.81 2.36 4.48 0 
