Number_Of_Customers: 40
Vehicle_Capacity:    50
Alpha:               0.75
Number_Of_Scenarios: 3

Location_Coordinates:
0 0 0
1 2.16946 2.13523
2 1.83233 0.928608
3 2.11323 2.08702
4 1.48833 -0.594049
5 0.819987 1.52463
6 -0.482116 2.08252
7 0.907324 -0.61015
8 0.212352 -0.995631
9 1.43357 -1.04567
10 0.463502 0.0744916
11 1.9795 -0.597633
12 0.58328 -1.81941
13 1.14889 -0.575597
14 0.941004 0.452786
15 -0.0273657 0.0642554
16 -0.0589696 -1.10282
17 -0.0486794 1.84566
18 0.0128212 0.486458
19 0.891839 -0.866942
20 -0.690826 -0.705026
21 0.623856 0.148022
22 -2.19039 1.16926
23 1.69744 -1.19342
24 2.24599 -1.62642
25 -0.184155 -0.0859355
26 0.681922 1.06219
27 2.144 -0.814201
28 0.726966 -1.88944
29 -0.786152 2.13623
30 -1.44652 -1.61396
31 -0.781819 -0.026377
32 1.68257 -1.00807
33 2.3482 1.17519
34 1.4784 2.47509
35 -1.15159 0.260019
36 0.138802 -2.16291
37 -1.98124 1.3629
38 1.18982 2.3648
39 0.268569 -1.15454
40 0.629998 -1.61786

Demand_per_scenario:
1 2 3 4
2 4 5 6
3 3 3 4
4 3 4 5
5 4 6 7
6 4 5 6
7 4 6 7
8 5 7 8
9 3 4 5
10 5 6 8
11 5 6 8
12 3 4 5
13 2 3 4
14 2 3 4
15 4 6 7
16 4 5 7
17 5 6 8
18 2 3 4
19 4 6 7
20 4 6 7
21 3 5 6
22 5 7 8
23 5 7 9
24 6 8 10
25 4 5 6
26 4 5 6
27 4 6 7
28 5 7 8
29 4 6 7
30 7 9 12
31 2 3 3
32 6 9 11
33 2 2 3
34 3 4 4
35 4 6 7
36 4 6 7
37 5 7 8
38 7 9 12
39 5 7 8
40 4 6 7

Probability_of_each_scenario_occuring:
0.333333 0.333333 0.333333 

Travel_Costs:
0 3.05 2.06 2.98 1.61 1.74 2.14 1.1 1.02 1.78 0.47 2.07 1.92 1.29 1.05 0.07 1.11 1.85 0.49 1.25 0.99 0.65 2.49 2.08 2.78 0.21 1.27 2.3 2.03 2.28 2.17 0.79 1.97 2.63 2.89 1.19 2.17 2.41 2.65 1.19 1.74 
3.05 0 1.26 0.08 2.82 1.49 2.66 3.03 3.7 3.27 2.68 2.74 4.27 2.9 2.09 3.02 3.94 2.24 2.72 3.27 4.04 2.52 4.47 3.37 3.77 3.24 1.84 2.95 4.28 2.96 5.21 3.66 3.19 0.98 0.78 3.82 4.76 4.23 1.01 3.8 4.06 
2.06 1.26 0 1.2 1.57 1.18 2.59 1.8 2.52 2.02 1.62 1.54 3.02 1.66 1.02 2.06 2.78 2.1 1.88 2.03 3.01 1.44 4.03 2.13 2.59 2.26 1.16 1.78 3.03 2.89 4.15 2.79 1.95 0.58 1.59 3.06 3.53 3.84 1.58 2.61 2.82 
2.98 0.08 1.2 0 2.76 1.42 2.6 2.96 3.63 3.21 2.61 2.69 4.2 2.84 2.02 2.95 3.86 2.18 2.65 3.2 3.96 2.45 4.41 3.31 3.72 3.17 1.77 2.91 4.22 2.9 5.14 3.59 3.13 0.95 0.75 3.75 4.69 4.16 0.97 3.73 4 
1.61 2.82 1.57 2.76 0 2.23 3.33 0.59 1.34 0.46 1.23 0.5 1.53 0.34 1.19 1.66 1.63 2.89 1.83 0.66 2.19 1.14 4.08 0.64 1.29 1.75 1.85 0.7 1.51 3.56 3.11 2.35 0.46 1.97 3.07 2.78 2.07 3.99 2.98 1.35 1.34 
1.74 1.49 1.18 1.42 2.23 0 1.42 2.14 2.6 2.65 1.5 2.42 3.36 2.13 1.08 1.69 2.78 0.93 1.32 2.4 2.7 1.4 3.04 2.86 3.46 1.9 0.49 2.69 3.42 1.72 3.88 2.23 2.68 1.57 1.16 2.35 3.75 2.81 0.92 2.74 3.15 
2.14 2.66 2.59 2.6 3.33 1.42 0 3.04 3.16 3.67 2.22 3.64 4.05 3.12 2.17 2.07 3.22 0.5 1.68 3.26 2.8 2.23 1.94 3.94 4.61 2.19 1.55 3.91 4.16 0.31 3.83 2.14 3.78 2.98 2 1.95 4.3 1.67 1.7 3.33 3.87 
1.1 3.03 1.8 2.96 0.59 2.14 3.04 0 0.8 0.69 0.82 1.08 1.26 0.25 1.07 1.16 1.09 2.64 1.42 0.26 1.61 0.81 3.58 0.99 1.69 1.22 1.69 1.26 1.3 3.23 2.56 1.79 0.88 2.3 3.14 2.24 1.74 3.5 2.99 0.84 1.05 
1.02 3.7 2.52 3.63 1.34 2.6 3.16 0.8 0 1.23 1.1 1.82 0.91 1.03 1.63 1.09 0.3 2.86 1.5 0.7 0.95 1.22 3.24 1.5 2.13 1 2.12 1.95 1.04 3.29 1.78 1.39 1.48 3.05 3.7 1.86 1.17 3.23 3.5 0.17 0.75 
1.78 3.27 2.02 3.21 0.46 2.65 3.67 0.69 1.23 0 1.49 0.71 1.15 0.55 1.58 1.84 1.5 3.25 2.09 0.58 2.16 1.45 4.25 0.31 1 1.89 2.24 0.75 1.11 3.88 2.94 2.44 0.26 2.41 3.53 2.9 1.72 4.18 3.42 1.18 0.99 
0.47 2.68 1.62 2.61 1.23 1.5 2.22 0.82 1.1 1.49 0 1.66 1.9 0.95 0.61 0.5 1.29 1.85 0.62 1.04 1.4 0.18 2.88 1.77 2.47 0.67 1.02 1.91 1.99 2.42 2.55 1.25 1.64 2.19 2.61 1.63 2.27 2.77 2.41 1.25 1.71 
2.07 2.74 1.54 2.69 0.5 2.42 3.64 1.08 1.82 0.71 1.66 0 1.86 0.84 1.48 2.12 2.11 3.18 2.25 1.13 2.68 1.55 4.53 0.66 1.07 2.23 2.11 0.28 1.8 3.89 3.58 2.82 0.51 1.82 3.12 3.25 2.42 4.42 3.07 1.8 1.7 
1.92 4.27 3.02 4.2 1.53 3.36 4.05 1.26 0.91 1.15 1.9 1.86 0 1.37 2.31 1.99 0.97 3.72 2.38 1.01 1.7 1.97 4.08 1.28 1.68 1.9 2.89 1.86 0.16 4.19 2.05 2.26 1.37 3.48 4.39 2.71 0.57 4.09 4.23 0.74 0.21 
1.29 2.9 1.66 2.84 0.34 2.13 3.12 0.25 1.03 0.55 0.95 0.84 1.37 0 1.05 1.34 1.32 2.71 1.56 0.39 1.85 0.9 3.77 0.83 1.52 1.43 1.71 1.03 1.38 3.34 2.8 2.01 0.69 2.13 3.07 2.45 1.89 3.69 2.95 1.06 1.17 
1.05 2.09 1.02 2.02 1.19 1.08 2.17 1.07 1.63 1.58 0.61 1.48 2.31 1.05 0 1.05 1.85 1.71 0.93 1.33 2.01 0.44 3.22 1.82 2.46 1.25 0.67 1.75 2.36 2.42 3.16 1.79 1.64 1.59 2.1 2.11 2.74 3.07 1.93 1.75 2.1 
0.07 3.02 2.06 2.95 1.66 1.69 2.07 1.16 1.09 1.84 0.5 2.12 1.99 1.34 1.05 0 1.17 1.79 0.43 1.31 1.02 0.66 2.43 2.14 2.84 0.22 1.23 2.35 2.1 2.21 2.2 0.76 2.02 2.63 2.85 1.15 2.24 2.35 2.61 1.26 1.81 
1.11 3.94 2.78 3.86 1.63 2.78 3.22 1.09 0.3 1.5 1.29 2.11 0.97 1.32 1.85 1.17 0 2.95 1.6 0.98 0.75 1.43 3.12 1.76 2.37 1.03 2.29 2.23 1.12 3.32 1.48 1.3 1.75 3.32 3.9 1.75 1.08 3.13 3.69 0.34 0.87 
1.85 2.24 2.1 2.18 2.89 0.93 0.5 2.64 2.86 3.25 1.85 3.18 3.72 2.71 1.71 1.79 2.95 0 1.37 2.88 2.64 1.83 2.25 3.51 4.17 1.94 1.08 3.45 3.82 0.8 3.74 2.02 3.34 2.49 1.66 1.94 4.02 2 1.35 3.02 3.53 
0.49 2.72 1.88 2.65 1.83 1.32 1.68 1.42 1.5 2.09 0.62 2.25 2.38 1.56 0.93 0.43 1.6 1.37 0 1.62 1.39 0.7 2.31 2.38 3.08 0.61 0.89 2.5 2.49 1.84 2.56 0.95 2.25 2.44 2.48 1.19 2.66 2.18 2.22 1.67 2.2 
1.25 3.27 2.03 3.2 0.66 2.4 3.26 0.26 0.7 0.58 1.04 1.13 1.01 0.39 1.33 1.31 0.98 2.88 1.62 0 1.6 1.05 3.7 0.87 1.56 1.33 1.95 1.26 1.04 3.45 2.46 1.88 0.81 2.51 3.4 2.34 1.5 3.64 3.25 0.69 0.8 
0.99 4.04 3.01 3.96 2.19 2.7 2.8 1.61 0.95 2.16 1.4 2.68 1.7 1.85 2.01 1.02 0.75 2.64 1.39 1.6 0 1.57 2.41 2.44 3.08 0.8 2.24 2.84 1.85 2.85 1.19 0.69 2.4 3.58 3.85 1.07 1.68 2.44 3.61 1.06 1.61 
0.65 2.52 1.44 2.45 1.14 1.4 2.23 0.81 1.22 1.45 0.18 1.55 1.97 0.9 0.44 0.66 1.43 1.83 0.7 1.05 1.57 0 3 1.72 2.41 0.85 0.92 1.8 2.05 2.44 2.72 1.42 1.57 2.01 2.48 1.78 2.37 2.88 2.29 1.36 1.77 
2.49 4.47 4.03 4.41 4.08 3.04 1.94 3.58 3.24 4.25 2.88 4.53 4.08 3.77 3.22 2.43 3.12 2.25 2.31 3.7 2.41 3 0 4.55 5.25 2.37 2.88 4.77 4.23 1.71 2.89 1.85 4.45 4.54 3.9 1.39 4.07 0.29 3.59 3.39 3.97 
2.08 3.37 2.13 3.31 0.64 2.86 3.94 0.99 1.5 0.31 1.77 0.66 1.28 0.83 1.82 2.14 1.76 3.51 2.38 0.87 2.44 1.72 4.55 0 0.7 2.19 2.48 0.59 1.2 4.16 3.18 2.75 0.19 2.46 3.68 3.2 1.84 4.48 3.6 1.43 1.15 
2.78 3.77 2.59 3.72 1.29 3.46 4.61 1.69 2.13 1 2.47 1.07 1.68 1.52 2.46 2.84 2.37 4.17 3.08 1.56 3.08 2.41 5.25 0.7 0 2.88 3.12 0.82 1.55 4.84 3.7 3.43 0.84 2.81 4.18 3.89 2.18 5.18 4.13 2.04 1.62 
0.21 3.24 2.26 3.17 1.75 1.9 2.19 1.22 1 1.89 0.67 2.23 1.9 1.43 1.25 0.22 1.03 1.94 0.61 1.33 0.8 0.85 2.37 2.19 2.88 0 1.44 2.44 2.03 2.31 1.99 0.61 2.09 2.83 3.06 1.03 2.11 2.31 2.81 1.17 1.74 
1.27 1.84 1.16 1.77 1.85 0.49 1.55 1.69 2.12 2.24 1.02 2.11 2.89 1.71 0.67 1.23 2.29 1.08 0.89 1.95 2.24 0.92 2.88 2.48 3.12 1.44 0 2.38 2.96 1.82 3.42 1.83 2.3 1.68 1.63 2.01 3.28 2.69 1.4 2.26 2.69 
2.3 2.95 1.78 2.91 0.7 2.69 3.91 1.26 1.95 0.75 1.91 0.28 1.86 1.03 1.75 2.35 2.23 3.45 2.5 1.26 2.84 1.8 4.77 0.59 0.82 2.44 2.38 0 1.78 4.16 3.68 3.04 0.51 2 3.36 3.47 2.42 4.67 3.32 1.91 1.72 
2.03 4.28 3.03 4.22 1.51 3.42 4.16 1.3 1.04 1.11 1.99 1.8 0.16 1.38 2.36 2.1 1.12 3.82 2.49 1.04 1.85 2.05 4.23 1.2 1.55 2.03 2.96 1.78 0 4.31 2.2 2.4 1.3 3.47 4.43 2.86 0.65 4.24 4.28 0.87 0.29 
2.28 2.96 2.89 2.9 3.56 1.72 0.31 3.23 3.29 3.88 2.42 3.89 4.19 3.34 2.42 2.21 3.32 0.8 1.84 3.45 2.85 2.44 1.71 4.16 4.84 2.31 1.82 4.16 4.31 0 3.81 2.17 4 3.28 2.29 1.92 4.4 1.43 1.99 3.46 4.02 
2.17 5.21 4.15 5.14 3.11 3.88 3.83 2.56 1.78 2.94 2.55 3.58 2.05 2.8 3.16 2.2 1.48 3.74 2.56 2.46 1.19 2.72 2.89 3.18 3.7 1.99 3.42 3.68 2.2 3.81 0 1.73 3.19 4.71 5.03 1.9 1.68 3.03 4.78 1.78 2.08 
0.79 3.66 2.79 3.59 2.35 2.23 2.14 1.79 1.39 2.44 1.25 2.82 2.26 2.01 1.79 0.76 1.3 2.02 0.95 1.88 0.69 1.42 1.85 2.75 3.43 0.61 1.83 3.04 2.4 2.17 1.73 0 2.66 3.36 3.38 0.47 2.33 1.84 3.1 1.55 2.13 
1.97 3.19 1.95 3.13 0.46 2.68 3.78 0.88 1.48 0.26 1.64 0.51 1.37 0.69 1.64 2.02 1.75 3.34 2.25 0.81 2.4 1.57 4.45 0.19 0.84 2.09 2.3 0.51 1.3 4 3.19 2.66 0 2.29 3.49 3.11 1.93 4.37 3.41 1.43 1.22 
2.63 0.98 0.58 0.95 1.97 1.57 2.98 2.3 3.05 2.41 2.19 1.82 3.48 2.13 1.59 2.63 3.32 2.49 2.44 2.51 3.58 2.01 4.54 2.46 2.81 2.83 1.68 2 3.47 3.28 4.71 3.36 2.29 0 1.57 3.62 4.01 4.34 1.67 3.13 3.28 
2.89 0.78 1.59 0.75 3.07 1.16 2 3.14 3.7 3.53 2.61 3.12 4.39 3.07 2.1 2.85 3.9 1.66 2.48 3.4 3.85 2.48 3.9 3.68 4.18 3.06 1.63 3.36 4.43 2.29 5.03 3.38 3.49 1.57 0 3.44 4.83 3.64 0.31 3.83 4.18 
1.19 3.82 3.06 3.75 2.78 2.35 1.95 2.24 1.86 2.9 1.63 3.25 2.71 2.45 2.11 1.15 1.75 1.94 1.19 2.34 1.07 1.78 1.39 3.2 3.89 1.03 2.01 3.47 2.86 1.92 1.9 0.47 3.11 3.62 3.44 0 2.75 1.39 3.15 2.01 2.59 
2.17 4.76 3.53 4.69 2.07 3.75 4.3 1.74 1.17 1.72 2.27 2.42 0.57 1.89 2.74 2.24 1.08 4.02 2.66 1.5 1.68 2.37 4.07 1.84 2.18 2.11 3.28 2.42 0.65 4.4 1.68 2.33 1.93 4.01 4.83 2.75 0 4.12 4.65 1.02 0.74 
2.41 4.23 3.84 4.16 3.99 2.81 1.67 3.5 3.23 4.18 2.77 4.42 4.09 3.69 3.07 2.35 3.13 2 2.18 3.64 2.44 2.88 0.29 4.48 5.18 2.31 2.69 4.67 4.24 1.43 3.03 1.84 4.37 4.34 3.64 1.39 4.12 0 3.33 3.38 3.97 
2.65 1.01 1.58 0.97 2.98 0.92 1.7 2.99 3.5 3.42 2.41 3.07 4.23 2.95 1.93 2.61 3.69 1.35 2.22 3.25 3.61 2.29 3.59 3.6 4.13 2.81 1.4 3.32 4.28 1.99 4.78 3.1 3.41 1.67 0.31 3.15 4.65 3.33 0 3.64 4.03 
1.19 3.8 2.61 3.73 1.35 2.74 3.33 0.84 0.17 1.18 1.25 1.8 0.74 1.06 1.75 1.26 0.34 3.02 1.67 0.69 1.06 1.36 3.39 1.43 2.04 1.17 2.26 1.91 0.87 3.46 1.78 1.55 1.43 3.13 3.83 2.01 1.02 3.38 3.64 0 0.59 
1.74 4.06 2.82 4 1.34 3.15 3.87 1.05 0.75 0.99 1.71 1.7 0.21 1.17 2.1 1.81 0.87 3.53 2.2 0.8 1.61 1.77 3.97 1.15 1.62 1.74 2.69 1.72 0.29 4.02 2.08 2.13 1.22 3.28 4.18 2.59 0.74 3.97 4.03 0.59 0 
