Number_Of_Customers: 25
Vehicle_Capacity:    50
Alpha:               0.75
Number_Of_Scenarios: 3

Location_Coordinates:
0 0 0
1 1.90407 1.7824
2 1.79011 1.36426
3 -0.861462 1.41333
4 -1.13753 1.52179
5 1.70656 2.07706
6 -0.783992 -1.55932
7 2.49517 1.24029
8 0.637889 1.00466
9 0.323764 1.49972
10 0.870601 2.18832
11 -0.870948 1.98452
12 -1.2469 -1.70518
13 0.997929 2.19473
14 1.84509 0.501043
15 1.03564 0.963509
16 -1.30477 0.647186
17 2.24787 -0.0504603
18 1.91438 -0.0772203
19 2.15818 2.44756
20 1.11879 -1.48741
21 1.15905 0.217694
22 -1.21591 -0.722016
23 0.0715733 -2.06715
24 2.47243 -0.852092
25 -1.10541 1.45095

Demand_per_scenario:
1 5 6 8
2 5 7 9
3 4 5 7
4 6 7 9
5 4 5 6
6 4 6 7
7 1 1 2
8 4 5 6
9 5 6 7
10 5 6 7
11 3 4 5
12 4 5 6
13 4 5 6
14 4 6 7
15 5 6 8
16 4 6 7
17 4 5 6
18 5 6 7
19 7 9 11
20 6 8 10
21 4 5 6
22 5 7 9
23 4 5 6
24 4 5 6
25 3 4 5

Probability_of_each_scenario_occuring:
0.333333 0.333333 0.333333 

Travel_Costs:
0 2.61 2.26 1.66 1.9 2.69 1.75 2.79 1.2 1.54 2.36 2.17 2.12 2.42 1.92 1.42 1.46 2.25 1.92 3.27 1.87 1.18 1.42 2.07 2.62 1.83 
2.61 0 0.44 2.8 3.06 0.36 4.29 0.81 1.49 1.61 1.12 2.79 4.71 1 1.29 1.2 3.41 1.87 1.86 0.72 3.37 1.74 4.01 4.27 2.7 3.03 
2.26 0.44 0 2.66 2.94 0.72 3.9 0.72 1.21 1.48 1.24 2.74 4.32 1.15 0.87 0.86 3.18 1.49 1.45 1.15 2.93 1.31 3.66 3.84 2.32 2.9 
1.66 2.8 2.66 0 0.3 2.66 2.98 3.37 1.56 1.19 1.9 0.58 3.15 2.02 2.86 1.95 0.89 3.44 3.16 3.2 3.52 2.35 2.17 3.61 4.04 0.25 
1.9 3.06 2.94 0.3 0 2.9 3.11 3.65 1.85 1.47 2.12 0.54 3.23 2.24 3.16 2.25 0.9 3.74 3.45 3.43 3.77 2.65 2.25 3.79 4.33 0.08 
2.69 0.36 0.72 2.66 2.9 0 4.41 1.15 1.52 1.5 0.85 2.58 4.8 0.72 1.59 1.31 3.34 2.2 2.17 0.59 3.62 1.94 4.05 4.46 3.03 2.89 
1.75 4.29 3.9 2.98 3.11 4.41 0 4.32 2.94 3.26 4.1 3.55 0.49 4.16 3.35 3.12 2.27 3.39 3.08 4.98 1.91 2.64 0.95 1 3.34 3.03 
2.79 0.81 0.72 3.37 3.65 1.15 4.32 0 1.88 2.19 1.89 3.45 4.77 1.78 0.99 1.49 3.85 1.32 1.44 1.26 3.06 1.69 4.2 4.11 2.1 3.61 
1.2 1.49 1.21 1.56 1.85 1.52 2.94 1.88 0 0.59 1.21 1.8 3.31 1.25 1.31 0.4 1.98 1.93 1.68 2.1 2.54 0.95 2.54 3.13 2.62 1.8 
1.54 1.61 1.48 1.19 1.47 1.5 3.26 2.19 0.59 0 0.88 1.29 3.57 0.97 1.82 0.9 1.84 2.48 2.24 2.07 3.1 1.54 2.71 3.58 3.19 1.44 
2.36 1.12 1.24 1.9 2.12 0.85 4.1 1.89 1.21 0.88 0 1.76 4.44 0.13 1.95 1.24 2.67 2.63 2.5 1.32 3.69 2 3.59 4.33 3.44 2.11 
2.17 2.79 2.74 0.58 0.54 2.58 3.55 3.45 1.8 1.29 1.76 0 3.71 1.89 3.1 2.17 1.41 3.73 3.47 3.07 4.01 2.7 2.73 4.16 4.39 0.59 
2.12 4.71 4.32 3.15 3.23 4.8 0.49 4.77 3.31 3.57 4.44 3.71 0 4.5 3.8 3.52 2.36 3.87 3.56 5.38 2.38 3.08 0.99 1.37 3.82 3.16 
2.42 1 1.15 2.02 2.24 0.72 4.16 1.78 1.25 0.97 0.13 1.89 4.5 0 1.9 1.24 2.78 2.57 2.45 1.19 3.69 1.99 3.67 4.37 3.39 2.24 
1.92 1.29 0.87 2.86 3.16 1.59 3.35 0.99 1.31 1.82 1.95 3.1 3.8 1.9 0 0.94 3.16 0.69 0.59 1.98 2.12 0.75 3.3 3.13 1.5 3.1 
1.42 1.2 0.86 1.95 2.25 1.31 3.12 1.49 0.4 0.9 1.24 2.17 3.52 1.24 0.94 0 2.37 1.59 1.37 1.87 2.46 0.76 2.82 3.19 2.32 2.2 
1.46 3.41 3.18 0.89 0.9 3.34 2.27 3.85 1.98 1.84 2.67 1.41 2.36 2.78 3.16 2.37 0 3.63 3.3 3.91 3.23 2.51 1.38 3.05 4.07 0.83 
2.25 1.87 1.49 3.44 3.74 2.2 3.39 1.32 1.93 2.48 2.63 3.73 3.87 2.57 0.69 1.59 3.63 0 0.34 2.5 1.83 1.13 3.53 2.97 0.84 3.68 
1.92 1.86 1.45 3.16 3.45 2.17 3.08 1.44 1.68 2.24 2.5 3.47 3.56 2.45 0.59 1.37 3.3 0.34 0 2.54 1.62 0.82 3.2 2.72 0.96 3.39 
3.27 0.72 1.15 3.2 3.43 0.59 4.98 1.26 2.1 2.07 1.32 3.07 5.38 1.19 1.98 1.87 3.91 2.5 2.54 0 4.07 2.45 4.63 4.98 3.32 3.42 
1.87 3.37 2.93 3.52 3.77 3.62 1.91 3.06 2.54 3.1 3.69 4.01 2.38 3.69 2.12 2.46 3.23 1.83 1.62 4.07 0 1.71 2.46 1.2 1.5 3.69 
1.18 1.74 1.31 2.35 2.65 1.94 2.64 1.69 0.95 1.54 2 2.7 3.08 1.99 0.75 0.76 2.51 1.13 0.82 2.45 1.71 0 2.56 2.54 1.7 2.58 
1.42 4.01 3.66 2.17 2.25 4.05 0.95 4.2 2.54 2.71 3.59 2.73 0.99 3.67 3.3 2.82 1.38 3.53 3.2 4.63 2.46 2.56 0 1.87 3.7 2.18 
2.07 4.27 3.84 3.61 3.79 4.46 1 4.11 3.13 3.58 4.33 4.16 1.37 4.37 3.13 3.19 3.05 2.97 2.72 4.98 1.2 2.54 1.87 0 2.7 3.71 
2.62 2.7 2.32 4.04 4.33 3.03 3.34 2.1 2.62 3.19 3.44 4.39 3.82 3.39 1.5 2.32 4.07 0.84 0.96 3.32 1.5 1.7 3.7 2.7 0 4.26 
1.83 3.03 2.9 0.25 0.08 2.89 3.03 3.61 1.8 1.44 2.11 0.59 3.16 2.24 3.1 2.2 0.83 3.68 3.39 3.42 3.69 2.58 2.18 3.71 4.26 0 
