Number_Of_Customers: 70
Vehicle_Capacity:    50
Alpha:               0.75
Number_Of_Scenarios: 100

Location_Coordinates:
0 0 0
1 -1.56761 -1.80611
2 -0.247043 -2.04567
3 -1.64069 -0.088082
4 -0.394158 0.393161
5 -2.14695 1.17694
6 0.843916 -1.30157
7 -0.532047 -2.11374
8 -0.590523 0.0740941
9 0.299378 1.63868
10 1.21657 1.94699
11 -1.99893 -0.999495
12 1.47928 2.26235
13 -1.6816 2.28985
14 0.57781 1.24697
15 -2.2102 -1.83356
16 -1.63115 0.183438
17 -1.95345 -1.5768
18 -1.28537 1.77156
19 -0.354783 2.16711
20 -2.31413 1.40355
21 -0.590289 -0.982238
22 1.53313 2.3825
23 -2.2752 0.694082
24 0.440266 -0.452608
25 -1.98421 1.32477
26 0.395197 2.06919
27 1.89061 0.530047
28 -1.49657 2.21703
29 1.64777 -0.997672
30 2.12409 -0.347463
31 0.183904 0.866662
32 0.981112 -0.447434
33 -0.0166199 0.66884
34 1.18609 -0.333609
35 -1.97136 2.37842
36 -0.840613 1.80896
37 -1.77853 -1.70137
38 0.146921 -0.693998
39 0.980572 0.480357
40 -1.64757 -0.686569
41 0.832919 -1.12371
42 -1.17576 -1.03502
43 -0.637436 1.60476
44 1.23689 -1.55706
45 0.479666 1.74127
46 0.508631 -1.44506
47 -2.16618 -1.98535
48 2.21094 -0.794829
49 1.30514 0.485675
50 -2.26401 -1.28499
51 -1.79125 -0.524035
52 -2.45538 2.41938
53 2.45632 -1.65953
54 -1.7854 -2.23724
55 -1.3237 -2.36829
56 1.15282 0.406292
57 -1.45543 -1.4233
58 -1.48041 -1.19579
59 2.43759 -1.35123
60 -0.0972069 1.24379
61 -0.568977 2.20368
62 2.29108 1.14101
63 1.91998 -0.896532
64 1.98931 -0.672397
65 -0.976424 -0.752689
66 -0.448083 -0.926266
67 2.25368 -2.40883
68 -0.271505 1.81038
69 2.03105 0.846168
70 1.54824 1.20359

Demand_per_scenario:
1 2 4 3 5 4 3 3 4 3 5 5 4 5 4 5 4 4 4 5 3 4 3 4 4 4 4 4 3 4 4 3 4 5 3 4 4 3 5 4 4 5 3 2 3 2 4 3 3 4 4 5 4 4 3 4 5 3 5 4 6 4 5 4 2 4 5 6 3 3 3 2 4 6 3 4 6 4 4 4 3 3 4 3 3 4 5 4 3 4 4 5 4 5 3 2 5 3 3 3 3
2 4 5 6 4 4 6 5 6 5 5 3 5 6 7 4 6 5 6 5 7 8 6 5 6 5 4 6 4 6 4 4 3 5 5 7 3 6 4 7 7 6 6 7 5 5 8 6 3 6 6 7 4 8 6 5 4 5 5 4 4 6 5 6 5 5 4 6 7 4 6 6 3 5 3 6 5 6 6 5 6 4 6 4 5 6 6 5 5 7 7 6 6 5 5 3 7 6 6 5 4
3 5 6 8 5 5 5 5 5 5 6 5 4 5 6 6 6 4 6 6 6 5 6 5 7 4 5 5 7 5 3 4 4 7 5 7 4 5 5 5 7 4 6 6 5 5 4 5 6 6 7 6 7 4 5 8 5 6 6 5 6 4 7 5 5 5 4 5 5 4 4 6 4 4 6 4 7 6 5 4 5 6 5 5 5 3 4 4 5 4 5 4 5 6 5 5 4 5 7 5 7
4 4 5 6 5 4 5 5 5 7 6 6 6 4 6 6 5 6 4 5 6 7 6 8 5 5 4 6 4 6 5 5 7 6 4 5 5 5 5 6 5 4 5 5 6 5 7 6 5 4 4 6 5 3 5 5 7 4 6 4 4 5 5 6 3 6 6 4 4 6 5 7 6 7 5 6 4 5 5 8 5 5 5 5 6 6 7 4 6 5 5 5 5 6 5 7 7 4 6 4 6
5 4 2 3 5 5 5 4 5 5 4 4 2 4 5 5 3 3 5 5 5 6 5 4 5 4 5 5 5 4 5 4 4 6 4 5 5 5 4 3 4 6 4 3 5 5 4 5 3 7 3 4 6 6 6 4 5 4 4 5 3 5 6 3 3 7 4 3 4 4 6 6 4 6 4 4 5 5 4 5 5 4 3 5 2 5 4 4 5 5 4 5 5 4 3 3 4 5 5 4 5
6 9 7 7 9 8 9 7 9 7 7 10 7 8 8 8 9 7 7 8 9 5 11 8 8 9 9 8 7 7 8 9 8 7 8 8 6 8 8 7 9 8 8 7 10 8 9 9 10 7 7 8 9 8 9 8 7 9 9 7 8 9 9 9 7 8 9 9 7 8 10 8 6 8 8 8 8 9 9 10 9 8 9 8 7 8 9 8 8 9 8 8 7 9 9 8 9 9 7 8 10
7 3 4 4 3 3 3 2 4 3 4 3 4 2 3 1 3 3 3 4 5 2 3 4 4 2 5 2 3 4 3 3 2 3 3 2 2 2 1 3 4 3 6 4 1 2 2 3 2 4 3 4 3 4 5 4 6 3 4 3 4 3 3 5 3 2 3 4 3 3 4 3 4 4 3 4 4 3 4 4 3 3 3 4 5 3 2 3 3 3 4 2 5 3 3 2 3 2 3 5 2
8 6 5 4 6 4 6 4 5 5 5 5 7 4 6 5 5 5 5 5 5 7 7 3 5 5 4 4 5 6 6 4 4 4 5 5 5 5 7 4 6 4 5 5 5 5 6 5 5 5 4 5 3 5 4 5 6 5 6 3 4 5 6 6 4 5 5 5 6 4 4 5 5 3 5 4 6 4 6 5 6 4 6 4 6 6 5 7 5 6 6 6 4 5 6 6 6 5 4 4 6
9 5 6 6 5 4 6 4 5 6 5 5 7 5 6 5 5 6 5 6 7 4 5 7 5 4 4 5 5 6 4 4 7 4 4 6 5 5 6 5 7 6 6 5 5 4 5 7 4 3 5 4 4 5 6 4 5 7 5 4 6 6 5 5 5 5 6 4 7 4 5 5 7 6 7 6 6 5 7 5 4 5 5 5 6 5 6 5 4 5 6 6 4 5 3 5 4 7 4 6 3
10 6 5 5 5 5 5 4 7 4 5 4 5 4 2 5 3 4 5 5 5 3 5 3 5 6 6 2 4 3 6 4 5 4 5 5 4 5 6 5 5 5 5 6 5 5 6 4 5 3 7 4 5 4 5 6 4 4 5 4 7 6 6 5 6 6 6 6 4 5 4 5 5 5 4 5 5 4 5 4 5 5 6 4 5 4 5 4 6 8 2 5 6 5 6 6 6 4 5 6 3
11 7 6 9 7 8 8 10 7 7 7 7 7 5 6 8 9 7 10 6 6 9 7 8 7 8 6 7 8 9 8 8 8 9 9 9 6 9 6 8 7 8 8 8 9 7 8 8 7 6 8 6 7 6 8 8 7 7 8 9 8 7 8 7 6 7 6 7 8 7 9 8 7 7 8 7 8 5 7 7 10 8 7 7 7 6 7 7 7 7 7 7 7 7 8 6 9 6 6 7 8
12 4 3 1 3 4 2 5 3 2 5 3 3 6 4 3 3 2 4 3 5 4 3 2 2 2 2 4 3 3 6 2 4 3 4 4 3 4 3 3 4 3 3 3 2 5 3 2 4 3 4 3 1 1 3 3 3 4 3 4 3 5 3 5 2 6 3 2 2 3 3 3 3 5 2 2 4 2 3 4 2 4 2 4 3 5 5 3 3 3 3 4 3 3 4 5 4 3 5 4 5
13 3 5 5 6 6 7 7 7 5 4 7 5 6 5 4 5 6 5 6 5 6 4 5 6 6 6 4 7 7 4 5 5 5 5 6 6 5 5 6 5 7 4 4 6 4 6 5 6 5 6 5 6 5 6 5 6 6 6 6 6 6 4 7 6 5 5 4 7 5 5 6 6 4 5 5 5 5 5 7 7 4 4 6 5 7 6 7 5 5 6 6 6 6 5 4 6 5 6 5 4
14 7 6 5 7 7 7 8 7 7 7 6 8 7 7 6 6 5 6 8 5 7 6 6 7 7 5 6 8 4 4 6 6 6 6 5 6 4 5 7 6 6 6 6 6 7 6 5 6 6 5 7 5 6 6 6 6 5 6 7 8 5 7 3 5 6 6 6 6 6 7 8 6 8 6 6 7 6 6 5 5 5 4 4 7 7 7 4 6 4 6 4 5 7 8 5 5 7 6 8 6
15 6 4 2 5 6 4 5 4 5 6 4 4 6 5 5 3 7 5 5 5 5 5 6 4 5 5 6 4 6 4 4 5 4 5 3 5 6 5 4 3 5 4 5 5 5 4 5 5 4 5 5 5 3 5 6 3 4 5 6 4 5 4 5 4 6 4 5 6 3 3 2 4 5 6 6 3 5 4 4 4 3 5 3 6 4 4 4 4 5 3 5 4 5 5 5 3 5 5 4 3
16 10 10 9 8 7 8 9 8 8 9 7 9 8 8 10 8 9 8 8 9 10 8 8 9 9 7 9 9 7 7 8 11 7 8 8 8 8 9 10 7 8 11 8 8 7 9 9 9 7 7 8 9 8 9 9 10 7 7 8 9 8 9 9 10 9 8 9 9 9 9 7 8 7 7 8 8 8 8 10 10 9 8 8 8 8 9 9 7 9 9 10 8 8 9 9 8 8 10 7 9
17 6 7 9 8 8 8 8 8 7 7 6 6 9 9 8 7 6 7 5 7 6 7 7 7 6 9 8 9 6 7 7 8 7 6 6 6 6 7 7 6 6 7 7 7 7 6 8 7 7 7 7 7 8 6 9 8 8 6 8 7 7 7 7 7 6 7 8 7 7 7 6 7 8 10 8 7 6 9 7 8 8 8 7 8 7 7 8 6 8 8 5 6 8 6 6 8 7 6 10 7
18 9 6 8 6 7 7 7 6 7 7 9 8 8 7 7 6 8 7 5 8 7 6 7 6 6 7 7 9 6 9 5 10 7 8 7 5 7 7 8 6 7 8 5 6 5 8 8 8 6 7 6 8 7 9 7 6 8 6 7 8 9 7 6 6 8 8 6 7 8 7 9 7 6 7 7 8 6 8 9 7 9 7 7 7 7 7 7 8 7 6 7 7 7 8 7 8 7 6 9 7
19 4 4 4 5 5 4 2 4 5 5 5 5 5 3 5 4 5 4 5 5 4 2 2 3 6 3 4 3 5 3 3 3 4 3 3 4 4 4 4 3 5 4 4 4 4 5 3 3 2 4 2 3 4 5 4 4 4 3 4 5 3 4 4 4 4 2 3 4 3 5 4 4 4 5 5 4 5 3 4 4 2 5 4 5 4 5 2 5 2 5 6 3 3 3 5 4 5 5 3 5
20 7 7 8 5 7 6 7 5 6 6 9 6 5 7 7 7 8 7 8 7 7 5 5 6 5 7 7 7 6 7 6 5 8 5 5 7 8 7 8 8 7 7 7 7 6 6 6 7 7 5 7 6 7 6 7 7 5 6 7 7 7 5 6 7 7 7 6 6 6 7 7 8 8 6 9 6 8 6 5 6 8 6 6 7 5 7 5 7 8 6 8 7 6 7 7 7 7 6 8 6
21 5 6 6 7 6 8 7 6 7 7 5 8 6 6 6 6 5 7 7 7 6 6 8 5 6 6 6 8 7 7 5 6 5 6 7 8 9 7 6 6 7 8 4 9 6 7 6 7 8 8 6 7 7 7 8 6 7 6 5 7 8 7 8 8 6 7 5 7 6 5 8 8 7 6 5 6 6 6 7 6 8 6 3 6 8 7 6 5 6 6 5 7 8 5 6 6 5 6 6 7
22 6 4 5 6 5 6 7 6 7 6 7 7 3 5 5 7 7 6 6 5 6 5 7 7 7 4 4 6 7 4 6 6 5 6 7 5 5 6 5 5 6 6 6 5 7 6 5 6 5 6 5 5 7 5 6 7 4 6 6 6 6 6 6 4 5 5 5 6 5 6 4 3 4 6 4 7 5 4 6 6 5 5 6 5 6 4 6 6 3 6 4 4 7 6 7 5 6 6 6 4
23 8 6 6 8 6 8 6 6 5 7 8 6 5 6 5 6 6 5 8 7 7 7 8 7 7 6 5 5 7 7 6 5 6 6 6 6 6 6 6 6 7 7 6 7 6 7 7 6 8 6 7 5 7 6 6 4 8 7 6 7 8 6 5 5 9 7 5 7 8 7 5 8 6 7 5 7 4 6 6 8 5 5 9 7 9 6 7 7 4 7 7 7 7 6 5 5 7 6 8 6
24 2 3 2 5 1 3 1 2 1 3 3 2 2 3 4 3 2 2 3 2 2 1 3 3 3 3 1 4 2 1 2 2 3 2 1 4 1 1 2 2 2 3 2 2 2 3 2 2 1 3 1 2 3 3 3 3 1 2 1 3 3 3 2 2 1 2 3 1 1 1 2 4 3 1 2 2 1 5 1 1 3 1 1 3 3 1 2 2 2 2 4 1 3 3 2 2 3 1 4 3
25 7 7 6 7 6 5 6 6 6 7 5 5 6 7 6 5 7 7 6 8 7 6 6 6 7 7 7 4 6 7 4 4 5 5 5 8 7 6 6 5 7 6 7 6 6 6 5 5 6 6 7 5 5 6 6 6 6 6 6 7 6 7 7 7 5 6 4 6 7 6 5 6 8 6 6 6 5 7 6 6 7 6 6 6 5 5 7 6 6 6 7 7 6 5 7 6 5 6 5 6
26 8 10 9 10 9 8 9 9 7 8 6 8 9 10 7 7 8 8 8 10 9 9 8 10 10 10 11 9 9 8 9 8 7 6 10 10 10 9 10 10 8 6 8 9 9 8 9 9 9 8 6 9 9 9 9 10 9 8 10 8 8 8 10 11 9 9 9 8 9 9 8 10 10 8 7 8 8 10 8 8 9 8 11 9 11 7 10 9 10 9 10 9 10 9 7 9 9 10 9 7
27 4 3 6 6 3 3 5 3 2 3 3 3 3 3 4 3 4 4 2 2 3 3 2 4 2 3 3 3 2 4 2 4 3 3 3 4 3 4 3 5 2 2 4 5 5 4 4 4 3 4 5 3 4 3 5 4 2 3 3 4 5 4 4 1 5 3 4 2 3 3 3 4 3 3 4 3 3 6 2 3 2 5 3 4 2 4 4 4 5 2 2 7 3 2 6 4 2 3 3 3
28 8 8 8 6 7 6 6 7 7 7 7 8 7 6 8 8 7 8 6 9 5 8 7 7 8 7 6 6 8 8 7 7 8 8 8 8 7 8 8 8 8 9 7 7 6 8 9 6 6 5 9 8 7 7 7 8 8 6 8 6 7 8 7 8 6 7 6 8 8 8 6 9 6 6 7 7 8 7 9 7 6 7 8 7 8 9 7 7 9 8 9 8 8 7 7 8 7 8 7 8
29 7 5 5 6 7 5 4 6 5 6 5 6 5 7 7 5 6 6 7 5 6 8 6 6 4 5 6 7 6 5 7 5 5 6 7 6 6 4 7 7 5 4 6 6 5 6 7 6 6 7 6 7 6 7 6 7 5 4 7 6 7 7 5 6 6 6 5 6 7 5 6 6 7 6 8 5 6 4 7 5 6 6 5 5 6 3 7 5 8 5 6 5 7 6 6 5 4 6 6 5
30 4 4 5 4 7 7 5 5 6 4 4 6 4 5 5 6 4 6 6 6 4 5 4 8 6 5 5 8 8 5 6 6 4 5 4 6 6 5 7 5 4 5 6 6 7 5 6 5 3 5 6 5 5 7 5 5 5 6 6 8 7 4 5 4 5 6 5 7 5 3 4 6 5 6 6 6 7 6 5 5 3 3 5 6 5 6 6 5 6 4 7 6 4 4 5 5 6 6 6 5
31 1 3 2 3 2 4 2 1 1 1 2 3 2 2 1 2 1 2 4 2 3 2 1 1 2 3 1 2 2 4 2 2 1 1 1 1 1 4 2 3 1 3 2 1 1 2 2 2 3 1 2 2 2 3 2 3 5 2 1 2 1 1 1 2 1 1 4 3 1 1 1 2 4 2 2 2 2 1 1 2 2 3 2 2 1 2 4 4 1 1 3 2 3 1 3 2 3 1 3 2
32 4 5 4 4 5 4 6 4 4 2 5 4 5 4 4 6 5 4 6 4 4 5 4 6 3 4 6 4 5 4 4 4 6 4 5 4 6 3 4 5 6 3 5 5 4 6 5 4 5 4 5 3 5 5 5 5 4 4 4 8 4 5 6 4 2 3 5 5 3 4 6 6 3 7 4 5 6 5 5 6 5 5 5 5 5 4 6 4 4 5 5 4 4 4 4 4 4 3 5 5
33 7 6 7 7 7 7 6 8 6 7 6 6 7 8 5 6 6 6 8 7 5 6 6 8 6 7 7 6 7 5 4 6 6 6 8 6 7 7 7 6 8 6 4 7 6 6 8 7 8 6 7 6 6 6 7 7 8 6 6 7 6 6 8 7 7 5 7 6 8 7 6 7 6 9 8 8 7 6 6 6 7 7 7 6 6 5 6 7 6 6 7 5 6 8 7 9 5 6 7 6
34 6 7 7 8 6 7 6 7 9 6 7 6 6 5 8 6 7 5 7 7 5 8 8 6 5 9 8 6 8 7 8 7 6 8 7 9 7 8 7 9 7 7 7 7 7 6 6 7 7 6 8 7 7 8 10 8 8 6 7 6 7 6 5 6 6 5 7 8 5 6 7 9 7 5 7 7 7 7 6 6 5 7 7 7 8 7 6 6 7 7 7 4 9 5 7 7 8 7 6 6
35 7 7 6 5 7 6 5 8 6 4 7 7 6 5 7 6 6 5 5 5 7 6 5 7 4 6 5 5 4 8 6 7 8 6 7 6 5 7 3 5 6 6 5 5 5 6 6 8 7 5 6 6 6 7 5 6 6 4 5 4 7 5 7 6 6 6 6 6 7 8 5 7 4 7 6 5 6 6 6 5 5 6 7 4 7 6 7 6 6 5 6 6 7 7 6 5 8 7 4 8
36 7 4 3 6 6 6 6 8 5 8 7 6 4 5 5 5 6 5 7 6 6 6 6 6 8 3 6 5 5 5 5 6 7 7 6 7 7 6 7 6 6 7 6 7 7 5 6 5 6 6 5 8 7 6 7 6 6 6 7 5 6 8 4 4 7 7 7 3 7 5 4 6 7 6 7 7 6 7 4 6 7 6 5 7 6 7 7 7 7 5 4 5 8 7 6 7 7 6 6 8
37 6 5 6 5 7 6 4 5 6 5 7 4 5 6 5 7 7 5 6 7 5 5 4 4 7 5 5 5 6 6 3 5 5 5 7 4 7 5 6 4 5 6 7 5 4 6 6 4 6 7 6 5 5 4 4 4 5 5 5 5 5 4 6 4 5 6 7 6 7 5 4 3 6 6 5 5 4 4 4 5 6 6 5 4 5 5 3 4 6 6 4 5 3 6 4 7 6 6 5 5
38 7 7 9 6 6 5 7 7 6 7 6 5 8 6 4 6 6 6 7 8 7 8 8 6 7 6 5 8 6 6 9 7 7 6 8 6 7 6 7 6 7 6 6 8 7 6 6 6 7 5 6 6 8 9 7 8 7 8 8 5 5 5 7 5 4 4 7 8 7 7 8 8 7 8 6 8 7 7 8 7 7 5 6 8 6 7 5 6 7 6 8 5 7 7 7 7 8 7 6 6
39 8 8 6 7 7 8 8 8 7 8 8 9 9 8 7 8 8 8 8 9 5 9 8 8 9 6 7 8 8 9 6 9 8 10 7 7 6 8 8 7 10 7 8 6 8 7 8 8 7 9 7 9 8 9 8 6 7 7 7 7 7 7 7 8 10 8 8 8 7 9 6 6 7 7 7 7 7 7 8 7 8 6 10 8 7 8 6 10 8 7 7 10 8 8 8 8 6 6 8 10
40 3 6 4 5 4 5 6 3 4 4 6 5 4 4 5 2 4 4 3 4 3 5 5 4 3 4 7 4 3 4 3 5 4 5 5 4 4 4 3 3 5 4 4 4 5 5 4 5 3 3 3 5 5 4 4 3 3 5 3 3 5 5 6 5 6 4 4 4 6 3 4 5 4 5 5 3 3 5 5 5 4 3 3 5 5 5 3 5 4 4 5 3 4 5 5 4 5 6 6 5
41 5 3 5 4 3 5 3 7 5 4 5 4 6 5 5 4 4 5 3 3 6 4 5 3 5 3 4 2 4 6 4 5 3 6 3 3 4 4 6 4 6 4 5 5 4 3 4 3 3 4 5 5 6 4 4 2 5 6 6 4 3 5 5 6 5 5 3 5 5 5 5 5 4 3 6 5 5 4 6 6 5 2 3 5 4 3 4 5 5 5 3 4 4 3 4 3 5 5 4 5
42 2 5 3 5 4 3 4 4 3 4 5 4 5 3 3 5 4 3 5 3 3 3 4 4 4 4 3 4 3 4 3 2 1 3 5 3 5 4 3 4 4 4 3 4 4 3 5 4 3 4 4 3 4 3 1 2 2 2 4 5 3 4 3 5 5 1 2 3 3 4 2 3 4 2 3 5 5 4 4 2 5 4 4 4 4 3 2 3 4 4 3 3 3 3 4 3 3 4 4 5
43 6 6 4 7 6 5 6 6 5 6 6 5 6 5 3 4 4 5 6 5 7 5 7 6 5 5 5 5 6 6 5 5 6 7 5 7 8 6 5 5 5 4 5 7 5 5 5 4 7 7 8 6 3 5 6 6 6 6 6 5 4 7 5 4 4 5 6 5 6 5 5 7 7 7 7 6 6 6 5 7 6 6 5 6 5 5 3 4 5 5 8 6 6 6 6 5 4 6 7 6
44 5 6 5 5 6 5 3 6 4 4 5 4 7 5 5 6 6 7 6 5 7 5 6 4 4 4 7 6 5 7 5 3 5 5 5 5 4 6 7 8 5 5 5 5 4 5 5 5 5 4 4 6 5 4 5 5 6 6 6 6 7 6 6 6 5 5 5 6 6 6 4 6 6 4 4 6 6 4 5 6 5 6 4 5 6 5 5 4 4 5 5 4 6 5 6 4 7 5 7 5
45 4 7 6 5 7 6 5 8 7 4 6 6 6 6 5 4 6 6 7 5 6 6 7 8 6 6 5 7 5 6 6 6 5 6 5 5 7 6 6 6 8 8 6 6 5 6 4 4 7 6 6 5 5 7 7 7 7 5 7 7 6 7 5 7 7 7 7 7 6 5 7 8 6 7 5 5 7 7 6 5 5 4 6 6 7 6 5 7 6 6 6 7 5 6 6 7 5 4 5 6
46 5 6 4 7 4 5 5 3 6 5 6 6 5 7 5 3 4 6 7 5 4 4 4 4 4 5 7 6 4 5 5 6 8 6 6 5 5 5 5 4 5 3 4 6 5 4 5 4 3 5 4 6 5 5 6 5 6 5 5 5 6 5 6 5 6 7 5 3 6 4 5 4 3 4 5 5 5 5 6 4 4 6 4 6 7 5 5 5 4 5 4 2 4 6 5 5 5 5 4 6
47 6 5 4 2 5 5 5 5 6 4 4 6 5 2 5 4 3 5 7 5 4 6 4 3 4 5 5 5 5 6 4 4 6 6 5 6 3 6 4 6 2 5 4 5 5 5 4 5 5 5 3 5 5 6 6 4 5 4 7 6 6 4 4 4 6 4 4 5 3 3 4 5 4 6 6 7 6 4 6 7 5 6 5 3 3 3 3 7 6 5 6 5 4 5 4 6 5 5 5 5
48 4 4 7 5 3 3 5 3 3 6 4 4 5 4 3 5 6 5 5 5 4 4 5 5 6 4 5 4 4 3 5 4 5 4 5 4 4 3 3 4 5 6 5 5 7 4 6 5 6 8 1 4 3 3 4 4 4 4 4 4 5 5 4 3 4 4 4 4 4 5 5 4 4 5 5 3 4 4 5 4 4 3 5 4 6 5 5 5 4 4 5 4 5 5 2 4 3 6 4 6
49 5 5 7 7 6 8 5 5 6 7 6 6 5 6 7 6 4 5 3 7 5 7 6 4 7 7 6 6 7 8 5 5 5 7 6 6 7 7 5 7 4 7 6 5 5 4 6 6 5 5 6 6 6 7 6 6 4 8 7 8 5 6 6 7 6 5 5 7 5 5 7 5 5 6 8 7 6 5 6 8 4 5 7 6 6 6 5 8 5 6 6 5 5 5 7 5 6 7 6 5
50 8 6 6 6 8 5 6 6 9 7 5 8 7 7 5 8 7 6 8 8 7 7 8 6 5 7 8 6 8 7 7 7 6 8 8 6 7 7 6 7 6 5 6 7 7 5 8 8 7 6 7 5 7 7 6 8 8 6 6 5 7 8 5 6 7 7 5 8 5 6 7 7 6 7 6 7 7 8 5 8 6 8 7 5 5 8 8 8 6 6 7 7 6 6 8 4 7 6 6 7
51 5 4 5 3 3 4 4 5 4 6 4 5 3 4 6 5 4 4 5 3 4 3 5 5 4 5 5 6 3 5 5 4 5 3 5 5 3 4 4 4 4 3 5 4 3 4 3 3 4 3 5 3 4 5 5 3 4 4 4 6 3 4 2 4 5 5 4 5 3 5 6 5 3 3 4 5 5 5 3 5 4 4 6 3 4 3 4 3 6 4 5 3 6 4 4 5 5 4 4 7
52 7 5 4 5 8 5 7 5 6 6 6 7 5 7 7 6 7 6 7 7 8 7 7 7 4 4 6 6 6 6 7 6 6 5 7 7 7 8 6 5 8 7 8 7 7 5 5 8 7 7 5 7 6 6 6 6 7 7 5 7 8 6 5 6 6 7 7 6 5 8 7 9 5 5 9 7 6 5 7 7 8 7 5 7 5 6 5 6 5 6 6 5 6 8 8 5 5 7 8 7
53 5 7 7 6 7 7 6 7 8 6 6 6 7 7 6 7 6 7 5 9 7 7 6 7 6 7 5 6 7 5 6 7 7 6 7 6 6 6 5 9 8 9 6 6 7 5 6 7 7 7 5 7 7 8 4 7 7 7 8 6 5 6 7 6 4 8 7 5 7 9 5 5 8 7 5 7 6 6 6 7 6 6 8 6 7 8 6 8 7 7 6 9 6 6 8 5 7 7 6 7
54 3 3 2 4 2 2 3 3 5 4 3 4 4 2 4 2 2 4 2 2 2 4 3 4 1 5 3 2 3 2 3 1 3 2 3 5 3 3 3 3 3 3 4 3 2 3 2 3 3 5 2 2 4 4 3 3 3 2 4 3 3 3 2 1 1 1 3 2 1 4 1 1 3 3 5 2 3 4 3 3 4 2 2 4 3 3 3 2 4 3 3 3 4 3 5 1 5 3 3 4
55 7 9 6 8 7 8 8 10 6 9 8 6 9 9 8 10 8 9 9 9 8 8 8 9 7 8 8 10 8 7 8 8 8 9 8 8 9 10 9 8 8 10 9 8 8 8 9 9 8 10 8 8 10 8 7 8 7 9 9 7 7 7 8 9 9 8 7 9 9 8 10 9 7 10 8 10 7 9 8 6 7 9 9 8 9 7 9 9 9 10 7 8 9 7 9 8 10 8 9 8
56 2 6 2 5 2 4 3 4 4 5 4 5 4 3 4 4 3 3 5 3 4 4 4 5 4 3 4 3 4 3 4 4 4 4 2 4 4 4 3 4 4 3 4 4 3 4 5 4 4 4 3 4 4 4 5 3 4 5 3 4 5 4 4 5 2 3 2 3 4 3 2 3 4 5 4 4 5 2 3 3 4 2 4 2 3 5 4 2 4 3 4 5 4 3 3 5 5 5 4 4
57 3 3 3 3 1 4 2 4 2 4 2 1 2 4 6 3 3 3 2 3 4 5 3 4 3 3 4 5 5 3 3 4 2 5 3 1 2 2 2 3 3 2 2 2 4 4 3 4 4 5 4 3 3 4 5 2 4 3 4 5 3 2 4 3 2 2 1 2 1 3 4 4 4 4 3 3 2 1 4 3 3 3 2 4 6 2 3 2 4 3 3 3 3 5 2 3 2 4 4 3
58 7 10 9 8 6 8 6 7 7 7 8 7 8 8 7 9 7 7 6 8 7 6 6 8 7 6 7 7 5 6 7 7 9 7 7 8 9 8 7 7 6 7 8 7 9 8 8 9 8 6 6 8 9 8 8 7 8 6 7 8 6 7 7 9 8 7 7 8 10 6 7 7 7 8 8 7 8 8 6 7 7 8 6 9 8 8 9 7 7 8 9 8 7 7 8 6 6 7 8 8
59 3 3 3 3 1 4 4 5 3 4 2 2 3 3 5 3 3 3 5 1 2 3 4 3 5 4 3 4 3 4 1 1 4 4 3 3 4 3 2 3 5 4 3 2 2 2 4 2 3 3 2 3 3 3 4 2 3 1 1 3 3 4 2 1 3 2 2 4 4 2 3 2 3 4 2 5 2 2 3 4 2 4 3 3 4 4 2 4 2 3 4 3 5 2 3 1 1 3 4 3
60 9 9 10 9 9 9 9 8 8 8 7 10 10 9 10 8 10 8 6 9 8 10 9 7 9 7 8 8 9 9 8 10 8 9 8 9 8 7 9 8 11 8 8 7 8 9 8 8 10 11 8 8 7 8 9 10 8 9 7 10 7 11 10 8 11 8 8 9 10 9 8 8 7 9 10 8 7 10 10 10 9 10 10 10 9 7 8 9 10 8 9 9 10 8 9 9 7 8 10 7
61 4 6 5 2 4 5 4 4 4 5 5 3 2 5 4 3 2 4 2 5 3 4 4 5 2 3 3 2 4 2 3 2 4 2 2 3 2 5 4 4 2 4 6 5 3 4 5 2 4 3 3 4 4 4 2 2 4 3 4 3 3 3 3 4 3 4 3 4 3 4 4 5 5 2 4 1 5 4 2 3 3 3 2 1 5 5 3 4 4 4 3 3 3 4 5 5 2 3 3 4
62 7 7 6 6 6 5 7 6 5 8 6 6 5 6 6 6 6 7 5 5 7 6 6 6 7 6 8 7 7 7 7 6 7 6 7 9 6 4 7 6 7 6 5 7 5 8 8 8 4 7 6 7 5 7 6 6 6 5 5 5 5 7 9 7 6 7 5 5 3 6 7 5 4 5 6 4 8 7 7 6 6 6 4 6 7 8 7 7 7 5 5 6 7 6 6 7 6 7 7 6
63 4 3 1 3 3 6 5 2 6 4 4 5 5 5 2 6 4 5 4 4 5 4 4 5 2 3 4 3 4 4 3 3 5 3 5 2 2 3 5 4 4 3 3 4 4 4 4 4 3 4 7 4 4 4 4 5 5 2 4 3 3 3 4 5 4 4 2 5 4 4 3 4 5 4 3 5 2 7 4 5 3 3 4 4 4 4 5 4 6 4 5 4 2 5 5 4 3 5 3 4
64 5 5 4 3 3 5 3 5 3 5 3 4 4 3 6 3 4 3 4 5 4 4 5 4 3 4 4 3 5 5 3 5 2 2 3 4 4 3 4 6 5 4 2 5 4 2 5 5 5 4 5 4 5 5 3 5 1 5 3 6 3 3 3 3 3 4 3 4 5 2 5 4 5 5 5 6 6 5 2 3 5 5 6 2 5 3 3 5 4 4 3 3 3 2 5 7 4 4 4 5
65 4 2 1 2 4 3 3 3 2 2 4 2 5 3 1 1 2 3 4 2 1 3 3 2 3 4 3 4 4 3 4 3 1 3 3 3 2 3 2 4 3 2 2 2 1 3 3 3 3 4 2 4 3 4 4 2 4 2 3 3 2 2 4 2 4 3 3 2 3 2 3 4 3 2 2 3 2 3 3 1 2 3 2 2 4 4 4 3 2 3 3 3 4 3 1 3 3 2 4 1
66 4 4 5 5 6 4 5 5 5 4 7 7 5 5 7 5 4 4 5 5 2 6 7 5 5 6 7 4 4 5 3 4 5 6 5 4 4 5 5 4 6 5 5 3 4 6 6 5 5 4 3 5 3 4 5 4 7 5 6 4 5 5 4 4 4 4 5 6 6 5 3 7 6 4 7 5 5 4 5 5 5 5 5 5 5 4 6 6 4 5 5 5 4 4 5 4 6 5 5 5
67 5 5 6 6 4 6 5 3 5 6 4 4 5 4 6 4 6 5 6 5 5 5 6 6 5 4 6 4 7 6 6 5 5 4 6 5 5 5 5 5 4 4 4 4 5 4 4 6 6 5 6 3 4 5 4 5 4 7 4 5 5 4 5 7 7 4 7 6 6 5 5 6 4 3 7 4 5 4 4 4 5 4 5 5 5 4 4 4 6 5 5 5 3 7 5 5 5 6 5 5
68 8 8 7 9 8 8 9 9 7 7 7 7 9 8 6 7 6 6 8 8 8 7 8 8 10 8 6 7 8 8 8 8 8 7 7 8 7 8 7 8 8 6 8 5 6 8 6 10 6 8 6 7 8 8 8 7 8 7 7 7 9 10 8 7 8 10 8 6 8 7 8 6 7 6 6 8 7 7 8 8 7 8 8 6 9 8 9 8 7 6 8 6 7 7 7 7 7 8 7 7
69 3 7 7 5 3 3 4 5 3 4 6 4 5 5 5 4 5 4 3 5 4 4 4 4 5 4 4 4 6 5 3 4 5 5 6 5 4 3 4 4 5 4 5 5 4 5 4 6 5 5 4 4 4 4 4 5 5 3 5 5 6 4 5 6 4 6 4 5 6 4 3 5 5 3 6 5 4 3 4 4 4 4 6 5 4 4 4 5 6 4 5 3 2 4 4 2 5 7 3 5
70 6 6 5 5 7 6 7 6 5 4 3 5 6 6 4 6 5 7 4 5 6 5 6 3 5 5 3 5 7 6 6 4 6 7 6 6 5 5 6 4 6 6 6 5 5 6 6 7 6 6 6 5 4 5 7 6 4 6 5 8 7 4 6 4 6 7 6 7 7 7 5 7 6 6 7 5 4 3 6 7 6 5 7 6 7 7 8 6 6 5 7 6 7 6 4 5 7 6 6 4

Probability_of_each_scenario_occuring:
0.01 0.01 0.01 0.01 0.01 0.01 0.01 0.01 0.01 0.01 0.01 0.01 0.01 0.01 0.01 0.01 0.01 0.01 0.01 0.01 0.01 0.01 0.01 0.01 0.01 0.01 0.01 0.01 0.01 0.01 0.01 0.01 0.01 0.01 0.01 0.01 0.01 0.01 0.01 0.01 0.01 0.01 0.01 0.01 0.01 0.01 0.01 0.01 0.01 0.01 0.01 0.01 0.01 0.01 0.01 0.01 0.01 0.01 0.01 0.01 0.01 0.01 0.01 0.01 0.01 0.01 0.01 0.01 0.01 0.01 0.01 0.01 0.01 0.01 0.01 0.01 0.01 0.01 0.01 0.01 0.01 0.01 0.01 0.01 0.01 0.01 0.01 0.01 0.01 0.01 0.01 0.01 0.01 0.01 0.01 0.01 0.01 0.01 0.01 0.01 

Travel_Costs:
0 2.4 2.07 1.65 0.56 2.45 1.56 2.18 0.6 1.67 2.3 2.24 2.71 2.85 1.38 2.88 1.65 2.52 2.19 2.2 2.71 1.15 2.84 2.38 0.64 2.39 2.11 1.97 2.68 1.93 2.16 0.89 1.08 0.67 1.24 3.09 2 2.47 0.71 1.1 1.79 1.4 1.57 1.73 1.99 1.81 1.54 2.94 2.35 1.4 2.61 1.87 3.45 2.97 2.87 2.72 1.23 2.04 1.91 2.79 1.25 2.28 2.56 2.12 2.1 1.24 1.03 3.3 1.84 2.21 1.97 
2.4 0 1.35 1.72 2.5 3.04 2.47 1.09 2.12 3.92 4.68 0.92 5.09 4.1 3.74 0.65 2 0.45 3.59 4.16 3.3 1.28 5.22 2.6 2.43 3.16 4.35 4.18 4.03 3.32 3.97 3.2 2.89 2.93 3.13 4.21 3.69 0.24 2.05 3.43 1.13 2.5 0.87 3.54 2.82 4.1 2.11 0.63 3.92 3.68 0.87 1.31 4.32 4.03 0.49 0.62 3.51 0.4 0.62 4.04 3.39 4.14 4.86 3.61 3.74 1.21 1.43 3.87 3.85 4.48 4.34 
2.07 1.35 0 2.41 2.45 3.75 1.33 0.3 2.15 3.73 4.26 2.05 4.65 4.57 3.4 1.98 2.63 1.77 3.96 4.22 4.03 1.12 4.78 3.41 1.74 3.8 4.17 3.35 4.45 2.17 2.92 2.95 2.02 2.73 2.24 4.75 3.91 1.57 1.41 2.81 1.96 1.42 1.38 3.68 1.57 3.86 0.97 1.93 2.76 2.97 2.16 2.17 4.99 2.74 1.56 1.13 2.83 1.36 1.5 2.78 3.3 4.27 4.08 2.46 2.63 1.49 1.14 2.53 3.86 3.69 3.72 
1.65 1.72 2.41 0 1.34 1.37 2.77 2.31 1.07 2.6 3.51 0.98 3.91 2.38 2.59 1.84 0.28 1.53 1.9 2.6 1.64 1.38 4.03 1.01 2.12 1.46 2.97 3.59 2.31 3.42 3.78 2.06 2.65 1.8 2.84 2.49 2.06 1.62 1.89 2.69 0.6 2.69 1.06 1.97 3.24 2.81 2.55 1.97 3.92 3.01 1.35 0.47 2.64 4.39 2.16 2.31 2.84 1.35 1.12 4.27 2.04 2.53 4.12 3.66 3.68 0.94 1.46 4.54 2.35 3.79 3.45 
0.56 2.5 2.45 1.34 0 1.93 2.1 2.52 0.38 1.43 2.24 2.13 2.65 2.3 1.3 2.88 1.26 2.52 1.65 1.78 2.17 1.39 2.77 1.91 1.19 1.85 1.86 2.29 2.14 2.48 2.63 0.75 1.62 0.47 1.74 2.54 1.49 2.52 1.22 1.38 1.66 1.96 1.63 1.24 2.55 1.61 2.05 2.97 2.87 1.71 2.52 1.68 2.9 3.52 2.98 2.92 1.55 2.11 1.93 3.33 0.91 1.82 2.79 2.65 2.62 1.29 1.33 3.86 1.43 2.47 2.11 
2.45 3.04 3.75 1.37 1.93 0 3.89 3.67 1.91 2.49 3.46 2.19 3.79 1.21 2.73 3.02 1.12 2.77 1.05 2.05 0.29 2.67 3.88 0.5 3.06 0.22 2.7 4.09 1.23 4.38 4.54 2.36 3.53 2.2 3.66 1.22 1.46 2.91 2.97 3.21 1.93 3.77 2.42 1.57 4.36 2.69 3.74 3.17 4.79 3.53 2.47 1.74 1.29 5.41 3.44 3.64 3.39 2.7 2.47 5.24 2.06 1.89 4.44 4.57 4.54 2.26 2.71 5.68 1.98 4.2 3.7 
1.56 2.47 1.33 2.77 2.1 3.89 0 1.6 1.99 3 3.27 2.86 3.63 4.4 2.57 3.11 2.89 2.82 3.74 3.67 4.16 1.47 3.75 3.71 0.95 3.86 3.41 2.11 4.23 0.86 1.6 2.27 0.87 2.16 1.03 4.64 3.54 2.66 0.93 1.79 2.57 0.18 2.04 3.27 0.47 3.07 0.37 3.09 1.46 1.85 3.11 2.75 4.98 1.66 2.8 2.42 1.74 2.31 2.33 1.6 2.72 3.78 2.84 1.15 1.31 1.91 1.35 1.8 3.31 2.46 2.61 
2.18 1.09 0.3 2.31 2.52 3.67 1.6 0 2.19 3.85 4.43 1.85 4.82 4.56 3.54 1.71 2.55 1.52 3.96 4.29 3.95 1.14 4.95 3.31 1.93 3.74 4.29 3.59 4.44 2.45 3.19 3.07 2.26 2.83 2.48 4.72 3.94 1.32 1.58 3.01 1.82 1.69 1.26 3.72 1.86 3.99 1.24 1.64 3.05 3.19 1.93 2.03 4.93 3.03 1.26 0.84 3.04 1.16 1.32 3.07 3.39 4.32 4.31 2.74 2.91 1.44 1.2 2.81 3.94 3.92 3.92 
0.6 2.12 2.15 1.07 0.38 1.91 1.99 2.19 0 1.8 2.61 1.78 3.02 2.47 1.66 2.51 1.05 2.15 1.84 2.11 2.18 1.06 3.14 1.8 1.16 1.88 2.23 2.53 2.33 2.49 2.75 1.11 1.66 0.83 1.83 2.69 1.76 2.14 1.07 1.63 1.31 1.87 1.26 1.54 2.45 1.99 1.88 2.6 2.94 1.94 2.16 1.35 3 3.51 2.61 2.56 1.78 1.73 1.56 3.35 1.27 2.13 3.08 2.7 2.69 0.92 1.02 3.78 1.77 2.74 2.42 
1.67 3.92 3.73 2.6 1.43 2.49 3 3.85 1.8 0 0.97 3.5 1.34 2.09 0.49 4.29 2.42 3.93 1.6 0.85 2.63 2.77 1.45 2.75 2.1 2.31 0.45 1.94 1.89 2.97 2.7 0.79 2.2 1.03 2.17 2.39 1.16 3.94 2.34 1.35 3.04 2.82 3.06 0.94 3.34 0.21 3.1 4.39 3.1 1.54 3.89 3.01 2.87 3.95 4.41 4.33 1.5 3.53 3.35 3.68 0.56 1.04 2.06 3.01 2.87 2.72 2.68 4.5 0.6 1.91 1.33 
2.3 4.68 4.26 3.51 2.24 3.46 3.27 4.43 2.61 0.97 0 4.37 0.42 2.92 0.95 5.11 3.35 4.74 2.51 1.59 3.58 3.45 0.54 3.71 2.53 3.27 0.84 1.57 2.73 2.98 2.47 1.5 2.41 1.78 2.29 3.22 2.07 4.73 2.85 1.49 3.9 3.1 3.83 1.89 3.51 0.77 3.47 5.19 2.92 1.47 4.75 3.9 3.71 3.82 5.15 5.01 1.55 4.31 4.15 3.52 1.5 1.81 1.35 2.93 2.74 3.48 3.33 4.48 1.5 1.37 0.82 
2.24 0.92 2.05 0.98 2.13 2.19 2.86 1.85 1.78 3.5 4.37 0 4.77 3.31 3.42 0.87 1.24 0.58 2.87 3.57 2.43 1.41 4.9 1.72 2.5 2.33 3.9 4.18 3.26 3.65 4.18 2.88 3.04 2.6 3.26 3.38 3.04 0.74 2.17 3.33 0.48 2.84 0.83 2.94 3.29 3.7 2.55 1 4.22 3.63 0.39 0.52 3.45 4.51 1.26 1.53 3.46 0.69 0.56 4.46 2.95 3.51 4.8 3.93 4.01 1.06 1.56 4.49 3.3 4.44 4.18 
2.71 5.09 4.65 3.91 2.65 3.79 3.63 4.82 3.02 1.34 0.42 4.77 0 3.17 1.36 5.52 3.75 5.16 2.81 1.84 3.89 3.85 0.14 4.07 2.91 3.59 1.11 1.79 2.98 3.27 2.69 1.91 2.76 2.19 2.62 3.46 2.37 5.14 3.25 1.86 4.3 3.45 4.24 2.22 3.83 1.13 3.84 5.6 3.15 1.79 5.16 4.3 3.94 4.05 5.56 5.42 1.89 4.72 4.56 3.74 1.88 2.05 1.39 3.19 2.98 3.89 3.73 4.74 1.81 1.52 1.07 
2.85 4.1 4.57 2.38 2.3 1.21 4.4 4.56 2.47 2.09 2.92 3.31 3.17 0 2.49 4.16 2.11 3.88 0.66 1.34 1.09 3.45 3.22 1.71 3.47 1.02 2.09 3.99 0.2 4.68 4.64 2.35 3.82 2.33 3.89 0.31 0.97 4 3.5 3.22 2.98 4.24 3.37 1.25 4.83 2.23 4.33 4.31 4.97 3.49 3.63 2.82 0.79 5.73 4.53 4.68 3.41 3.73 3.5 5.5 1.9 1.12 4.14 4.81 4.72 3.13 3.45 6.13 1.49 3.99 3.41 
1.38 3.74 3.4 2.59 1.3 2.73 2.57 3.54 1.66 0.49 0.95 3.42 1.36 2.49 0 4.16 2.46 3.8 1.94 1.32 2.9 2.52 1.49 2.91 1.71 2.57 0.85 1.5 2.29 2.49 2.23 0.55 1.75 0.83 1.7 2.79 1.53 3.78 1.99 0.87 2.95 2.39 2.88 1.27 2.89 0.51 2.7 4.24 2.62 1.06 3.81 2.96 3.26 3.47 4.22 4.09 1.02 3.36 3.2 3.2 0.68 1.5 1.72 2.53 2.39 2.54 2.41 4.03 1.02 1.51 0.98 
2.88 0.65 1.98 1.84 2.88 3.02 3.11 1.71 2.51 4.29 5.11 0.87 5.52 4.16 4.16 0 2.1 0.37 3.73 4.41 3.24 1.83 5.64 2.53 2.99 3.17 4.7 4.74 4.12 3.95 4.59 3.61 3.48 3.33 3.72 4.22 3.9 0.46 2.62 3.95 1.28 3.13 1.31 3.79 3.46 4.48 2.75 0.16 4.55 4.22 0.56 1.38 4.26 4.67 0.59 1.04 4.05 0.86 0.97 4.68 3.74 4.36 5.4 4.24 4.36 1.65 1.99 4.51 4.13 5.02 4.84 
1.65 2 2.63 0.28 1.26 1.12 2.89 2.55 1.05 2.42 3.35 1.24 3.75 2.11 2.46 2.1 0 1.79 1.63 2.36 1.4 1.57 3.86 0.83 2.17 1.2 2.77 3.54 2.04 3.49 3.8 1.94 2.69 1.69 2.87 2.23 1.81 1.9 1.99 2.63 0.88 2.79 1.31 1.74 3.36 2.63 2.69 2.24 3.97 2.96 1.6 0.73 2.39 4.49 2.43 2.58 2.8 1.62 1.39 4.35 1.87 2.29 4.04 3.72 3.73 1.15 1.63 4.68 2.13 3.73 3.34 
2.52 0.45 1.77 1.53 2.52 2.77 2.82 1.52 2.15 3.93 4.74 0.58 5.16 3.88 3.8 0.37 1.79 0 3.42 4.08 3.01 1.49 5.28 2.3 2.65 2.91 4.34 4.39 3.83 3.65 4.26 3.25 3.15 2.97 3.38 3.96 3.57 0.22 2.28 3.59 0.95 2.83 0.95 3.45 3.2 4.12 2.47 0.47 4.24 3.86 0.43 1.07 4.03 4.42 0.69 1.02 3.69 0.53 0.61 4.4 3.38 4.03 5.05 3.94 4.05 1.28 1.64 4.29 3.79 4.67 4.48 
2.19 3.59 3.96 1.9 1.65 1.05 3.74 3.96 1.84 1.6 2.51 2.87 2.81 0.66 1.94 3.73 1.63 3.42 0 1.02 1.1 2.85 2.89 1.47 2.82 0.83 1.71 3.42 0.5 4.04 4.02 1.73 3.18 1.69 3.25 0.92 0.45 3.51 2.86 2.61 2.49 3.59 2.81 0.67 4.18 1.77 3.69 3.86 4.34 2.9 3.21 2.36 1.34 5.08 4.04 4.15 2.8 3.2 2.98 4.86 1.31 0.84 3.64 4.18 4.09 2.55 2.83 5.48 1.02 3.45 2.89 
2.2 4.16 4.22 2.6 1.78 2.05 3.67 4.29 2.11 0.85 1.59 3.57 1.84 1.34 1.32 4.41 2.36 4.08 1.02 0 2.11 3.16 1.91 2.43 2.74 1.84 0.76 2.78 1.15 3.75 3.54 1.41 2.94 1.54 2.94 1.64 0.61 4.13 2.91 2.16 3.14 3.5 3.31 0.63 4.06 0.94 3.72 4.54 3.92 2.37 3.95 3.06 2.12 4.75 4.64 4.64 2.32 3.76 3.55 4.5 0.96 0.22 2.84 3.82 3.69 2.99 3.1 5.27 0.37 2.73 2.14 
2.71 3.3 4.03 1.64 2.17 0.29 4.16 3.95 2.18 2.63 3.58 2.43 3.89 1.09 2.9 3.24 1.4 3.01 1.1 2.11 0 2.95 3.97 0.72 3.33 0.34 2.79 4.3 1.16 4.64 4.78 2.56 3.78 2.42 3.91 1.04 1.53 3.16 3.24 3.43 2.2 4.04 2.7 1.69 4.63 2.82 4.02 3.4 5.04 3.74 2.69 2 1.03 5.67 3.68 3.9 3.61 2.96 2.73 5.5 2.23 1.92 4.62 4.82 4.78 2.54 2.99 5.95 2.09 4.39 3.87 
1.15 1.28 1.12 1.38 1.39 2.67 1.47 1.14 1.06 2.77 3.45 1.41 3.85 3.45 2.52 1.83 1.57 1.49 2.85 3.16 2.95 0 3.98 2.38 1.16 2.7 3.21 2.91 3.33 2.24 2.79 2.01 1.66 1.75 1.9 3.64 2.81 1.39 0.8 2.15 1.1 1.44 0.59 2.59 1.92 2.93 1.2 1.87 2.81 2.4 1.71 1.29 3.88 3.13 1.74 1.57 2.23 0.98 0.92 3.06 2.28 3.19 3.58 2.52 2.6 0.45 0.16 3.19 2.82 3.2 3.06 
2.84 5.22 4.78 4.03 2.77 3.88 3.75 4.95 3.14 1.45 0.54 4.9 0.14 3.22 1.49 5.64 3.86 5.28 2.89 1.91 3.97 3.98 0 4.17 3.04 3.68 1.19 1.89 3.04 3.39 2.8 2.03 2.89 2.32 2.74 3.51 2.45 5.26 3.38 1.99 4.42 3.58 4.37 2.31 3.96 1.24 3.97 5.73 3.25 1.92 5.28 4.42 3.99 4.15 5.69 5.55 2.02 4.84 4.68 3.85 1.99 2.11 1.46 3.31 3.09 4.02 3.86 4.85 1.9 1.62 1.18 
2.38 2.6 3.41 1.01 1.91 0.5 3.71 3.31 1.8 2.75 3.71 1.72 4.07 1.71 2.91 2.53 0.83 2.3 1.47 2.43 0.72 2.38 4.17 0 2.95 0.7 3.01 4.17 1.72 4.28 4.53 2.47 3.46 2.26 3.62 1.72 1.82 2.45 2.8 3.27 1.52 3.61 2.05 1.88 4.18 2.95 3.52 2.69 4.73 3.59 1.98 1.32 1.74 5.29 2.98 3.21 3.45 2.28 2.06 5.14 2.25 2.28 4.59 4.49 4.48 1.95 2.45 5.49 2.3 4.31 3.86 
0.64 2.43 1.74 2.12 1.19 3.06 0.95 1.93 1.16 2.1 2.53 2.5 2.91 3.47 1.71 2.99 2.17 2.65 2.82 2.74 3.33 1.16 3.04 2.95 0 3.01 2.53 1.76 3.3 1.33 1.69 1.35 0.55 1.22 0.76 3.72 2.6 2.55 0.38 1.08 2.11 0.78 1.72 2.33 1.37 2.2 1 3.03 1.81 1.28 2.83 2.24 4.08 2.35 2.86 2.61 1.12 2.13 2.06 2.2 1.78 2.85 2.45 1.55 1.57 1.45 1.01 2.67 2.38 2.06 2 
2.39 3.16 3.8 1.46 1.85 0.22 3.86 3.74 1.88 2.31 3.27 2.33 3.59 1.02 2.57 3.17 1.2 2.91 0.83 1.84 0.34 2.7 3.68 0.7 3.01 0 2.5 3.96 1.02 4.32 4.44 2.22 3.46 2.08 3.58 1.06 1.25 3.04 2.94 3.09 2.04 3.74 2.5 1.38 4.33 2.5 3.73 3.32 4.71 3.4 2.63 1.86 1.2 5.36 3.57 3.76 3.27 2.8 2.58 5.17 1.89 1.67 4.28 4.5 4.45 2.31 2.73 5.65 1.79 4.05 3.54 
2.11 4.35 4.17 2.97 1.86 2.7 3.41 4.29 2.23 0.45 0.84 3.9 1.11 2.09 0.85 4.7 2.77 4.34 1.71 0.76 2.79 3.21 1.19 3.01 2.53 2.5 0 2.15 1.9 3.32 2.98 1.23 2.59 1.46 2.53 2.39 1.27 4.36 2.78 1.7 3.44 3.23 3.48 1.14 3.73 0.34 3.52 4.8 3.4 1.83 4.29 3.4 2.88 4.27 4.83 4.76 1.83 3.96 3.77 3.99 0.97 0.98 2.12 3.34 3.18 3.14 3.12 4.85 0.72 2.05 1.45 
1.97 4.18 3.35 3.59 2.29 4.09 2.11 3.59 2.53 1.94 1.57 4.18 1.79 3.99 1.5 4.74 3.54 4.39 3.42 2.78 4.3 2.91 1.89 4.17 1.76 3.96 2.15 0 3.79 1.55 0.91 1.74 1.34 1.92 1.12 4.29 3.02 4.3 2.14 0.92 3.75 1.97 3.45 2.75 2.19 1.86 2.42 4.78 1.37 0.59 4.54 3.83 4.74 2.27 4.61 4.33 0.75 3.88 3.79 1.96 2.12 2.98 0.74 1.43 1.21 3.15 2.76 2.97 2.52 0.35 0.76 
2.68 4.03 4.45 2.31 2.14 1.23 4.23 4.44 2.33 1.89 2.73 3.26 2.98 0.2 2.29 4.12 2.04 3.83 0.5 1.15 1.16 3.33 3.04 1.72 3.3 1.02 1.9 3.79 0 4.5 4.44 2.16 3.64 2.15 3.71 0.51 0.78 3.93 3.35 3.03 2.91 4.08 3.27 1.06 4.66 2.04 4.18 4.26 4.78 3.3 3.59 2.76 0.98 5.54 4.47 4.59 3.21 3.65 3.42 5.32 1.71 0.93 3.94 4.63 4.53 3.02 3.32 5.96 1.3 3.79 3.21 
1.93 3.32 2.17 3.42 2.48 4.38 0.86 2.45 2.49 2.97 2.98 3.65 3.27 4.68 2.49 3.95 3.49 3.65 4.04 3.75 4.64 2.24 3.39 4.28 1.33 4.32 3.32 1.55 4.5 0 0.81 2.38 0.87 2.36 0.81 4.95 3.76 3.5 1.54 1.63 3.31 0.83 2.83 3.47 0.7 2.98 1.23 3.94 0.6 1.53 3.93 3.48 5.34 1.05 3.66 3.28 1.49 3.14 3.14 0.87 2.85 3.9 2.24 0.3 0.48 2.64 2.1 1.54 3.41 1.89 2.21 
2.16 3.97 2.92 3.78 2.63 4.54 1.6 3.19 2.75 2.7 2.47 4.18 2.69 4.64 2.23 4.59 3.8 4.26 4.02 3.54 4.78 2.79 2.8 4.53 1.69 4.44 2.98 0.91 4.44 0.81 0 2.29 1.15 2.37 0.94 4.92 3.67 4.14 2.01 1.42 3.79 1.51 3.38 3.39 1.51 2.66 1.96 4.6 0.46 1.17 4.49 3.92 5.36 1.36 4.35 4 1.23 3.74 3.71 1.06 2.74 3.71 1.5 0.59 0.36 3.13 2.64 2.07 3.23 1.2 1.66 
0.89 3.2 2.95 2.06 0.75 2.36 2.27 3.07 1.11 0.79 1.5 2.88 1.91 2.35 0.55 3.61 1.94 3.25 1.73 1.41 2.56 2.01 2.03 2.47 1.35 2.22 1.23 1.74 2.16 2.38 2.29 0 1.54 0.29 1.57 2.64 1.4 3.24 1.57 0.89 2.41 2.1 2.34 1.11 2.65 0.93 2.34 3.7 2.63 1.19 3.26 2.42 3.07 3.4 3.68 3.57 1.08 2.82 2.66 3.17 0.48 1.54 2.13 2.48 2.38 2 1.91 3.88 1.05 1.85 1.41 
1.08 2.89 2.02 2.65 1.62 3.53 0.87 2.26 1.66 2.2 2.41 3.04 2.76 3.82 1.75 3.48 2.69 3.15 3.18 2.94 3.78 1.66 2.89 3.46 0.55 3.46 2.59 1.34 3.64 0.87 1.15 1.54 0 1.5 0.24 4.09 2.91 3.04 0.87 0.93 2.64 0.7 2.24 2.62 1.14 2.25 1.11 3.51 1.28 0.99 3.36 2.78 4.48 1.91 3.3 3.01 0.88 2.63 2.58 1.72 2.01 3.08 2.06 1.05 1.04 1.99 1.51 2.34 2.59 1.67 1.75 
0.67 2.93 2.73 1.8 0.47 2.2 2.16 2.83 0.83 1.03 1.78 2.6 2.19 2.33 0.83 3.33 1.69 2.97 1.69 1.54 2.42 1.75 2.32 2.26 1.22 2.08 1.46 1.92 2.15 2.36 2.37 0.29 1.5 0 1.57 2.6 1.41 2.96 1.38 1.02 2.13 1.99 2.07 1.13 2.56 1.19 2.18 3.42 2.67 1.34 2.98 2.14 3.01 3.4 3.41 3.31 1.2 2.54 2.38 3.18 0.59 1.64 2.36 2.5 2.42 1.72 1.66 3.83 1.17 2.06 1.66 
1.24 3.13 2.24 2.84 1.74 3.66 1.03 2.48 1.83 2.17 2.29 3.26 2.62 3.89 1.7 3.72 2.87 3.38 3.25 2.94 3.91 1.9 2.74 3.62 0.76 3.58 2.53 1.12 3.71 0.81 0.94 1.57 0.24 1.57 0 4.17 2.95 3.27 1.1 0.84 2.86 0.87 2.47 2.67 1.23 2.2 1.31 3.74 1.13 0.83 3.58 2.99 4.57 1.84 3.53 3.24 0.75 2.86 2.81 1.62 2.04 3.09 1.85 0.93 0.88 2.21 1.74 2.34 2.6 1.46 1.58 
3.09 4.21 4.75 2.49 2.54 1.22 4.64 4.72 2.69 2.39 3.22 3.38 3.46 0.31 2.79 4.22 2.23 3.96 0.92 1.64 1.04 3.64 3.51 1.72 3.72 1.06 2.39 4.29 0.51 4.95 4.92 2.64 4.09 2.6 4.17 0 1.27 4.09 3.74 3.51 3.09 4.49 3.51 1.55 5.08 2.54 4.56 4.37 5.25 3.79 3.68 2.91 0.49 6 4.62 4.8 3.7 3.84 3.61 5.78 2.2 1.42 4.44 5.09 5 3.29 3.64 6.39 1.8 4.29 3.72 
2 3.69 3.91 2.06 1.49 1.46 3.54 3.94 1.76 1.16 2.07 3.04 2.37 0.97 1.53 3.9 1.81 3.57 0.45 0.61 1.53 2.81 2.45 1.82 2.6 1.25 1.27 3.02 0.78 3.76 3.67 1.4 2.91 1.41 2.95 1.27 0 3.64 2.7 2.26 2.63 3.38 2.87 0.29 3.96 1.33 3.53 4.02 4.02 2.53 3.41 2.52 1.73 4.79 4.16 4.21 2.44 3.3 3.08 4.56 0.94 0.48 3.21 3.87 3.77 2.57 2.77 5.24 0.57 3.03 2.47 
2.47 0.24 1.57 1.62 2.52 2.91 2.66 1.32 2.14 3.94 4.73 0.74 5.14 4 3.78 0.46 1.9 0.22 3.51 4.13 3.16 1.39 5.26 2.45 2.55 3.04 4.36 4.3 3.93 3.5 4.14 3.24 3.04 2.96 3.27 4.09 3.64 0 2.18 3.52 1.03 2.68 0.9 3.5 3.02 4.12 2.31 0.49 4.1 3.79 0.64 1.18 4.18 4.24 0.54 0.81 3.62 0.43 0.59 4.24 3.4 4.09 4.97 3.79 3.91 1.25 1.54 4.1 3.83 4.59 4.42 
0.71 2.05 1.41 1.89 1.22 2.97 0.93 1.58 1.07 2.34 2.85 2.17 3.25 3.5 1.99 2.62 1.99 2.28 2.86 2.91 3.24 0.8 3.38 2.8 0.38 2.94 2.78 2.14 3.35 1.54 2.01 1.57 0.87 1.38 1.1 3.74 2.7 2.18 0 1.45 1.8 0.81 1.37 2.43 1.4 2.46 0.84 2.65 2.07 1.66 2.49 1.95 4.06 2.51 2.48 2.23 1.5 1.77 1.71 2.39 1.96 2.99 2.83 1.79 1.85 1.13 0.64 2.72 2.54 2.44 2.36 
1.1 3.43 2.81 2.69 1.38 3.21 1.79 3.01 1.63 1.35 1.49 3.33 1.86 3.22 0.87 3.95 2.63 3.59 2.61 2.16 3.43 2.15 1.99 3.27 1.08 3.09 1.7 0.92 3.03 1.63 1.42 0.89 0.93 1.02 0.84 3.51 2.26 3.52 1.45 0 2.88 1.62 2.64 1.98 2.06 1.36 1.99 4 1.78 0.33 3.7 2.95 3.95 2.6 3.88 3.67 0.19 3.1 2.98 2.35 1.33 2.32 1.47 1.67 1.54 2.32 2.01 3.16 1.83 1.12 0.92 
1.79 1.13 1.96 0.6 1.66 1.93 2.57 1.82 1.31 3.04 3.9 0.48 4.3 2.98 2.95 1.28 0.88 0.95 2.49 3.14 2.2 1.1 4.42 1.52 2.11 2.04 3.44 3.75 2.91 3.31 3.79 2.41 2.64 2.13 2.86 3.09 2.63 1.03 1.8 2.88 0 2.52 0.59 2.51 3.02 3.23 2.29 1.4 3.87 3.18 0.86 0.22 3.21 4.22 1.56 1.72 3.01 0.77 0.54 4.14 2.48 3.09 4.35 3.58 3.64 0.68 1.23 4.27 2.86 3.99 3.72 
1.4 2.5 1.42 2.69 1.96 3.77 0.18 1.69 1.87 2.82 3.1 2.84 3.45 4.24 2.39 3.13 2.79 2.83 3.59 3.5 4.04 1.44 3.58 3.61 0.78 3.74 3.23 1.97 4.08 0.83 1.51 2.1 0.7 1.99 0.87 4.49 3.38 2.68 0.81 1.62 2.52 0 2.02 3.1 0.6 2.89 0.46 3.13 1.42 1.68 3.11 2.7 4.84 1.71 2.85 2.49 1.57 2.31 2.32 1.63 2.55 3.62 2.7 1.12 1.25 1.85 1.3 1.92 3.14 2.31 2.44 
1.57 0.87 1.38 1.06 1.63 2.42 2.04 1.26 1.26 3.06 3.83 0.83 4.24 3.37 2.88 1.31 1.31 0.95 2.81 3.31 2.7 0.59 4.37 2.05 1.72 2.5 3.48 3.45 3.27 2.83 3.38 2.34 2.24 2.07 2.47 3.51 2.87 0.9 1.37 2.64 0.59 2.02 0 2.7 2.47 3.24 1.74 1.38 3.4 2.91 1.12 0.8 3.69 3.69 1.35 1.35 2.74 0.48 0.35 3.63 2.53 3.3 4.1 3.1 3.19 0.35 0.74 3.7 2.99 3.72 3.53 
1.73 3.54 3.68 1.97 1.24 1.57 3.27 3.72 1.54 0.94 1.89 2.94 2.22 1.25 1.27 3.79 1.74 3.45 0.67 0.63 1.69 2.59 2.31 1.88 2.33 1.38 1.14 2.75 1.06 3.47 3.39 1.11 2.62 1.13 2.67 1.55 0.29 3.5 2.43 1.98 2.51 3.1 2.7 0 3.68 1.13 3.26 3.91 3.73 2.25 3.32 2.43 2 4.5 4.01 4.04 2.16 3.14 2.93 4.27 0.65 0.61 2.97 3.58 3.48 2.39 2.54 4.95 0.42 2.78 2.23 
1.99 2.82 1.57 3.24 2.55 4.36 0.47 1.86 2.45 3.34 3.51 3.29 3.83 4.83 2.89 3.46 3.36 3.2 4.18 4.06 4.63 1.92 3.96 4.18 1.37 4.33 3.73 2.19 4.66 0.7 1.51 2.65 1.14 2.56 1.23 5.08 3.96 3.02 1.4 2.06 3.02 0.6 2.47 3.68 0 3.39 0.74 3.43 1.24 2.05 3.52 3.2 5.43 1.23 3.1 2.69 1.97 2.7 2.75 1.22 3.11 4.18 2.9 0.96 1.17 2.36 1.8 1.33 3.69 2.54 2.78 
1.81 4.1 3.86 2.81 1.61 2.69 3.07 3.99 1.99 0.21 0.77 3.7 1.13 2.23 0.51 4.48 2.63 4.12 1.77 0.94 2.82 2.93 1.24 2.95 2.2 2.5 0.34 1.86 2.04 2.98 2.66 0.93 2.25 1.19 2.2 2.54 1.33 4.12 2.46 1.36 3.23 2.89 3.24 1.13 3.39 0 3.19 4.58 3.08 1.51 4.09 3.21 3.02 3.94 4.58 4.49 1.5 3.71 3.54 3.67 0.77 1.15 1.91 3.01 2.85 2.89 2.83 4.52 0.76 1.8 1.2 
1.54 2.11 0.97 2.55 2.05 3.74 0.37 1.24 1.88 3.1 3.47 2.55 3.84 4.33 2.7 2.75 2.69 2.47 3.69 3.72 4.02 1.2 3.97 3.52 1 3.73 3.52 2.42 4.18 1.23 1.96 2.34 1.11 2.18 1.31 4.56 3.53 2.31 0.84 1.99 2.29 0.46 1.74 3.26 0.74 3.19 0 2.73 1.83 2.09 2.78 2.48 4.88 1.96 2.43 2.06 1.97 1.97 2.01 1.94 2.76 3.81 3.15 1.52 1.68 1.64 1.09 2 3.35 2.76 2.85 
2.94 0.63 1.93 1.97 2.97 3.17 3.09 1.64 2.6 4.39 5.19 1 5.6 4.31 4.24 0.16 2.24 0.47 3.86 4.54 3.4 1.87 5.73 2.69 3.03 3.32 4.8 4.78 4.26 3.94 4.6 3.7 3.51 3.42 3.74 4.37 4.02 0.49 2.65 4 1.4 3.13 1.38 3.91 3.43 4.58 2.73 0 4.54 4.27 0.71 1.51 4.42 4.64 0.46 0.93 4.1 0.91 1.05 4.65 3.84 4.49 5.45 4.23 4.36 1.72 2.02 4.45 4.25 5.07 4.9 
2.35 3.92 2.76 3.92 2.87 4.79 1.46 3.05 2.94 3.1 2.92 4.22 3.15 4.97 2.62 4.55 3.97 4.24 4.34 3.92 5.04 2.81 3.25 4.73 1.81 4.71 3.4 1.37 4.78 0.6 0.46 2.63 1.28 2.67 1.13 5.25 4.02 4.1 2.07 1.78 3.87 1.42 3.4 3.73 1.24 3.08 1.83 4.54 0 1.57 4.51 4.02 5.67 0.9 4.25 3.87 1.61 3.72 3.72 0.61 3.08 4.09 1.94 0.31 0.26 3.19 2.67 1.62 3.6 1.66 2.11 
1.4 3.68 2.97 3.01 1.71 3.53 1.85 3.19 1.94 1.54 1.47 3.63 1.79 3.49 1.06 4.22 2.96 3.86 2.9 2.37 3.74 2.4 1.92 3.59 1.28 3.4 1.83 0.59 3.3 1.53 1.17 1.19 0.99 1.34 0.83 3.79 2.53 3.79 1.66 0.33 3.18 1.68 2.91 2.25 2.05 1.51 2.09 4.27 1.57 0 3.99 3.26 4.23 2.44 4.12 3.89 0.18 3.36 3.26 2.16 1.6 2.55 1.19 1.52 1.35 2.6 2.26 3.05 2.06 0.82 0.76 
2.61 0.87 2.16 1.35 2.52 2.47 3.11 1.93 2.16 3.89 4.75 0.39 5.16 3.63 3.81 0.56 1.6 0.43 3.21 3.95 2.69 1.71 5.28 1.98 2.83 2.63 4.29 4.54 3.59 3.93 4.49 3.26 3.36 2.98 3.58 3.68 3.41 0.64 2.49 3.7 0.86 3.11 1.12 3.32 3.52 4.09 2.78 0.71 4.51 3.99 0 0.9 3.71 4.74 1.07 1.44 3.82 0.83 0.79 4.71 3.34 3.88 5.17 4.21 4.3 1.4 1.86 4.66 3.69 4.8 4.56 
1.87 1.31 2.17 0.47 1.68 1.74 2.75 2.03 1.35 3.01 3.9 0.52 4.3 2.82 2.96 1.38 0.73 1.07 2.36 3.06 2 1.29 4.42 1.32 2.24 1.86 3.4 3.83 2.76 3.48 3.92 2.42 2.78 2.14 2.99 2.91 2.52 1.18 1.95 2.95 0.22 2.7 0.8 2.43 3.2 3.21 2.48 1.51 4.02 3.26 0.9 0 3.02 4.4 1.72 1.91 3.09 0.96 0.75 4.31 2.45 2.99 4.41 3.73 3.79 0.85 1.41 4.47 2.79 4.07 3.76 
3.45 4.32 4.99 2.64 2.9 1.29 4.98 4.93 3 2.87 3.71 3.45 3.94 0.79 3.26 4.26 2.39 4.03 1.34 2.12 1.03 3.88 3.99 1.74 4.08 1.2 2.88 4.74 0.98 5.34 5.36 3.07 4.48 3.01 4.57 0.49 1.73 4.18 4.06 3.95 3.21 4.84 3.69 2 5.43 3.02 4.88 4.42 5.67 4.23 3.71 3.02 0 6.39 4.71 4.92 4.14 3.98 3.75 6.18 2.64 1.9 4.92 5.49 5.42 3.5 3.91 6.75 2.27 4.76 4.19 
2.97 4.03 2.74 4.39 3.52 5.41 1.66 3.03 3.51 3.95 3.82 4.51 4.05 5.73 3.47 4.67 4.49 4.42 5.08 4.75 5.67 3.13 4.15 5.29 2.35 5.36 4.27 2.27 5.54 1.05 1.36 3.4 1.91 3.4 1.84 6 4.79 4.24 2.51 2.6 4.22 1.71 3.69 4.5 1.23 3.94 1.96 4.64 0.9 2.44 4.74 4.4 6.39 0 4.29 3.85 2.45 3.92 3.97 0.31 3.87 4.91 2.81 0.94 1.1 3.56 3 0.78 4.42 2.55 3.01 
2.87 0.49 1.56 2.16 2.98 3.44 2.8 1.26 2.61 4.41 5.15 1.26 5.56 4.53 4.22 0.59 2.43 0.69 4.04 4.64 3.68 1.74 5.69 2.98 2.86 3.57 4.83 4.61 4.47 3.66 4.35 3.68 3.3 3.41 3.53 4.62 4.16 0.54 2.48 3.88 1.56 2.85 1.35 4.01 3.1 4.58 2.43 0.46 4.25 4.12 1.07 1.72 4.71 4.29 0 0.48 3.96 0.88 1.09 4.32 3.87 4.61 5.3 3.95 4.09 1.7 1.88 4.05 4.33 4.91 4.8 
2.72 0.62 1.13 2.31 2.92 3.64 2.42 0.84 2.56 4.33 5.01 1.53 5.42 4.68 4.09 1.04 2.58 1.02 4.15 4.64 3.9 1.57 5.55 3.21 2.61 3.76 4.76 4.33 4.59 3.28 4 3.57 3.01 3.31 3.24 4.8 4.21 0.81 2.23 3.67 1.72 2.49 1.35 4.04 2.69 4.49 2.06 0.93 3.87 3.89 1.44 1.91 4.92 3.85 0.48 0 3.72 0.96 1.19 3.9 3.82 4.64 5.04 3.57 3.73 1.66 1.69 3.58 4.31 4.65 4.59 
1.23 3.51 2.83 2.84 1.55 3.39 1.74 3.04 1.78 1.5 1.55 3.46 1.89 3.41 1.02 4.05 2.8 3.69 2.8 2.32 3.61 2.23 2.02 3.45 1.12 3.27 1.83 0.75 3.21 1.49 1.23 1.08 0.88 1.2 0.75 3.7 2.44 3.62 1.5 0.19 3.01 1.57 2.74 2.16 1.97 1.5 1.97 4.1 1.61 0.18 3.82 3.09 4.14 2.45 3.96 3.72 0 3.19 3.09 2.18 1.51 2.49 1.36 1.52 1.37 2.43 2.09 3.03 2.01 0.99 0.89 
2.04 0.4 1.36 1.35 2.11 2.7 2.31 1.16 1.73 3.53 4.31 0.69 4.72 3.73 3.36 0.86 1.62 0.53 3.2 3.76 2.96 0.98 4.84 2.28 2.13 2.8 3.96 3.88 3.65 3.14 3.74 2.82 2.63 2.54 2.86 3.84 3.3 0.43 1.77 3.1 0.77 2.31 0.48 3.14 2.7 3.71 1.97 0.91 3.72 3.36 0.83 0.96 3.98 3.92 0.88 0.96 3.19 0 0.23 3.9 3 3.74 4.55 3.42 3.53 0.83 1.13 3.84 3.45 4.17 4 
1.91 0.62 1.5 1.12 1.93 2.47 2.33 1.32 1.56 3.35 4.15 0.56 4.56 3.5 3.2 0.97 1.39 0.61 2.98 3.55 2.73 0.92 4.68 2.06 2.06 2.58 3.77 3.79 3.42 3.14 3.71 2.66 2.58 2.38 2.81 3.61 3.08 0.59 1.71 2.98 0.54 2.32 0.35 2.93 2.75 3.54 2.01 1.05 3.72 3.26 0.79 0.75 3.75 3.97 1.09 1.19 3.09 0.23 0 3.93 2.81 3.52 4.44 3.42 3.51 0.68 1.07 3.93 3.25 4.07 3.87 
2.79 4.04 2.78 4.27 3.33 5.24 1.6 3.07 3.35 3.68 3.52 4.46 3.74 5.5 3.2 4.68 4.35 4.4 4.86 4.5 5.5 3.06 3.85 5.14 2.2 5.17 3.99 1.96 5.32 0.87 1.06 3.17 1.72 3.18 1.62 5.78 4.56 4.24 2.39 2.35 4.14 1.63 3.63 4.27 1.22 3.67 1.94 4.65 0.61 2.16 4.71 4.31 6.18 0.31 4.32 3.9 2.18 3.9 3.93 0 3.63 4.66 2.5 0.69 0.82 3.47 2.92 1.08 4.17 2.24 2.71 
1.25 3.39 3.3 2.04 0.91 2.06 2.72 3.39 1.27 0.56 1.5 2.95 1.88 1.9 0.68 3.74 1.87 3.38 1.31 0.96 2.23 2.28 1.99 2.25 1.78 1.89 0.97 2.12 1.71 2.85 2.74 0.48 2.01 0.59 2.04 2.2 0.94 3.4 1.96 1.33 2.48 2.55 2.53 0.65 3.11 0.77 2.76 3.84 3.08 1.6 3.34 2.45 2.64 3.87 3.87 3.82 1.51 3 2.81 3.63 0 1.07 2.4 2.95 2.84 2.19 2.2 4.35 0.6 2.17 1.65 
2.28 4.14 4.27 2.53 1.82 1.89 3.78 4.32 2.13 1.04 1.81 3.51 2.05 1.12 1.5 4.36 2.29 4.03 0.84 0.22 1.92 3.19 2.11 2.28 2.85 1.67 0.98 2.98 0.93 3.9 3.71 1.54 3.08 1.64 3.09 1.42 0.48 4.09 2.99 2.32 3.09 3.62 3.3 0.61 4.18 1.15 3.81 4.49 4.09 2.55 3.88 2.99 1.9 4.91 4.61 4.64 2.49 3.74 3.52 4.66 1.07 0 3.06 3.98 3.85 2.99 3.14 5.41 0.5 2.94 2.35 
2.56 4.86 4.08 4.12 2.79 4.44 2.84 4.31 3.08 2.06 1.35 4.8 1.39 4.14 1.72 5.4 4.04 5.05 3.64 2.84 4.62 3.58 1.46 4.59 2.45 4.28 2.12 0.74 3.94 2.24 1.5 2.13 2.06 2.36 1.85 4.44 3.21 4.97 2.83 1.47 4.35 2.7 4.1 2.97 2.9 1.91 3.15 5.45 1.94 1.19 5.17 4.41 4.92 2.81 5.3 5.04 1.36 4.55 4.44 2.5 2.4 3.06 0 2.08 1.84 3.78 3.44 3.56 2.65 0.4 0.75 
2.12 3.61 2.46 3.66 2.65 4.57 1.15 2.74 2.7 3.01 2.93 3.93 3.19 4.81 2.53 4.24 3.72 3.94 4.18 3.82 4.82 2.52 3.31 4.49 1.55 4.5 3.34 1.43 4.63 0.3 0.59 2.48 1.05 2.5 0.93 5.09 3.87 3.79 1.79 1.67 3.58 1.12 3.1 3.58 0.96 3.01 1.52 4.23 0.31 1.52 4.21 3.73 5.49 0.94 3.95 3.57 1.52 3.42 3.42 0.69 2.95 3.98 2.08 0 0.24 2.9 2.37 1.55 3.49 1.75 2.14 
2.1 3.74 2.63 3.68 2.62 4.54 1.31 2.91 2.69 2.87 2.74 4.01 2.98 4.72 2.39 4.36 3.73 4.05 4.09 3.69 4.78 2.6 3.09 4.48 1.57 4.45 3.18 1.21 4.53 0.48 0.36 2.38 1.04 2.42 0.88 5 3.77 3.91 1.85 1.54 3.64 1.25 3.19 3.48 1.17 2.85 1.68 4.36 0.26 1.35 4.3 3.79 5.42 1.1 4.09 3.73 1.37 3.53 3.51 0.82 2.84 3.85 1.84 0.24 0 2.97 2.46 1.76 3.36 1.52 1.93 
1.24 1.21 1.49 0.94 1.29 2.26 1.91 1.44 0.92 2.72 3.48 1.06 3.89 3.13 2.54 1.65 1.15 1.28 2.55 2.99 2.54 0.45 4.02 1.95 1.45 2.31 3.14 3.15 3.02 2.64 3.13 2 1.99 1.72 2.21 3.29 2.57 1.25 1.13 2.32 0.68 1.85 0.35 2.39 2.36 2.89 1.64 1.72 3.19 2.6 1.4 0.85 3.5 3.56 1.7 1.66 2.43 0.83 0.68 3.47 2.19 2.99 3.78 2.9 2.97 0 0.56 3.63 2.66 3.41 3.2 
1.03 1.43 1.14 1.46 1.33 2.71 1.35 1.2 1.02 2.68 3.33 1.56 3.73 3.45 2.41 1.99 1.63 1.64 2.83 3.1 2.99 0.16 3.86 2.45 1.01 2.73 3.12 2.76 3.32 2.1 2.64 1.91 1.51 1.66 1.74 3.64 2.77 1.54 0.64 2.01 1.23 1.3 0.74 2.54 1.8 2.83 1.09 2.02 2.67 2.26 1.86 1.41 3.91 3 1.88 1.69 2.09 1.13 1.07 2.92 2.2 3.14 3.44 2.37 2.46 0.56 0 3.09 2.75 3.05 2.92 
3.3 3.87 2.53 4.54 3.86 5.68 1.8 2.81 3.78 4.5 4.48 4.49 4.74 6.13 4.03 4.51 4.68 4.29 5.48 5.27 5.95 3.19 4.85 5.49 2.67 5.65 4.85 2.97 5.96 1.54 2.07 3.88 2.34 3.83 2.34 6.39 5.24 4.1 2.72 3.16 4.27 1.92 3.7 4.95 1.33 4.52 2 4.45 1.62 3.05 4.66 4.47 6.75 0.78 4.05 3.58 3.03 3.84 3.93 1.08 4.35 5.41 3.56 1.55 1.76 3.63 3.09 0 4.92 3.27 3.69 
