Number_Of_Customers: 70
Vehicle_Capacity:    50
Alpha:               0.75
Number_Of_Scenarios: 100

Location_Coordinates:
0 0 0
1 -1.5655 -1.32464
2 1.83853 0.130923
3 0.424395 -2.19589
4 -1.4062 0.924338
5 0.356148 0.776514
6 0.863096 1.04689
7 0.144033 0.76009
8 -0.161678 -2.3265
9 -1.49812 1.06334
10 1.55962 2.47294
11 -2.36776 0.0645869
12 0.512583 -0.00912702
13 1.60216 -2.41867
14 -0.654701 1.43641
15 1.7189 -0.469327
16 2.02401 2.49413
17 -1.16469 0.0662155
18 -2.11532 -2.11812
19 0.768116 -0.274282
20 0.136769 -1.32614
21 1.50054 -0.431257
22 1.85971 1.12225
23 1.67117 2.27421
24 -2.29452 1.07268
25 -1.44025 -1.22411
26 1.41563 2.46427
27 2.0658 -0.0529151
28 0.656497 -1.25809
29 0.361426 -0.520396
30 -1.28831 2.31799
31 -1.59201 -1.96698
32 0.886266 0.473097
33 1.34477 1.61504
34 -0.994402 2.08145
35 -2.13379 2.42676
36 1.49179 2.47976
37 2.3809 0.806784
38 -0.374457 1.49511
39 -1.71635 -1.62057
40 -1.90069 0.142188
41 -0.238006 -0.167622
42 -2.21625 1.45812
43 1.54694 -0.563653
44 1.68538 1.17652
45 -1.19242 -1.00769
46 -1.27499 1.19191
47 2.36085 -1.27717
48 -0.398053 -0.0793487
49 1.38642 1.62543
50 -1.45921 0.114115
51 -2.06997 0.0335198
52 -1.6319 -2.31746
53 0.368308 0.154164
54 1.03191 -1.68141
55 0.516079 -1.25747
56 0.65091 -0.159568
57 -1.85912 -1.18057
58 -1.84964 -1.94554
59 1.3841 2.49366
60 0.915455 1.05919
61 1.85692 -0.825869
62 -0.373947 0.0719089
63 -1.42739 -0.0820551
64 0.899135 1.76616
65 -1.1501 0.321619
66 0.443994 2.19983
67 2.47121 -1.38946
68 2.29628 -1.36515
69 0.864925 1.79623
70 -0.77862 -1.26532

Demand_per_scenario:
1 7 5 6 6 5 5 5 6 7 7 7 6 4 6 7 6 6 6 6 5 6 5 7 5 6 5 5 5 4 7 6 4 6 6 7 5 4 4 6 6 5 6 6 6 6 6 5 7 7 5 8 5 6 6 6 7 7 5 4 6 6 5 6 6 6 7 6 6 7 4 7 6 6 5 7 6 6 8 6 4 5 5 5 6 8 5 5 5 7 5 5 6 7 6 5 7 6 5 5 7
2 4 4 6 7 6 5 5 5 4 4 5 5 6 5 8 6 6 4 5 5 3 5 5 6 6 7 5 7 7 7 5 6 6 8 6 8 7 3 7 6 7 5 4 5 5 7 4 6 5 7 6 5 6 5 6 4 5 6 7 7 5 6 7 5 6 5 6 5 4 6 5 5 5 4 7 6 5 6 7 5 6 5 4 7 5 8 4 5 6 6 4 5 4 6 5 5 7 6 4 4
3 7 9 8 8 9 8 9 6 6 6 7 8 7 8 8 7 9 9 7 8 8 8 9 8 7 7 6 8 10 7 9 8 9 9 9 10 8 8 8 7 7 7 6 9 8 7 10 6 8 9 8 7 8 6 7 7 9 9 7 6 9 7 7 8 9 9 7 8 8 8 8 7 8 9 8 9 9 9 8 10 8 7 7 7 8 6 8 8 9 10 8 9 5 8 8 8 8 7 7 8
4 6 5 6 6 6 6 5 7 5 6 7 7 6 5 5 6 7 7 6 7 6 6 6 6 7 6 7 7 8 6 7 6 6 7 9 7 7 7 5 8 8 6 5 7 8 7 7 5 5 6 8 5 7 7 7 7 7 6 6 6 6 6 6 7 6 5 5 5 7 7 6 8 8 7 5 7 6 7 7 7 7 6 5 8 4 7 6 7 5 5 6 7 7 6 6 6 7 7 5 8
5 3 5 4 5 3 5 4 4 3 5 3 4 3 4 3 4 4 4 4 4 4 4 5 5 2 4 4 4 5 3 3 7 4 2 5 4 4 5 3 3 3 4 6 7 3 3 5 2 4 3 3 6 3 4 3 3 4 2 4 5 5 4 3 4 4 5 5 3 5 4 4 4 2 2 5 3 4 4 6 4 4 3 5 4 4 4 4 3 4 4 3 3 5 4 5 3 4 4 4 5
6 3 5 3 5 5 5 4 3 4 5 4 3 4 3 3 5 5 4 5 4 2 8 2 4 4 5 5 6 7 6 4 5 5 3 5 4 4 2 5 4 4 4 4 5 4 3 7 5 2 5 6 4 2 5 2 4 2 5 4 4 5 4 3 3 6 4 4 3 6 5 2 4 3 4 5 6 5 4 6 6 5 5 5 5 5 4 4 4 3 5 6 5 5 3 5 4 4 4 4 5
7 4 4 3 4 5 5 4 3 3 6 3 4 6 4 6 4 3 4 4 5 2 4 4 5 3 3 6 4 5 4 3 5 2 4 6 4 3 2 5 3 5 5 3 4 3 5 2 4 5 5 5 3 2 5 7 3 1 5 3 5 2 5 5 5 4 4 3 2 4 3 3 3 5 4 3 3 5 4 7 4 3 5 4 4 3 6 4 4 3 5 5 5 2 3 6 5 4 3 5 4
8 4 4 4 5 6 5 3 3 4 3 5 5 4 3 6 4 4 4 3 3 4 5 2 4 3 4 4 4 4 3 4 4 2 4 6 4 3 4 3 4 4 4 2 4 4 5 4 4 4 4 2 3 3 5 6 4 3 5 4 3 3 5 4 4 3 5 5 5 4 4 4 4 5 5 4 5 4 2 4 4 4 5 5 4 4 6 3 5 3 4 4 4 4 4 2 3 4 6 4 4
9 7 9 9 7 8 7 6 6 6 5 7 6 8 8 8 6 6 7 10 7 7 6 7 7 7 9 6 7 7 9 5 9 4 5 6 8 9 8 7 7 8 8 6 7 9 6 5 6 9 6 7 7 7 7 7 7 8 6 7 8 7 6 7 6 6 6 7 6 7 7 7 9 6 6 7 6 7 6 6 6 9 8 7 7 7 7 8 5 8 6 7 10 8 7 9 7 8 8 6 7
10 5 6 6 5 6 5 5 3 6 4 6 5 6 5 6 5 4 6 4 5 7 5 5 4 5 5 6 6 6 4 5 5 5 5 3 6 5 5 4 4 5 5 6 5 4 5 6 6 7 6 6 6 5 6 5 6 4 8 5 6 4 3 6 6 5 8 5 7 6 6 4 6 5 4 5 5 4 4 5 6 6 4 4 5 4 7 5 7 5 5 3 4 5 5 7 7 6 5 6 5
11 5 6 8 5 4 6 6 5 5 5 7 4 8 4 7 7 6 6 6 5 5 5 6 6 5 6 7 5 6 6 5 7 4 8 6 6 7 7 5 6 5 5 7 6 6 7 5 8 7 7 5 5 7 7 5 7 7 7 5 7 5 7 8 7 5 6 6 6 7 7 4 7 7 8 5 5 6 6 6 5 5 6 5 4 6 7 5 6 7 4 6 5 4 5 6 7 4 4 6 5
12 7 8 6 5 7 6 5 5 5 7 7 6 7 4 6 7 7 6 6 6 5 7 7 5 7 4 6 6 7 5 6 6 5 7 6 6 7 7 7 7 6 6 6 8 6 6 7 6 7 5 5 5 5 6 6 7 6 6 8 6 8 8 6 7 6 7 7 5 7 8 7 6 7 7 8 5 8 7 6 7 8 6 7 6 8 6 7 7 7 7 6 6 8 6 6 6 6 5 8 8
13 5 5 6 6 7 7 7 6 5 6 5 5 7 7 7 8 5 8 6 6 6 6 4 7 8 6 7 6 4 7 5 5 7 7 8 8 7 6 5 6 5 5 5 8 7 5 6 7 7 7 4 6 8 5 7 6 6 5 6 7 6 6 7 7 6 4 7 7 7 6 5 5 5 5 6 5 6 7 6 7 7 5 5 7 7 5 9 5 4 7 6 6 5 6 6 6 8 4 7 7
14 4 7 6 6 6 5 4 5 4 5 5 6 6 4 6 6 7 4 7 6 7 5 5 5 6 4 6 7 5 6 7 5 6 8 5 6 6 7 7 6 6 8 5 5 6 6 6 4 8 7 5 6 4 6 7 7 6 6 7 5 6 6 6 8 7 7 5 6 5 6 6 7 6 6 7 7 5 6 7 7 5 6 4 7 3 5 6 8 5 7 7 6 6 6 5 7 7 7 6 6
15 5 5 3 3 5 6 3 4 4 4 5 4 3 4 3 5 4 4 4 3 5 4 4 6 7 5 4 5 7 5 7 5 3 4 3 4 5 3 6 5 6 4 5 7 5 5 4 4 4 5 4 4 4 4 4 4 6 7 5 6 4 3 5 5 4 4 4 3 5 4 6 5 3 4 5 6 4 5 4 4 6 5 6 4 6 5 7 5 5 3 5 5 3 6 5 5 5 5 4 5
16 7 8 8 6 7 4 6 7 7 7 5 7 7 8 6 6 7 8 6 8 7 7 8 6 7 8 8 7 7 7 7 6 5 7 6 9 6 7 7 6 6 8 7 5 6 8 6 6 7 8 7 7 6 7 4 5 6 6 9 7 9 9 7 7 6 7 8 5 6 7 7 8 5 5 9 5 7 6 7 8 7 9 9 6 6 6 7 8 6 7 7 8 8 7 7 6 5 8 7 6
17 7 8 8 6 6 6 8 5 7 6 6 6 8 8 7 8 6 6 6 6 8 6 7 7 7 8 5 8 8 8 6 6 7 7 9 5 7 8 7 7 8 5 8 8 8 6 8 6 7 8 7 7 6 7 7 9 5 6 7 4 9 8 9 6 6 8 5 5 7 6 6 8 7 7 8 7 7 9 6 8 5 8 7 5 7 7 6 7 6 5 6 5 8 6 7 6 7 7 7 8
18 4 6 5 5 5 6 5 7 6 6 5 4 5 4 6 4 6 6 5 5 7 4 4 7 5 5 5 5 5 5 6 7 5 5 4 4 5 4 5 6 5 6 6 5 5 5 5 5 6 5 5 6 5 6 6 5 4 4 6 4 6 4 5 7 6 4 5 5 6 3 7 6 4 4 7 3 3 5 5 4 5 6 6 6 5 5 4 4 5 5 6 5 2 4 5 5 6 5 5 5
19 9 10 9 7 9 9 8 8 9 9 7 9 8 8 9 8 8 8 8 8 8 7 6 7 9 8 8 6 9 5 9 9 8 8 7 8 9 8 8 10 9 9 9 9 7 7 8 8 8 6 9 8 9 8 8 8 9 6 7 9 10 7 8 10 10 8 7 9 7 10 9 6 10 8 10 9 8 8 9 8 7 7 9 7 10 8 9 8 8 8 7 9 9 8 8 7 8 8 10 9
20 5 6 3 5 5 6 5 6 4 7 5 4 4 5 5 6 6 5 5 5 3 7 3 4 6 5 4 6 5 7 5 4 5 6 4 4 3 4 5 4 4 7 5 6 7 4 7 4 5 6 7 5 5 4 7 5 7 5 7 6 6 4 5 5 3 6 5 6 4 4 5 3 5 6 5 4 4 5 6 4 5 6 5 4 4 3 6 6 5 5 4 6 5 5 6 5 6 6 3 6
21 8 5 6 6 6 8 5 6 7 4 6 7 6 6 6 6 6 7 7 6 7 7 5 8 6 4 7 5 6 6 5 7 7 5 5 6 8 7 6 6 7 7 6 6 5 5 7 5 7 5 5 5 6 6 5 7 7 5 7 7 7 7 5 5 6 6 6 5 5 6 4 5 7 7 5 7 6 7 5 6 6 5 7 3 6 6 5 8 4 5 6 4 5 7 5 6 6 6 3 6
22 6 6 5 6 5 6 5 4 5 5 4 8 6 4 5 3 5 5 4 6 6 5 5 4 4 8 4 6 5 6 6 7 7 6 7 6 7 7 4 6 5 5 5 6 5 5 6 5 5 5 3 6 5 5 5 6 6 4 6 6 6 5 5 7 6 5 7 6 6 7 6 6 4 6 4 6 6 6 4 6 4 6 5 6 5 7 6 6 6 3 6 6 6 6 7 5 5 6 5 5
23 3 3 4 1 2 5 1 3 3 3 4 3 2 2 1 3 1 4 6 3 2 4 1 2 2 4 3 3 2 3 3 1 2 2 3 3 3 1 3 2 3 2 2 4 1 4 3 3 4 4 2 3 4 3 1 4 3 2 2 2 3 2 2 3 2 5 2 1 2 4 3 3 1 2 2 4 2 3 3 5 2 2 2 2 2 2 2 1 3 3 3 3 3 2 2 2 3 5 3 2
24 7 7 8 9 8 8 8 8 9 8 10 6 7 8 9 8 8 7 8 7 9 8 9 7 8 7 10 8 8 6 8 10 9 7 9 7 8 7 8 9 9 8 7 8 10 8 7 10 7 9 10 7 8 6 8 9 6 8 7 8 7 8 9 8 9 9 9 7 7 7 9 7 8 8 8 9 7 8 6 8 9 9 9 9 8 7 10 7 8 8 8 10 9 9 7 9 7 6 7 10
25 9 8 6 7 6 6 8 7 7 6 6 5 8 8 5 7 8 9 6 6 6 6 7 7 7 5 6 8 6 6 5 8 5 7 8 7 5 7 6 8 9 8 7 8 7 7 8 8 7 8 5 5 6 6 7 5 6 7 6 8 8 8 6 5 7 6 5 6 8 7 6 5 6 6 7 6 8 7 6 6 7 7 9 8 7 6 5 7 6 6 7 7 7 8 8 6 9 6 5 7
26 1 3 4 3 2 3 3 3 3 3 3 2 3 2 4 2 4 3 1 4 3 4 1 2 3 3 1 4 1 4 2 2 2 4 2 2 2 3 3 2 3 1 1 3 3 1 2 4 2 2 2 3 3 2 2 2 3 4 2 1 2 2 3 1 3 3 3 2 3 3 3 2 1 3 2 2 4 2 3 1 3 3 2 3 4 3 2 3 3 3 4 3 3 3 3 3 3 3 4 3
27 8 6 6 5 5 4 6 8 7 6 7 4 7 5 8 6 7 7 7 7 5 5 7 6 7 7 6 6 8 6 7 7 7 4 5 6 6 5 7 5 7 8 5 6 6 7 7 6 6 6 7 4 6 7 5 4 6 4 6 8 5 4 7 7 8 7 4 6 7 6 8 8 6 5 6 6 8 4 5 6 6 7 7 4 5 7 6 6 7 6 6 6 9 6 7 6 6 5 6 7
28 9 8 7 8 8 8 8 7 9 6 8 5 8 9 9 6 7 7 6 6 7 7 8 8 8 6 7 9 7 7 6 9 6 7 7 6 7 8 8 7 7 6 6 6 7 6 8 7 7 8 6 6 7 7 7 7 8 9 8 8 6 7 6 7 5 6 7 7 8 6 7 7 7 8 7 7 6 6 6 6 8 7 7 6 7 7 8 6 7 6 8 8 8 7 7 7 7 7 8 8
29 6 7 7 6 8 6 7 8 8 7 6 7 8 7 7 6 6 8 6 6 7 5 6 6 8 5 7 6 6 6 7 7 6 5 7 7 8 6 7 7 6 5 6 8 6 7 6 6 4 6 7 6 6 7 7 7 7 8 5 6 8 7 6 7 5 5 5 5 7 9 5 7 7 7 6 7 7 7 8 7 7 6 8 6 6 6 6 8 7 6 7 6 6 6 5 7 6 5 5 7
30 7 6 6 7 6 8 9 8 6 8 7 7 7 7 5 7 7 9 7 8 7 7 6 7 7 6 8 8 8 6 6 6 6 7 9 9 6 7 5 8 7 6 9 8 7 5 7 6 7 7 7 7 7 7 7 7 7 6 9 6 8 7 7 7 7 7 7 5 7 9 7 8 8 8 7 8 7 6 9 7 7 6 8 6 8 6 8 7 9 8 7 9 9 7 6 8 10 6 6 7
31 5 2 2 3 3 2 3 4 3 2 3 2 4 3 3 4 4 3 2 2 4 4 5 4 4 3 4 2 4 4 1 1 2 3 3 2 3 3 4 4 3 3 2 4 2 3 2 3 4 2 2 3 4 4 1 3 5 3 1 5 1 2 3 3 2 3 5 4 5 4 2 3 1 4 5 2 1 3 3 4 3 1 3 3 4 1 2 3 4 1 3 4 3 4 2 3 3 4 3 5
32 5 6 6 7 7 7 8 9 7 5 7 6 5 4 5 6 6 8 5 7 6 7 5 5 7 7 6 7 5 4 4 7 5 5 7 7 7 7 8 7 7 6 6 6 6 7 7 6 7 6 6 8 6 6 6 7 6 6 5 3 7 6 6 5 5 8 5 5 6 6 5 7 5 6 6 6 6 7 8 6 4 6 7 5 4 7 5 6 6 6 7 7 7 6 7 6 5 5 5 7
33 3 3 4 2 3 3 3 3 4 4 3 5 3 2 3 3 4 3 5 4 2 3 4 5 2 4 2 3 3 5 4 3 3 3 1 3 3 3 3 5 2 3 5 6 4 1 3 4 4 3 2 6 2 1 2 5 3 2 5 6 2 5 3 2 4 5 4 2 1 1 4 3 3 3 2 4 4 3 3 4 2 5 4 4 3 2 3 2 5 5 5 5 2 3 3 4 5 3 3 5
34 6 7 5 7 5 8 5 6 6 5 8 6 8 6 7 6 5 7 5 5 4 5 6 7 6 4 5 4 6 6 6 5 5 6 5 8 5 5 6 6 6 7 7 3 5 6 5 4 6 4 7 6 7 7 6 5 8 6 6 6 7 4 5 6 5 6 6 6 5 6 4 7 6 5 7 6 7 5 4 6 7 6 5 6 6 7 7 7 6 4 7 6 6 6 6 5 5 6 6 7
35 5 3 5 6 4 4 4 5 2 5 4 5 4 4 4 4 5 5 4 5 2 6 4 4 3 3 4 4 3 5 4 3 4 4 5 5 4 4 5 4 4 4 5 3 5 5 4 6 3 4 4 5 6 3 4 4 3 3 4 6 4 4 4 4 6 4 4 4 5 5 3 3 4 6 4 5 4 4 3 2 4 5 3 2 3 5 5 4 5 5 3 5 5 6 4 6 4 6 4 5
36 7 6 5 4 7 5 6 5 4 8 6 8 7 7 4 9 5 7 6 6 7 7 6 5 6 7 6 7 4 7 5 5 5 5 5 5 7 8 6 7 4 6 6 6 5 5 6 6 5 6 5 7 7 5 6 5 7 7 8 7 6 6 6 6 6 9 6 5 6 7 7 5 6 7 6 7 4 5 6 8 6 8 7 7 8 5 5 6 4 5 7 5 5 6 6 5 8 7 6 7
37 6 6 7 8 4 4 7 7 5 7 6 7 7 6 5 6 8 7 10 8 7 8 5 8 7 7 5 8 5 8 6 7 8 7 7 4 6 5 8 7 9 6 5 6 7 6 8 7 7 6 7 5 5 7 7 6 7 7 6 7 6 7 7 7 8 6 7 7 7 6 7 7 8 8 6 7 10 7 6 6 6 6 5 8 4 7 8 7 6 7 7 5 6 6 8 6 7 6 7 4
38 5 5 5 5 5 6 6 5 6 5 4 7 5 5 5 7 7 6 5 6 3 2 5 7 6 6 6 4 4 4 3 4 3 4 4 4 5 7 5 7 6 5 5 5 5 6 7 6 6 5 4 5 4 5 4 3 6 6 5 5 5 5 6 5 4 6 6 6 6 4 5 5 5 6 3 5 6 5 5 3 6 7 6 5 5 3 4 4 5 5 6 4 6 5 6 7 5 4 5 5
39 7 7 8 7 8 8 9 8 5 9 7 8 7 6 6 7 7 7 7 7 7 6 7 8 7 7 6 6 7 7 7 7 7 8 8 8 8 7 8 8 8 7 6 8 7 6 7 8 7 8 7 7 9 8 8 7 6 9 6 7 7 8 6 9 6 8 9 6 8 8 7 6 7 8 7 8 7 7 7 7 9 6 7 7 7 8 8 8 7 10 5 6 8 7 7 5 7 6 8 8
40 5 8 6 6 5 7 6 5 7 6 6 7 6 7 6 5 8 7 6 7 5 7 5 6 5 6 6 6 6 6 7 5 5 5 6 8 5 5 7 5 7 6 6 6 7 5 5 6 6 6 6 7 5 5 6 5 7 6 7 7 7 7 3 6 6 7 5 7 5 6 6 5 8 7 5 6 6 5 6 5 6 6 4 6 7 6 6 6 8 5 4 5 6 5 6 6 5 4 4 6
41 3 2 5 4 5 3 6 4 4 3 3 4 5 3 3 4 3 4 4 3 3 4 3 4 3 3 4 4 4 4 4 3 5 4 3 5 3 5 5 3 4 2 3 3 2 5 5 1 3 3 5 2 2 4 4 5 4 4 3 4 3 3 4 4 4 3 4 5 4 5 4 4 5 2 4 2 3 4 4 5 3 4 4 5 3 4 4 5 4 3 4 6 3 4 4 3 5 3 4 2
42 5 5 3 3 4 4 6 4 5 4 4 6 4 6 6 4 5 4 5 6 6 5 4 6 4 7 4 6 6 4 5 5 5 4 6 6 6 5 3 3 4 5 5 5 3 6 4 2 3 5 4 4 5 6 4 4 4 5 5 5 5 4 5 4 6 5 5 4 4 5 5 5 4 5 4 4 5 3 6 5 5 6 6 5 5 4 4 5 6 5 3 4 6 4 5 4 5 6 6 4
43 6 5 7 6 6 6 7 7 5 6 8 7 6 7 6 7 6 5 5 6 6 8 5 7 7 3 6 6 6 6 7 6 7 6 8 7 5 5 6 7 7 6 7 5 6 8 6 6 7 6 6 5 5 6 6 5 7 6 6 3 6 7 9 7 7 7 7 6 6 7 6 7 7 8 8 6 7 5 7 6 8 8 7 7 5 6 7 6 7 8 7 6 5 5 6 7 6 7 7 7
44 3 3 2 3 3 4 3 6 2 3 3 5 4 4 4 3 1 1 5 4 5 4 3 3 2 3 4 4 1 5 2 3 4 2 6 4 5 3 4 1 4 4 4 3 3 3 4 3 3 4 4 3 2 3 2 5 2 3 4 4 3 5 4 3 4 5 2 4 3 4 2 4 1 4 2 2 2 5 4 6 3 4 2 3 5 4 2 3 2 4 3 4 4 4 4 4 4 2 3 2
45 4 4 2 6 2 3 4 5 5 4 5 5 3 2 5 4 4 6 4 5 2 5 5 3 4 2 5 4 4 4 3 6 4 5 3 3 4 4 5 6 3 3 4 4 3 3 6 4 5 4 6 5 5 4 6 4 4 4 4 4 3 5 4 2 3 6 4 4 3 3 5 5 2 6 3 5 3 5 5 3 3 5 4 3 4 4 2 3 4 4 4 3 3 4 2 4 5 4 4 5
46 3 5 5 6 4 4 5 6 6 6 5 6 6 5 3 6 5 5 5 4 6 6 7 5 4 5 3 6 4 6 3 6 4 7 4 5 4 4 5 5 5 6 5 5 5 5 3 4 3 5 5 5 4 4 3 5 5 6 4 5 6 8 5 4 4 5 7 4 4 5 5 5 5 5 5 2 5 6 5 4 2 5 4 5 5 6 4 5 3 6 4 4 4 5 4 5 6 7 5 5
47 2 3 2 6 2 6 5 5 2 4 4 4 4 5 4 4 5 4 4 4 5 5 4 3 3 4 5 3 4 4 2 6 4 4 2 4 3 5 4 5 4 5 5 3 4 4 4 5 4 4 4 6 4 6 4 5 3 3 4 6 6 4 4 4 4 4 5 3 3 5 4 4 4 5 3 7 4 5 4 4 5 4 4 3 6 3 2 4 4 3 5 4 3 4 5 4 4 4 4 5
48 6 6 6 5 6 7 5 4 3 3 4 4 6 5 4 6 6 4 4 5 5 5 4 5 6 6 5 7 4 3 6 5 6 5 5 4 5 4 5 5 6 4 5 4 4 6 4 4 5 3 3 6 6 4 3 4 4 3 5 5 5 5 4 4 4 4 5 3 5 4 6 7 5 5 6 5 3 5 5 7 4 6 7 5 3 5 6 4 5 4 5 4 5 5 3 4 7 5 6 5
49 8 7 6 8 8 7 8 8 7 6 6 7 8 8 7 8 6 6 6 7 6 5 8 6 8 7 8 7 6 6 8 8 6 8 7 5 3 8 7 8 6 8 6 7 7 7 6 7 9 7 7 6 5 8 6 7 6 4 6 6 7 7 7 8 10 5 8 7 8 7 6 7 6 6 6 8 7 8 6 6 7 6 6 8 5 8 6 7 7 6 7 7 7 6 6 6 7 9 7 8
50 5 5 4 3 3 4 4 4 2 4 3 3 4 3 4 4 4 4 4 4 4 4 3 4 4 4 4 4 5 3 4 4 5 5 3 2 6 3 4 5 3 5 3 3 3 5 3 6 5 4 3 5 4 4 4 5 3 2 4 3 6 2 4 5 5 4 3 3 3 4 3 3 5 4 4 5 4 4 3 5 3 3 4 5 3 4 3 5 3 3 2 4 3 3 4 3 4 3 3 4
51 8 8 8 8 8 7 7 6 7 7 9 10 7 7 8 7 9 8 7 9 7 7 9 8 7 9 9 7 8 7 6 7 8 7 7 8 7 9 8 9 7 5 7 6 8 7 8 7 8 10 7 8 7 7 8 5 9 9 10 6 8 7 10 8 7 7 8 9 7 7 8 8 9 8 10 8 8 9 7 8 6 8 7 8 9 6 10 8 8 7 8 9 8 7 8 9 7 8 8 7
52 6 6 5 6 6 5 6 5 4 5 7 5 4 5 6 5 5 5 3 5 5 5 7 5 6 5 6 5 6 5 4 4 5 6 6 6 6 5 6 6 6 6 6 6 5 7 5 5 5 5 5 5 5 6 5 6 4 5 4 6 6 5 7 5 3 3 4 6 5 5 7 6 4 5 6 6 6 4 6 6 5 8 5 6 6 7 6 5 5 5 6 4 7 5 4 7 5 5 5 4
53 4 7 8 6 6 6 8 5 6 6 8 5 5 7 6 6 6 4 7 3 6 5 5 5 5 6 6 7 8 6 6 7 7 5 5 5 6 6 7 6 6 7 6 7 5 8 6 4 6 7 6 8 8 6 6 6 7 5 7 7 6 5 6 4 7 5 6 6 6 7 6 7 5 5 6 5 7 5 6 5 6 5 3 4 6 8 7 6 5 5 6 6 7 6 5 6 8 7 7 7
54 4 4 3 4 4 6 6 5 4 5 4 3 4 5 2 4 3 4 4 2 4 3 4 3 4 6 5 5 3 2 5 3 4 3 2 3 3 5 4 4 4 6 6 5 5 2 5 2 5 3 5 3 5 4 4 3 3 4 5 6 5 3 4 2 4 5 5 5 4 6 6 4 1 3 3 5 6 6 5 4 5 5 4 3 5 5 5 3 3 3 4 4 6 5 4 5 2 4 2 4
55 6 5 5 6 3 5 6 5 5 5 6 6 4 4 6 5 6 5 5 4 5 7 6 5 5 6 5 4 4 5 5 6 5 5 5 5 4 5 5 5 7 5 5 6 5 5 4 6 6 5 6 5 4 6 6 5 5 6 4 5 6 5 5 6 4 5 5 6 5 4 4 4 5 5 6 5 5 5 7 5 6 3 4 6 5 6 5 5 6 5 5 5 5 6 5 5 5 4 4 4
56 6 4 8 7 6 5 7 6 6 6 6 5 5 5 5 4 8 6 5 6 5 5 7 5 3 7 6 7 6 5 6 5 7 4 3 6 6 5 4 4 5 5 5 5 6 3 5 6 6 6 7 5 5 5 4 4 7 4 5 5 5 7 5 4 6 5 7 5 7 6 4 6 5 6 6 7 5 6 5 5 5 5 6 7 4 8 4 5 5 6 5 4 6 5 4 5 5 3 5 5
57 5 5 5 7 6 5 5 3 5 7 6 8 4 6 4 4 5 4 6 5 5 5 5 6 6 4 5 7 4 5 5 4 5 2 7 4 6 5 5 6 5 6 6 4 6 4 5 6 3 4 5 4 5 5 4 4 6 4 6 4 5 6 4 6 4 7 5 4 5 5 4 5 6 6 5 5 5 5 4 4 5 5 5 5 6 4 5 4 5 4 7 4 5 5 4 5 5 6 6 4
58 4 3 3 4 4 2 4 4 4 5 5 5 6 4 3 4 3 4 5 3 2 3 4 5 2 3 4 2 5 4 3 4 4 4 3 6 4 4 5 3 3 6 4 3 2 4 4 4 3 3 3 5 4 4 4 4 3 6 3 3 4 4 5 3 5 2 5 4 5 5 3 4 3 3 3 3 3 4 4 7 4 5 4 5 3 5 5 2 5 4 4 4 3 4 5 2 4 3 4 5
59 6 4 6 6 6 6 6 6 4 5 7 8 5 6 5 5 7 7 7 4 6 6 6 6 6 6 6 7 7 6 6 7 6 6 5 7 5 7 5 6 5 5 6 5 6 5 7 8 6 5 6 5 6 6 4 6 7 6 5 6 7 6 6 6 6 6 4 6 2 6 5 9 6 5 6 5 4 8 6 5 6 5 6 5 5 7 6 5 6 6 6 7 6 6 5 6 8 6 5 6
60 7 5 8 9 8 9 9 8 7 8 6 7 9 8 8 8 7 7 7 8 8 9 5 8 9 7 7 7 9 7 7 7 8 8 7 9 8 8 7 8 9 7 6 6 9 8 7 6 9 8 8 9 7 10 8 7 10 9 7 8 6 9 6 7 7 9 7 7 7 9 8 7 8 7 9 7 8 7 9 9 10 7 7 8 9 8 8 7 7 8 10 8 7 7 7 6 7 8 8 6
61 5 7 7 9 7 7 7 7 7 8 8 6 8 7 7 9 9 5 9 6 7 7 7 8 8 6 8 6 5 6 6 8 9 8 8 8 7 8 9 7 7 8 7 7 7 10 6 9 7 9 5 7 7 8 8 7 8 8 7 9 6 7 8 7 7 8 6 5 8 8 7 9 8 8 6 8 8 8 8 6 8 8 8 6 8 8 8 7 6 7 8 7 9 9 8 7 6 9 7 9
62 3 7 5 6 4 7 4 6 6 6 6 5 6 4 3 3 7 5 5 2 5 4 5 6 5 5 4 7 4 5 6 6 8 5 7 6 5 5 6 6 3 6 5 6 4 4 6 5 4 6 4 4 6 5 3 3 5 7 6 5 5 5 6 4 6 5 5 4 4 5 6 6 6 5 6 3 4 6 3 6 5 7 5 3 5 6 5 6 6 7 5 6 6 5 6 4 6 7 5 4
63 4 5 5 5 4 2 3 4 4 6 3 5 4 4 4 5 3 5 4 3 3 5 3 3 6 3 4 3 4 4 4 3 4 4 4 4 4 5 4 4 3 5 4 2 4 5 3 3 5 4 3 4 4 4 2 3 5 4 4 3 5 3 4 2 5 5 6 6 3 1 5 4 4 4 6 4 3 4 5 4 4 5 2 4 5 3 4 3 3 4 5 2 4 3 4 4 5 6 4 4
64 7 7 6 7 7 6 5 6 5 7 8 7 5 6 4 6 8 6 6 6 7 6 7 6 6 6 7 7 7 8 8 8 6 5 6 6 7 8 5 7 7 4 5 7 7 8 7 5 5 7 6 6 7 5 5 7 6 8 7 6 7 9 6 4 4 7 8 6 6 7 6 7 6 7 6 7 6 7 6 4 5 6 7 6 7 6 7 6 6 8 7 7 6 7 7 5 7 6 6 5
65 6 4 4 5 6 5 6 4 4 4 5 4 4 4 7 5 5 5 5 6 5 5 5 5 6 8 7 5 6 7 6 6 6 3 6 6 4 4 6 6 5 6 4 7 5 5 4 6 7 4 6 5 5 6 4 6 6 5 5 5 6 5 3 3 4 6 5 5 5 2 4 5 6 5 5 6 5 6 5 6 6 6 4 5 4 5 6 4 6 3 4 4 6 6 5 6 5 6 7 4
66 6 5 4 4 7 8 7 6 5 6 7 6 7 6 6 4 6 5 6 6 5 7 6 6 5 5 7 5 8 7 6 7 5 7 5 6 5 6 7 6 5 5 6 6 7 6 7 5 6 8 6 8 7 7 6 7 6 6 5 7 6 7 7 5 6 6 6 5 7 7 5 6 7 9 8 5 7 9 5 4 6 5 7 5 8 6 5 7 6 8 7 8 7 7 5 7 8 7 6 8
67 4 6 5 6 5 5 2 6 5 5 4 7 4 5 5 6 5 4 5 4 5 5 7 8 4 4 4 5 6 5 4 5 5 5 4 5 5 7 6 6 5 4 5 5 6 6 5 6 6 5 5 4 4 5 8 3 6 5 5 5 6 5 6 4 5 4 3 7 6 7 6 4 5 6 6 6 5 5 4 7 6 6 5 6 4 5 5 6 5 4 7 6 6 5 5 5 6 5 6 5
68 3 5 5 4 3 2 3 4 3 4 5 5 3 4 4 3 3 4 3 4 6 4 3 4 5 2 4 4 4 4 4 3 3 3 2 2 2 4 5 4 4 4 2 5 3 5 3 3 5 3 3 2 4 4 4 4 4 3 5 4 4 3 4 5 5 5 5 6 4 4 2 3 3 3 3 4 3 5 2 5 3 2 3 2 6 2 4 4 4 2 4 3 3 3 1 5 2 3 2 2
69 5 4 3 4 4 3 3 3 3 5 3 3 5 4 3 3 3 2 4 3 5 3 4 5 5 3 5 4 2 6 4 3 6 3 4 3 3 3 4 2 4 5 3 4 5 4 2 3 2 4 4 3 5 4 4 5 4 5 4 5 3 5 3 3 3 3 4 5 3 3 5 2 6 3 4 4 3 4 3 4 4 4 2 5 4 4 1 3 4 3 3 5 5 5 4 4 5 5 4 4
70 8 7 6 6 8 8 6 9 8 7 8 6 9 8 7 8 8 6 7 8 9 7 7 7 8 8 7 7 7 6 7 7 8 6 8 8 8 5 7 8 7 7 8 7 5 7 8 7 7 7 7 8 6 9 6 9 7 7 6 7 8 8 6 7 8 7 8 7 7 8 7 7 6 7 6 6 9 6 7 8 8 10 8 7 8 5 7 8 8 8 7 7 9 9 8 9 6 9 6 8

Probability_of_each_scenario_occuring:
0.01 0.01 0.01 0.01 0.01 0.01 0.01 0.01 0.01 0.01 0.01 0.01 0.01 0.01 0.01 0.01 0.01 0.01 0.01 0.01 0.01 0.01 0.01 0.01 0.01 0.01 0.01 0.01 0.01 0.01 0.01 0.01 0.01 0.01 0.01 0.01 0.01 0.01 0.01 0.01 0.01 0.01 0.01 0.01 0.01 0.01 0.01 0.01 0.01 0.01 0.01 0.01 0.01 0.01 0.01 0.01 0.01 0.01 0.01 0.01 0.01 0.01 0.01 0.01 0.01 0.01 0.01 0.01 0.01 0.01 0.01 0.01 0.01 0.01 0.01 0.01 0.01 0.01 0.01 0.01 0.01 0.01 0.01 0.01 0.01 0.01 0.01 0.01 0.01 0.01 0.01 0.01 0.01 0.01 0.01 0.01 0.01 0.01 0.01 0.01 

Travel_Costs:
0 2.06 1.85 2.24 1.69 0.86 1.36 0.78 2.34 1.84 2.93 2.37 0.52 2.91 1.58 1.79 3.22 1.17 3 0.82 1.34 1.57 2.18 2.83 2.54 1.9 2.85 2.07 1.42 0.64 2.66 2.54 1.01 2.11 2.31 3.24 2.9 2.52 1.55 2.37 1.91 0.3 2.66 1.65 2.06 1.57 1.75 2.69 0.41 2.14 1.47 2.08 2.84 0.4 1.98 1.36 0.68 2.21 2.69 2.86 1.4 2.04 0.39 1.43 1.99 1.2 2.25 2.84 2.68 2 1.49 
2.06 0 3.71 2.18 2.26 2.85 3.4 2.7 1.73 2.39 4.92 1.61 2.46 3.36 2.91 3.4 5.25 1.45 0.97 2.56 1.71 3.2 4.21 4.85 2.51 0.17 4.83 3.85 2.23 2.09 3.66 0.65 3.05 4.14 3.46 3.8 4.89 4.49 3.07 0.34 1.51 1.77 2.86 3.21 4.11 0.49 2.54 3.93 1.71 4.18 1.45 1.45 1 2.44 2.63 2.09 2.51 0.33 0.69 4.83 3.45 3.46 1.84 1.26 3.96 1.7 4.06 4.04 3.87 3.96 0.79 
1.85 3.71 0 2.73 3.35 1.62 1.34 1.81 3.17 3.47 2.36 4.21 1.34 2.57 2.82 0.62 2.38 3.01 4.55 1.15 2.25 0.66 1 2.15 4.24 3.55 2.38 0.3 1.83 1.62 3.82 4.03 1.02 1.57 3.44 4.59 2.38 0.87 2.6 3.97 3.74 2.1 4.27 0.76 1.06 3.24 3.29 1.51 2.25 1.57 3.3 3.91 4.25 1.48 1.99 1.92 1.23 3.93 4.24 2.41 1.31 0.96 2.22 3.28 1.89 3 2.5 1.65 1.57 1.93 2.97 
2.24 2.18 2.73 0 3.62 2.98 3.28 2.97 0.61 3.79 4.81 3.6 2.19 1.2 3.79 2.16 4.96 2.77 2.55 1.96 0.92 2.07 3.62 4.65 4.26 2.11 4.77 2.7 0.97 1.68 4.83 2.03 2.71 3.93 4.51 5.29 4.8 3.59 3.78 2.22 3.3 2.14 4.51 1.99 3.61 2.01 3.8 2.15 2.28 3.95 2.99 3.35 2.06 2.36 0.8 0.95 2.05 2.5 2.29 4.79 3.3 1.99 2.41 2.82 4 2.97 4.4 2.2 2.05 4.02 1.53 
1.69 2.26 3.35 3.62 0 1.77 2.28 1.56 3.49 0.17 3.35 1.29 2.14 4.5 0.91 3.43 3.78 0.9 3.13 2.49 2.73 3.21 3.28 3.37 0.91 2.15 3.22 3.61 3.01 2.29 1.4 2.9 2.34 2.84 1.23 1.67 3.29 3.79 1.18 2.57 0.93 1.6 0.98 3.31 3.11 1.95 0.3 4.37 1.43 2.88 0.82 1.12 3.25 1.94 3.57 2.91 2.33 2.16 2.91 3.21 2.33 3.71 1.34 1.01 2.46 0.66 2.25 4.52 4.36 2.44 2.28 
0.86 2.85 1.62 2.98 1.77 0 0.58 0.22 3.15 1.88 2.08 2.82 0.81 3.43 1.21 1.85 2.4 1.68 3.81 1.13 2.12 1.67 1.55 2 2.67 2.69 2 1.91 2.06 1.3 2.26 3.37 0.62 1.3 1.88 2.99 2.05 2.03 1.03 3.17 2.35 1.12 2.67 1.8 1.39 2.37 1.69 2.87 1.15 1.34 1.94 2.54 3.68 0.63 2.55 2.05 0.99 2.96 3.51 2.01 0.63 2.2 1.02 1.98 1.13 1.58 1.43 3.03 2.89 1.14 2.34 
1.36 3.4 1.34 3.28 2.28 0.58 0 0.78 3.53 2.37 1.59 3.38 1.12 3.55 1.57 1.75 1.86 2.26 4.35 1.33 2.49 1.61 1 1.47 3.16 3.24 1.53 1.63 2.32 1.65 2.5 3.89 0.58 0.75 2.13 3.3 1.57 1.54 1.32 3.72 2.91 1.64 3.11 1.75 0.84 2.91 2.15 2.77 1.7 0.79 2.51 3.11 4.19 1.03 2.74 2.34 1.23 3.52 4.04 1.54 0.06 2.13 1.58 2.56 0.73 2.14 1.23 2.92 2.81 0.75 2.84 
0.78 2.7 1.81 2.97 1.56 0.22 0.78 0 3.11 1.67 2.23 2.61 0.86 3.5 1.05 2 2.56 1.49 3.66 1.21 2.09 1.81 1.76 2.16 2.46 2.54 2.13 2.09 2.09 1.3 2.12 3.24 0.8 1.48 1.75 2.83 2.19 2.24 0.9 3.03 2.14 1.01 2.47 1.93 1.6 2.22 1.49 3.02 1 1.52 1.73 2.34 3.56 0.65 2.6 2.06 1.06 2.79 3.37 2.14 0.83 2.34 0.87 1.79 1.26 1.37 1.48 3.17 3.03 1.27 2.23 
2.34 1.73 3.17 0.61 3.49 3.15 3.53 3.11 0 3.65 5.1 3.26 2.42 1.77 3.8 2.65 5.3 2.6 1.97 2.26 1.05 2.53 4 4.96 4.02 1.69 5.05 3.19 1.35 1.89 4.78 1.48 2.99 4.22 4.49 5.15 5.09 4.04 3.83 1.71 3.02 2.17 4.31 2.46 3.97 1.68 3.7 2.74 2.26 4.25 2.77 3.04 1.48 2.54 1.36 1.27 2.32 2.05 1.74 5.07 3.56 2.52 2.41 2.58 4.23 2.83 4.57 2.8 2.64 4.25 1.23 
1.84 2.39 3.47 3.79 0.17 1.88 2.37 1.67 3.65 0 3.37 1.33 2.28 4.67 0.93 3.57 3.81 1.06 3.25 2.64 2.9 3.36 3.36 3.4 0.8 2.29 3.24 3.74 3.17 2.45 1.28 3.04 2.46 2.9 1.14 1.51 3.31 3.89 1.21 2.7 1.01 1.77 0.82 3.46 3.19 2.1 0.26 4.52 1.59 2.94 0.96 1.18 3.39 2.08 3.74 3.08 2.48 2.28 3.03 3.22 2.42 3.86 1.5 1.15 2.5 0.82 2.26 4.67 4.51 2.48 2.44 
2.93 4.92 2.36 4.81 3.35 2.08 1.59 2.23 5.1 3.37 0 4.61 2.7 4.9 2.45 2.95 0.47 3.64 5.89 2.86 4.06 2.91 1.39 0.23 4.11 4.77 0.15 2.58 3.84 3.23 2.86 5.45 2.12 0.89 2.59 3.7 0.07 1.86 2.17 5.25 4.18 3.2 3.91 3.04 1.31 4.44 3.12 3.84 3.22 0.87 3.84 4.38 5.76 2.61 4.19 3.88 2.79 5.01 5.59 0.18 1.56 3.32 3.09 3.94 0.97 3.46 1.15 3.97 3.91 0.97 4.41 
2.37 1.61 4.21 3.6 1.29 2.82 3.38 2.61 3.26 1.33 4.61 0 2.89 4.69 2.2 4.13 5.02 1.21 2.2 3.16 2.87 3.9 4.36 4.61 1.02 1.59 4.49 4.44 3.31 2.8 2.5 2.18 3.28 4.03 2.45 2.38 4.56 4.81 2.46 1.81 0.48 2.15 1.41 3.97 4.21 1.6 1.58 4.92 1.98 4.07 0.91 0.3 2.5 2.74 3.83 3.18 3.03 1.35 2.08 4.47 3.44 4.32 2 0.96 3.69 1.25 3.54 5.06 4.88 3.67 2.08 
0.52 2.46 1.34 2.19 2.14 0.81 1.12 0.86 2.42 2.28 2.7 2.89 0 2.65 1.86 1.3 2.93 1.68 3.37 0.37 1.37 1.08 1.76 2.57 3.01 2.3 2.64 1.56 1.26 0.54 2.95 2.88 0.62 1.83 2.58 3.6 2.68 2.04 1.75 2.76 2.42 0.77 3.1 1.18 1.67 1.98 2.16 2.25 0.92 1.86 1.98 2.59 3.16 0.22 1.76 1.25 0.21 2.65 3.06 2.66 1.15 1.58 0.9 1.95 1.82 1.7 2.22 2.4 2.25 1.84 1.81 
2.91 3.36 2.57 1.2 4.5 3.43 3.55 3.5 1.77 4.67 4.9 4.69 2.65 0 4.47 1.96 4.94 3.72 3.73 2.31 1.83 2 3.56 4.7 5.24 3.27 4.89 2.42 1.5 2.27 5.55 3.23 2.98 4.05 5.2 6.12 4.9 3.32 4.39 3.42 4.34 2.91 5.45 1.86 3.6 3.14 4.62 1.38 3.08 4.05 3.98 4.42 3.24 2.86 0.94 1.59 2.46 3.68 3.49 4.92 3.55 1.62 3.18 3.83 4.25 3.89 4.77 1.35 1.27 4.28 2.65 
1.58 2.91 2.82 3.79 0.91 1.21 1.57 1.05 3.8 0.93 2.45 2.2 1.86 4.47 0 3.05 2.88 1.47 3.85 2.23 2.88 2.86 2.54 2.48 1.68 2.78 2.32 3.11 3 2.21 1.09 3.54 1.82 2.01 0.73 1.79 2.39 3.11 0.29 3.24 1.8 1.66 1.57 2.98 2.36 2.51 0.67 4.06 1.54 2.05 1.55 2 3.88 1.65 3.55 2.94 2.07 2.89 3.59 2.3 1.62 3.39 1.4 1.71 1.59 1.22 1.34 4.22 4.07 1.57 2.71 
1.79 3.4 0.62 2.16 3.43 1.85 1.75 2 2.65 3.57 2.95 4.13 1.3 1.96 3.05 0 2.98 2.94 4.18 0.98 1.8 0.23 1.6 2.75 4.3 3.25 2.95 0.55 1.33 1.36 4.11 3.64 1.26 2.12 3.73 4.82 2.96 1.44 2.88 3.63 3.68 1.99 4.39 0.2 1.65 2.97 3.43 1.04 2.16 2.13 3.24 3.83 3.83 1.49 1.4 1.44 1.12 3.65 3.87 2.99 1.73 0.39 2.17 3.18 2.39 2.98 2.96 1.19 1.07 2.43 2.63 
3.22 5.25 2.38 4.96 3.78 2.4 1.86 2.56 5.3 3.81 0.47 5.02 2.93 4.94 2.88 2.98 0 4.01 6.2 3.04 4.27 2.98 1.39 0.42 4.55 5.09 0.61 2.55 4 3.45 3.32 5.75 2.32 1.12 3.05 4.16 0.54 1.73 2.6 5.57 4.58 3.5 4.37 3.1 1.37 4.76 3.55 3.79 3.54 1.08 4.22 4.78 6.05 2.87 4.3 4.05 2.99 5.35 5.9 0.64 1.82 3.33 3.41 4.31 1.34 3.85 1.61 3.91 3.87 1.36 4.69 
1.17 1.45 3.01 2.77 0.9 1.68 2.26 1.49 2.6 1.06 3.64 1.21 1.68 3.72 1.47 2.94 4.01 0 2.39 1.97 1.91 2.72 3.21 3.6 1.52 1.32 3.53 3.24 2.26 1.64 2.26 2.08 2.1 2.95 2.03 2.56 3.59 3.63 1.64 1.78 0.74 0.96 1.75 2.79 3.06 1.08 1.14 3.78 0.79 2.99 0.3 0.91 2.43 1.54 2.81 2.14 1.83 1.43 2.13 3.52 2.31 3.16 0.8 0.31 2.68 0.26 2.68 3.92 3.75 2.67 1.39 
3 0.97 4.55 2.55 3.13 3.81 4.35 3.66 1.97 3.25 5.89 2.2 3.37 3.73 3.85 4.18 6.2 2.39 0 3.43 2.39 3.99 5.13 5.8 3.2 1.13 5.79 4.67 2.91 2.95 4.52 0.55 3.97 5.1 4.35 4.55 5.85 5.37 4.02 0.64 2.28 2.71 3.58 3.98 5.03 1.45 3.42 4.56 2.67 5.13 2.33 2.16 0.53 3.37 3.18 2.77 3.39 0.98 0.32 5.79 4.4 4.18 2.8 2.15 4.92 2.63 5.02 4.65 4.48 4.92 1.59 
0.82 2.56 1.15 1.96 2.49 1.13 1.33 1.21 2.26 2.64 2.86 3.16 0.37 2.31 2.23 0.98 3.04 1.97 3.43 0 1.23 0.75 1.78 2.71 3.35 2.41 2.82 1.32 1 0.48 3.31 2.91 0.76 1.98 2.95 3.97 2.85 1.95 2.11 2.83 2.71 1.02 3.46 0.84 1.72 2.1 2.52 1.89 1.19 2 2.27 2.86 3.16 0.59 1.44 1.02 0.17 2.78 3.11 2.84 1.35 1.23 1.2 2.21 2.05 2.01 2.5 2.04 1.88 2.08 1.84 
1.34 1.71 2.25 0.92 2.73 2.12 2.49 2.09 1.05 2.9 4.06 2.87 1.37 1.83 2.88 1.8 4.27 1.91 2.39 1.23 0 1.64 3 3.92 3.42 1.59 4.01 2.32 0.53 0.84 3.92 1.85 1.95 3.18 3.6 4.39 4.04 3.1 2.87 1.88 2.52 1.22 3.65 1.61 2.95 1.37 2.89 2.23 1.36 3.21 2.15 2.6 2.03 1.5 0.97 0.39 1.28 2.01 2.09 4.02 2.51 1.8 1.49 2 3.19 2.1 3.54 2.34 2.16 3.21 0.92 
1.57 3.2 0.66 2.07 3.21 1.67 1.61 1.81 2.53 3.36 2.91 3.9 1.08 2 2.86 0.23 2.98 2.72 3.99 0.75 1.64 0 1.6 2.72 4.09 3.05 2.9 0.69 1.19 1.15 3.92 3.46 1.1 2.06 3.55 4.63 2.92 1.52 2.69 3.43 3.45 1.76 4.17 0.15 1.62 2.76 3.22 1.21 1.94 2.06 3.01 3.61 3.66 1.28 1.34 1.29 0.9 3.45 3.68 2.93 1.61 0.54 1.95 2.95 2.28 2.76 2.84 1.37 1.23 2.32 2.43 
2.18 4.21 1 3.62 3.28 1.55 1 1.76 4 3.36 1.39 4.36 1.76 3.56 2.54 1.6 1.39 3.21 5.13 1.78 3 1.6 0 1.17 4.16 4.05 1.42 1.2 2.67 2.23 3.37 4.64 1.18 0.72 3.02 4.21 1.41 0.61 2.27 4.51 3.89 2.47 4.09 1.72 0.19 3.73 3.14 2.46 2.56 0.7 3.47 4.08 4.91 1.78 2.93 2.74 1.77 4.38 4.82 1.46 0.95 1.95 2.47 3.51 1.16 3.12 1.78 2.59 2.53 1.21 3.56 
2.83 4.85 2.15 4.65 3.37 2 1.47 2.16 4.96 3.4 0.23 4.61 2.57 4.7 2.48 2.75 0.42 3.6 5.8 2.71 3.92 2.72 1.17 0 4.15 4.69 0.32 2.37 3.68 3.09 2.96 5.36 1.97 0.74 2.68 3.81 0.28 1.64 2.19 5.17 4.16 3.1 3.98 2.85 1.1 4.36 3.14 3.62 3.14 0.71 3.81 4.37 5.66 2.49 4.01 3.72 2.64 4.94 5.5 0.37 1.44 3.11 3.01 3.9 0.93 3.44 1.23 3.76 3.7 0.94 4.31 
2.54 2.51 4.24 4.26 0.91 2.67 3.16 2.46 4.02 0.8 4.11 1.02 3.01 5.24 1.68 4.3 4.55 1.52 3.2 3.35 3.42 4.09 4.16 4.15 0 2.46 3.97 4.51 3.77 3.1 1.61 3.12 3.24 3.68 1.65 1.37 4.04 4.69 1.97 2.76 1.02 2.41 0.4 4.18 3.99 2.36 1.03 5.22 2.22 3.73 1.28 1.07 3.46 2.82 4.32 3.66 3.2 2.3 3.06 3.95 3.21 4.57 2.17 1.45 3.27 1.37 2.97 5.37 5.2 3.25 2.79 
1.9 0.17 3.55 2.11 2.15 2.69 3.24 2.54 1.69 2.29 4.77 1.59 2.3 3.27 2.78 3.25 5.09 1.32 1.13 2.41 1.59 3.05 4.05 4.69 2.46 0 4.67 3.7 2.1 1.94 3.55 0.76 2.88 3.98 3.34 3.72 4.73 4.33 2.93 0.49 1.45 1.61 2.8 3.06 3.95 0.33 2.43 3.81 1.55 4.02 1.34 1.41 1.12 2.28 2.52 1.96 2.35 0.43 0.83 4.67 3.29 3.33 1.68 1.15 3.8 1.58 3.91 3.92 3.74 3.8 0.67 
2.85 4.83 2.38 4.77 3.22 2 1.53 2.13 5.05 3.24 0.15 4.49 2.64 4.89 2.32 2.95 0.61 3.53 5.79 2.82 4.01 2.9 1.42 0.32 3.97 4.67 0 2.6 3.8 3.17 2.71 5.36 2.07 0.86 2.45 3.55 0.08 1.92 2.04 5.15 4.05 3.11 3.77 3.04 1.32 4.35 2.98 3.86 3.13 0.84 3.72 4.25 5.68 2.54 4.17 3.83 2.74 4.9 5.49 0.05 1.5 3.32 2.99 3.82 0.87 3.35 1.01 4 3.93 0.87 4.33 
2.07 3.85 0.3 2.7 3.61 1.91 1.63 2.09 3.19 3.74 2.58 4.44 1.56 2.42 3.11 0.55 2.55 3.24 4.67 1.32 2.32 0.69 1.2 2.37 4.51 3.7 2.6 0 1.86 1.77 4.11 4.13 1.3 1.82 3.74 4.88 2.6 0.92 2.89 4.1 3.98 2.31 4.55 0.73 1.29 3.4 3.57 1.26 2.47 1.82 3.53 4.14 4.34 1.72 1.93 1.97 1.42 4.09 4.35 2.64 1.61 0.81 2.45 3.5 2.17 3.24 2.78 1.4 1.34 2.21 3.1 
1.42 2.23 1.83 0.97 3.01 2.06 2.32 2.09 1.35 3.17 3.84 3.31 1.26 1.5 3 1.33 4 2.26 2.91 1 0.53 1.19 2.67 3.68 3.77 2.1 3.8 1.86 0 0.8 4.08 2.36 1.75 2.96 3.73 4.63 3.84 2.7 2.94 2.41 2.92 1.42 3.96 1.13 2.65 1.87 3.12 1.71 1.59 2.98 2.53 3.02 2.53 1.45 0.57 0.15 1.1 2.52 2.6 3.83 2.34 1.28 1.69 2.4 3.04 2.4 3.47 1.82 1.65 3.07 1.44 
0.64 2.09 1.62 1.68 2.29 1.3 1.65 1.3 1.89 2.45 3.23 2.8 0.54 2.27 2.21 1.36 3.45 1.64 2.95 0.48 0.84 1.15 2.23 3.09 3.1 1.94 3.17 1.77 0.8 0 3.29 2.44 1.13 2.36 2.94 3.87 3.21 2.42 2.15 2.36 2.36 0.7 3.25 1.19 2.16 1.63 2.37 2.14 0.88 2.38 1.93 2.5 2.69 0.68 1.35 0.76 0.47 2.32 2.64 3.19 1.68 1.53 0.95 1.85 2.35 1.74 2.73 2.29 2.12 2.38 1.37 
2.66 3.66 3.82 4.83 1.4 2.26 2.5 2.12 4.78 1.28 2.86 2.5 2.95 5.55 1.09 4.11 3.32 2.26 4.52 3.31 3.92 3.92 3.37 2.96 1.61 3.55 2.71 4.11 4.08 3.29 0 4.3 2.86 2.73 0.38 0.86 2.79 3.97 1.23 3.97 2.27 2.7 1.27 4.05 3.19 3.33 1.13 5.13 2.56 2.77 2.22 2.42 4.65 2.73 4.63 4.01 3.15 3.55 4.31 2.68 2.54 4.45 2.43 2.41 2.26 2.01 1.74 5.29 5.14 2.22 3.62 
2.54 0.65 4.03 2.03 2.9 3.37 3.89 3.24 1.48 3.04 5.45 2.18 2.88 3.23 3.54 3.64 5.75 2.08 0.55 2.91 1.85 3.46 4.64 5.36 3.12 0.76 5.36 4.13 2.36 2.44 4.3 0 3.48 4.64 4.1 4.43 5.42 4.85 3.67 0.37 2.14 2.26 3.49 3.44 4.55 1.04 3.18 4.02 2.24 4.67 2.09 2.06 0.36 2.89 2.64 2.23 2.89 0.84 0.26 5.37 3.94 3.64 2.38 1.9 4.49 2.34 4.64 4.11 3.94 4.5 1.08 
1.01 3.05 1.02 2.71 2.34 0.62 0.58 0.8 2.99 2.46 2.12 3.28 0.62 2.98 1.82 1.26 2.32 2.1 3.97 0.76 1.95 1.1 1.18 1.97 3.24 2.88 2.07 1.3 1.75 1.13 2.86 3.48 0 1.24 2.48 3.6 2.1 1.54 1.63 3.35 2.81 1.3 3.26 1.23 1.07 2.56 2.28 2.29 1.4 1.26 2.38 2.99 3.76 0.61 2.16 1.77 0.68 3.21 3.66 2.09 0.59 1.63 1.33 2.38 1.3 2.05 1.79 2.45 2.32 1.33 2.41 
2.11 4.14 1.57 3.93 2.84 1.3 0.75 1.48 4.22 2.9 0.89 4.03 1.83 4.05 2.01 2.12 1.12 2.95 5.1 1.98 3.18 2.06 0.72 0.74 3.68 3.98 0.86 1.82 2.96 2.36 2.73 4.64 1.24 0 2.39 3.58 0.88 1.32 1.73 4.46 3.57 2.39 3.57 2.19 0.56 3.65 2.66 3.07 2.44 0.05 3.19 3.77 4.94 1.76 3.32 2.99 1.91 4.26 4.79 0.88 0.71 2.5 2.31 3.26 0.48 2.82 1.08 3.21 3.13 0.52 3.58 
2.31 3.46 3.44 4.51 1.23 1.88 2.13 1.75 4.49 1.14 2.59 2.45 2.58 5.2 0.73 3.73 3.05 2.03 4.35 2.95 3.6 3.55 3.02 2.68 1.65 3.34 2.45 3.74 3.73 2.94 0.38 4.1 2.48 2.39 0 1.2 2.52 3.61 0.86 3.78 2.15 2.38 1.38 3.67 2.83 3.1 0.94 4.75 2.25 2.43 2.03 2.32 4.45 2.37 4.28 3.67 2.79 3.38 4.12 2.42 2.17 4.08 2.11 2.21 1.92 1.77 1.45 4.91 4.77 1.89 3.36 
3.24 3.8 4.59 5.29 1.67 2.99 3.3 2.83 5.15 1.51 3.7 2.38 3.6 6.12 1.79 4.82 4.16 2.56 4.55 3.97 4.39 4.63 4.21 3.81 1.37 3.72 3.55 4.88 4.63 3.87 0.86 4.43 3.6 3.58 1.2 0 3.63 4.8 2 4.07 2.3 3.22 0.98 4.75 4.02 3.57 1.51 5.83 3.05 3.62 2.41 2.4 4.78 3.39 5.19 4.54 3.81 3.62 4.39 3.52 3.35 5.15 2.94 2.61 3.11 2.33 2.59 5.99 5.84 3.07 3.94 
2.9 4.89 2.38 4.8 3.29 2.05 1.57 2.19 5.09 3.31 0.07 4.56 2.68 4.9 2.39 2.96 0.54 3.59 5.85 2.85 4.04 2.92 1.41 0.28 4.04 4.73 0.08 2.6 3.84 3.21 2.79 5.42 2.1 0.88 2.52 3.63 0 1.9 2.12 5.21 4.12 3.17 3.85 3.05 1.32 4.41 3.06 3.86 3.19 0.87 3.79 4.33 5.73 2.59 4.19 3.87 2.78 4.97 5.55 0.11 1.54 3.33 3.05 3.89 0.93 3.42 1.09 4 3.93 0.93 4.38 
2.52 4.49 0.87 3.59 3.79 2.03 1.54 2.24 4.04 3.89 1.86 4.81 2.04 3.32 3.11 1.44 1.73 3.63 5.37 1.95 3.1 1.52 0.61 1.64 4.69 4.33 1.92 0.92 2.7 2.42 3.97 4.85 1.54 1.32 3.61 4.8 1.9 0 2.85 4.77 4.34 2.8 4.65 1.61 0.79 4.01 3.68 2.09 2.92 1.29 3.91 4.52 5.09 2.12 2.84 2.79 1.99 4.69 5.05 1.96 1.49 1.72 2.86 3.92 1.77 3.57 2.39 2.2 2.18 1.82 3.78 
1.55 3.07 2.6 3.78 1.18 1.03 1.32 0.9 3.83 1.21 2.17 2.46 1.75 4.39 0.29 2.88 2.6 1.64 4.02 2.11 2.87 2.69 2.27 2.19 1.97 2.93 2.04 2.89 2.94 2.15 1.23 3.67 1.63 1.73 0.86 2 2.12 2.85 0 3.4 2.04 1.67 1.85 2.82 2.09 2.64 0.96 3.9 1.58 1.77 1.76 2.24 4.02 1.54 3.48 2.9 1.95 3.06 3.75 2.03 1.37 3.22 1.43 1.9 1.31 1.41 1.09 4.06 3.92 1.28 2.79 
2.37 0.34 3.97 2.22 2.57 3.17 3.72 3.03 1.71 2.7 5.25 1.81 2.76 3.42 3.24 3.63 5.57 1.78 0.64 2.83 1.88 3.43 4.51 5.17 2.76 0.49 5.15 4.1 2.41 2.36 3.97 0.37 3.35 4.46 3.78 4.07 5.21 4.77 3.4 0 1.78 2.08 3.12 3.44 4.41 0.81 2.85 4.1 2.03 4.5 1.76 1.7 0.71 2.74 2.75 2.27 2.79 0.47 0.36 5.16 3.76 3.67 2.17 1.57 4.28 2.03 4.39 4.2 4.03 4.29 1.01 
1.91 1.51 3.74 3.3 0.93 2.35 2.91 2.14 3.02 1.01 4.18 0.48 2.42 4.34 1.8 3.68 4.58 0.74 2.28 2.71 2.52 3.45 3.89 4.16 1.02 1.45 4.05 3.98 2.92 2.36 2.27 2.14 2.81 3.57 2.15 2.3 4.12 4.34 2.04 1.78 0 1.7 1.36 3.52 3.74 1.36 1.23 4.5 1.52 3.61 0.45 0.21 2.48 2.27 3.46 2.8 2.57 1.33 2.09 4.04 2.97 3.89 1.53 0.53 3.24 0.78 3.12 4.64 4.46 3.23 1.81 
0.3 1.77 2.1 2.14 1.6 1.12 1.64 1.01 2.17 1.77 3.2 2.15 0.77 2.91 1.66 1.99 3.5 0.96 2.71 1.02 1.22 1.76 2.47 3.1 2.41 1.61 3.11 2.31 1.42 0.7 2.7 2.26 1.3 2.39 2.38 3.22 3.17 2.8 1.67 2.08 1.7 0 2.57 1.83 2.35 1.28 1.71 2.83 0.19 2.42 1.26 1.85 2.57 0.69 1.98 1.33 0.89 1.92 2.4 3.12 1.69 2.2 0.28 1.2 2.25 1.04 2.47 2.98 2.81 2.26 1.23 
2.66 2.86 4.27 4.51 0.98 2.67 3.11 2.47 4.31 0.82 3.91 1.41 3.1 5.45 1.57 4.39 4.37 1.75 3.58 3.46 3.65 4.17 4.09 3.98 0.4 2.8 3.77 4.55 3.96 3.25 1.27 3.49 3.26 3.57 1.38 0.98 3.85 4.65 1.85 3.12 1.36 2.57 0 4.28 3.92 2.67 0.98 5.34 2.39 3.61 1.55 1.44 3.83 2.9 4.52 3.86 3.3 2.67 3.43 3.75 3.16 4.67 2.31 1.74 3.14 1.56 2.77 5.49 5.33 3.1 3.08 
1.65 3.21 0.76 1.99 3.31 1.8 1.75 1.93 2.46 3.46 3.04 3.97 1.18 1.86 2.98 0.2 3.1 2.79 3.98 0.84 1.61 0.15 1.72 2.85 4.18 3.06 3.04 0.73 1.13 1.19 4.05 3.44 1.23 2.19 3.67 4.75 3.05 1.61 2.82 3.44 3.52 1.83 4.28 0 1.75 2.78 3.33 1.09 2.01 2.2 3.09 3.67 3.64 1.39 1.24 1.25 0.99 3.47 3.67 3.07 1.75 0.41 2.03 3.02 2.42 2.84 2.98 1.24 1.1 2.46 2.43 
2.06 4.11 1.06 3.61 3.11 1.39 0.84 1.6 3.97 3.19 1.31 4.21 1.67 3.6 2.36 1.65 1.37 3.06 5.03 1.72 2.95 1.62 0.19 1.1 3.99 3.95 1.32 1.29 2.65 2.16 3.19 4.55 1.07 0.56 2.83 4.02 1.32 0.79 2.09 4.41 3.74 2.35 3.92 1.75 0 3.62 2.97 2.55 2.44 0.54 3.32 3.93 4.82 1.67 2.94 2.71 1.69 4.26 4.72 1.36 0.78 2.01 2.34 3.36 0.99 2.97 1.61 2.69 2.62 1.03 3.47 
1.57 0.49 3.24 2.01 1.95 2.37 2.91 2.22 1.68 2.1 4.44 1.6 1.98 3.14 2.51 2.97 4.76 1.08 1.45 2.1 1.37 2.76 3.73 4.36 2.36 0.33 4.35 3.4 1.87 1.63 3.33 1.04 2.56 3.65 3.1 3.57 4.41 4.01 2.64 0.81 1.36 1.28 2.67 2.78 3.62 0 2.21 3.57 1.23 3.69 1.16 1.37 1.39 1.95 2.33 1.73 2.03 0.69 1.15 4.35 2.96 3.06 1.36 0.96 3.48 1.33 3.61 3.69 3.51 3.48 0.49 
1.75 2.54 3.29 3.8 0.3 1.69 2.15 1.49 3.7 0.26 3.12 1.58 2.16 4.62 0.67 3.43 3.55 1.14 3.42 2.52 2.89 3.22 3.14 3.14 1.03 2.43 2.98 3.57 3.12 2.37 1.13 3.18 2.28 2.66 0.94 1.51 3.06 3.68 0.96 2.85 1.23 1.71 0.98 3.33 2.97 2.21 0 4.4 1.55 2.7 1.1 1.41 3.53 1.95 3.69 3.04 2.36 2.45 3.19 2.97 2.2 3.73 1.44 1.29 2.25 0.88 2 4.55 4.4 2.23 2.51 
2.69 3.93 1.51 2.15 4.37 2.87 2.77 3.02 2.74 4.52 3.84 4.92 2.25 1.38 4.06 1.04 3.79 3.78 4.56 1.89 2.23 1.21 2.46 3.62 5.22 3.81 3.86 1.26 1.71 2.14 5.13 4.02 2.29 3.07 4.75 5.83 3.86 2.09 3.9 4.1 4.5 2.83 5.34 1.09 2.55 3.57 4.4 0 3.01 3.07 4.07 4.63 4.13 2.46 1.39 1.85 2.05 4.23 4.27 3.9 2.75 0.68 3.05 3.98 3.38 3.86 3.98 0.16 0.11 3.42 3.14 
0.41 1.71 2.25 2.28 1.43 1.15 1.7 1 2.26 1.59 3.22 1.98 0.92 3.08 1.54 2.16 3.54 0.79 2.67 1.19 1.36 1.94 2.56 3.14 2.22 1.55 3.13 2.47 1.59 0.88 2.56 2.24 1.4 2.44 2.25 3.05 3.19 2.92 1.58 2.03 1.52 0.19 2.39 2.01 2.44 1.23 1.55 3.01 0 2.47 1.08 1.68 2.56 0.81 2.15 1.5 1.06 1.83 2.37 3.13 1.74 2.38 0.16 1.03 2.26 0.86 2.43 3.16 2.99 2.27 1.25 
2.14 4.18 1.57 3.95 2.88 1.34 0.79 1.52 4.25 2.94 0.87 4.07 1.86 4.05 2.05 2.13 1.08 2.99 5.13 2 3.21 2.06 0.7 0.71 3.73 4.02 0.84 1.82 2.98 2.38 2.77 4.67 1.26 0.05 2.43 3.62 0.87 1.29 1.77 4.5 3.61 2.42 3.61 2.2 0.54 3.69 2.7 3.07 2.47 0 3.23 3.81 4.97 1.79 3.33 3.02 1.94 4.3 4.82 0.87 0.74 2.5 2.35 3.3 0.51 2.86 1.11 3.21 3.13 0.55 3.62 
1.47 1.45 3.3 2.99 0.82 1.94 2.51 1.73 2.77 0.96 3.84 0.91 1.98 3.98 1.55 3.24 4.22 0.3 2.33 2.27 2.15 3.01 3.47 3.81 1.28 1.34 3.72 3.53 2.53 1.93 2.22 2.09 2.38 3.19 2.03 2.41 3.79 3.91 1.76 1.76 0.45 1.26 1.55 3.09 3.32 1.16 1.1 4.07 1.08 3.23 0 0.62 2.44 1.83 3.08 2.41 2.13 1.36 2.1 3.71 2.56 3.45 1.09 0.2 2.88 0.38 2.83 4.21 4.04 2.87 1.54 
2.08 1.45 3.91 3.35 1.12 2.54 3.11 2.34 3.04 1.18 4.38 0.3 2.59 4.42 2 3.83 4.78 0.91 2.16 2.86 2.6 3.61 4.08 4.37 1.07 1.41 4.25 4.14 3.02 2.5 2.42 2.06 2.99 3.77 2.32 2.4 4.33 4.52 2.24 1.7 0.21 1.85 1.44 3.67 3.93 1.37 1.41 4.63 1.68 3.81 0.62 0 2.4 2.45 3.55 2.9 2.73 1.24 2 4.25 3.16 4.02 1.7 0.66 3.44 0.97 3.32 4.76 4.59 3.43 1.84 
2.84 1 4.25 2.06 3.25 3.68 4.19 3.56 1.48 3.39 5.76 2.5 3.16 3.24 3.88 3.83 6.05 2.43 0.53 3.16 2.03 3.66 4.91 5.66 3.46 1.12 5.68 4.34 2.53 2.69 4.65 0.36 3.76 4.94 4.45 4.78 5.73 5.09 4.02 0.71 2.48 2.57 3.83 3.64 4.82 1.39 3.53 4.13 2.56 4.97 2.44 2.4 0 3.18 2.74 2.4 3.15 1.16 0.44 5.68 4.23 3.8 2.71 2.25 4.81 2.69 4.98 4.21 4.05 4.82 1.36 
0.4 2.44 1.48 2.36 1.94 0.63 1.03 0.65 2.54 2.08 2.61 2.74 0.22 2.86 1.65 1.49 2.87 1.54 3.37 0.59 1.5 1.28 1.78 2.49 2.82 2.28 2.54 1.72 1.45 0.68 2.73 2.89 0.61 1.76 2.37 3.39 2.59 2.12 1.54 2.74 2.27 0.69 2.9 1.39 1.67 1.95 1.95 2.46 0.81 1.79 1.83 2.45 3.18 0 1.96 1.42 0.43 2.6 3.06 2.56 1.06 1.79 0.75 1.82 1.7 1.53 2.05 2.61 2.46 1.72 1.83 
1.98 2.63 1.99 0.8 3.57 2.55 2.74 2.6 1.36 3.74 4.19 3.83 1.76 0.94 3.55 1.4 4.3 2.81 3.18 1.44 0.97 1.34 2.93 4.01 4.32 2.52 4.17 1.93 0.57 1.35 4.63 2.64 2.16 3.32 4.28 5.19 4.19 2.84 3.48 2.75 3.46 1.98 4.52 1.24 2.94 2.33 3.69 1.39 2.15 3.33 3.08 3.55 2.74 1.96 0 0.67 1.57 2.94 2.9 4.19 2.75 1.19 2.25 2.94 3.46 2.97 3.93 1.47 1.31 3.49 1.86 
1.36 2.09 1.92 0.95 2.91 2.05 2.34 2.06 1.27 3.08 3.88 3.18 1.25 1.59 2.94 1.44 4.05 2.14 2.77 1.02 0.39 1.29 2.74 3.72 3.66 1.96 3.83 1.97 0.15 0.76 4.01 2.23 1.77 2.99 3.67 4.54 3.87 2.79 2.9 2.27 2.8 1.33 3.86 1.25 2.71 1.73 3.04 1.85 1.5 3.02 2.41 2.9 2.4 1.42 0.67 0 1.11 2.38 2.47 3.86 2.36 1.41 1.6 2.28 3.05 2.3 3.46 1.96 1.79 3.08 1.3 
0.68 2.51 1.23 2.05 2.33 0.99 1.23 1.06 2.32 2.48 2.79 3.03 0.21 2.46 2.07 1.12 2.99 1.83 3.39 0.17 1.28 0.9 1.77 2.64 3.2 2.35 2.74 1.42 1.1 0.47 3.15 2.89 0.68 1.91 2.79 3.81 2.78 1.99 1.95 2.79 2.57 0.89 3.3 0.99 1.69 2.03 2.36 2.05 1.06 1.94 2.13 2.73 3.15 0.43 1.57 1.11 0 2.71 3.08 2.76 1.25 1.38 1.06 2.08 1.95 1.87 2.37 2.2 2.04 1.97 1.81 
2.21 0.33 3.93 2.5 2.16 2.96 3.52 2.79 2.05 2.28 5.01 1.35 2.65 3.68 2.89 3.65 5.35 1.43 0.98 2.78 2.01 3.45 4.38 4.94 2.3 0.43 4.9 4.09 2.52 2.32 3.55 0.84 3.21 4.26 3.38 3.62 4.97 4.69 3.06 0.47 1.33 1.92 2.67 3.47 4.26 0.69 2.45 4.23 1.83 4.3 1.36 1.24 1.16 2.6 2.94 2.38 2.71 0 0.77 4.91 3.57 3.74 1.95 1.19 4.04 1.67 4.1 4.34 4.16 4.04 1.09 
2.69 0.69 4.24 2.29 2.91 3.51 4.04 3.37 1.74 3.03 5.59 2.08 3.06 3.49 3.59 3.87 5.9 2.13 0.32 3.11 2.09 3.68 4.82 5.5 3.06 0.83 5.49 4.35 2.6 2.64 4.31 0.26 3.66 4.79 4.12 4.39 5.55 5.05 3.75 0.36 2.09 2.4 3.43 3.67 4.72 1.15 3.19 4.27 2.37 4.82 2.1 2 0.44 3.06 2.9 2.47 3.08 0.77 0 5.5 4.09 3.88 2.5 1.92 4.62 2.38 4.74 4.36 4.19 4.63 1.27 
2.86 4.83 2.41 4.79 3.21 2.01 1.54 2.14 5.07 3.22 0.18 4.47 2.66 4.92 2.3 2.99 0.64 3.52 5.79 2.84 4.02 2.93 1.46 0.37 3.95 4.67 0.05 2.64 3.83 3.19 2.68 5.37 2.09 0.88 2.42 3.52 0.11 1.96 2.03 5.16 4.04 3.12 3.75 3.07 1.36 4.35 2.97 3.9 3.13 0.87 3.71 4.25 5.68 2.56 4.19 3.86 2.76 4.91 5.5 0 1.51 3.36 3 3.82 0.88 3.34 0.99 4.04 3.97 0.87 4.34 
1.4 3.45 1.31 3.3 2.33 0.63 0.06 0.83 3.56 2.42 1.56 3.44 1.15 3.55 1.62 1.73 1.82 2.31 4.4 1.35 2.51 1.61 0.95 1.44 3.21 3.29 1.5 1.61 2.34 1.68 2.54 3.94 0.59 0.71 2.17 3.35 1.54 1.49 1.37 3.76 2.97 1.69 3.16 1.75 0.78 2.96 2.2 2.75 1.74 0.74 2.56 3.16 4.23 1.06 2.75 2.36 1.25 3.57 4.09 1.51 0 2.11 1.63 2.61 0.71 2.2 1.24 2.91 2.8 0.74 2.88 
2.04 3.46 0.96 1.99 3.71 2.2 2.13 2.34 2.52 3.86 3.32 4.32 1.58 1.62 3.39 0.39 3.33 3.16 4.18 1.23 1.8 0.54 1.95 3.11 4.57 3.33 3.32 0.81 1.28 1.53 4.45 3.64 1.63 2.5 4.08 5.15 3.33 1.72 3.22 3.67 3.89 2.2 4.67 0.41 2.01 3.06 3.73 0.68 2.38 2.5 3.45 4.02 3.8 1.79 1.19 1.41 1.38 3.74 3.88 3.36 2.11 0 2.41 3.37 2.77 3.22 3.34 0.84 0.7 2.81 2.68 
0.39 1.84 2.22 2.41 1.34 1.02 1.58 0.87 2.41 1.5 3.09 2 0.9 3.18 1.4 2.17 3.41 0.8 2.8 1.2 1.49 1.95 2.47 3.01 2.17 1.68 2.99 2.45 1.69 0.95 2.43 2.38 1.33 2.31 2.11 2.94 3.05 2.86 1.43 2.17 1.53 0.28 2.31 2.03 2.34 1.36 1.44 3.05 0.16 2.35 1.09 1.7 2.71 0.75 2.25 1.6 1.06 1.95 2.5 3 1.63 2.41 0 1.07 2.12 0.82 2.28 3.2 3.04 2.13 1.4 
1.43 1.26 3.28 2.82 1.01 1.98 2.56 1.79 2.58 1.15 3.94 0.96 1.95 3.83 1.71 3.18 4.31 0.31 2.15 2.21 2 2.95 3.51 3.9 1.45 1.15 3.82 3.5 2.4 1.85 2.41 1.9 2.38 3.26 2.21 2.61 3.89 3.92 1.9 1.57 0.53 1.2 1.74 3.02 3.36 0.96 1.29 3.98 1.03 3.3 0.2 0.66 2.25 1.82 2.94 2.28 2.08 1.19 1.92 3.82 2.61 3.37 1.07 0 2.98 0.49 2.96 4.12 3.94 2.97 1.35 
1.99 3.96 1.89 4 2.46 1.13 0.73 1.26 4.23 2.5 0.97 3.69 1.82 4.25 1.59 2.39 1.34 2.68 4.92 2.05 3.19 2.28 1.16 0.93 3.27 3.8 0.87 2.17 3.04 2.35 2.26 4.49 1.3 0.48 1.92 3.11 0.93 1.77 1.31 4.28 3.24 2.25 3.14 2.42 0.99 3.48 2.25 3.38 2.26 0.51 2.88 3.44 4.81 1.7 3.46 3.05 1.95 4.04 4.62 0.88 0.71 2.77 2.12 2.98 0 2.51 0.63 3.53 3.43 0.05 3.47 
1.2 1.7 3 2.97 0.66 1.58 2.14 1.37 2.83 0.82 3.46 1.25 1.7 3.89 1.22 2.98 3.85 0.26 2.63 2.01 2.1 2.76 3.12 3.44 1.37 1.58 3.35 3.24 2.4 1.74 2.01 2.34 2.05 2.82 1.77 2.33 3.42 3.57 1.41 2.03 0.78 1.04 1.56 2.84 2.97 1.33 0.88 3.86 0.86 2.86 0.38 0.97 2.69 1.53 2.97 2.3 1.87 1.67 2.38 3.34 2.2 3.22 0.82 0.49 2.51 0 2.47 4.01 3.84 2.5 1.63 
2.25 4.06 2.5 4.4 2.25 1.43 1.23 1.48 4.57 2.26 1.15 3.54 2.22 4.77 1.34 2.96 1.61 2.68 5.02 2.5 3.54 2.84 1.78 1.23 2.97 3.91 1.01 2.78 3.47 2.73 1.74 4.64 1.79 1.08 1.45 2.59 1.09 2.39 1.09 4.39 3.12 2.47 2.77 2.98 1.61 3.61 2 3.98 2.43 1.11 2.83 3.32 4.98 2.05 3.93 3.46 2.37 4.1 4.74 0.99 1.24 3.34 2.28 2.96 0.63 2.47 0 4.13 4.02 0.59 3.68 
2.84 4.04 1.65 2.2 4.52 3.03 2.92 3.17 2.8 4.67 3.97 5.06 2.4 1.35 4.22 1.19 3.91 3.92 4.65 2.04 2.34 1.37 2.59 3.76 5.37 3.92 4 1.4 1.82 2.29 5.29 4.11 2.45 3.21 4.91 5.99 4 2.2 4.06 4.2 4.64 2.98 5.49 1.24 2.69 3.69 4.55 0.16 3.16 3.21 4.21 4.76 4.21 2.61 1.47 1.96 2.2 4.34 4.36 4.04 2.91 0.84 3.2 4.12 3.53 4.01 4.13 0 0.18 3.57 3.26 
