Number_Of_Customers: 10
Vehicle_Capacity:    50
Alpha:               0.75
Number_Of_Scenarios: 3

Location_Coordinates:
0 0 0
1 1.87613 2.18831
2 -1.09361 -0.265557
3 1.78168 -0.301436
4 -1.22998 -2.19412
5 -1.57424 1.79985
6 0.0528917 -1.04938
7 -1.93888 -1.7486
8 1.28377 1.373
9 0.930859 -0.0477207
10 -2.0418 -1.56584

Demand_per_scenario:
1 6 8 9
2 3 5 5
3 3 3 4
4 3 3 4
5 3 4 4
6 3 5 5
7 4 6 7
8 5 7 9
9 5 7 8
10 6 8 9

Probability_of_each_scenario_occuring:
0.333333 0.333333 0.333333 

Travel_Costs:
0 2.89 1.13 1.81 2.52 2.4 1.06 2.62 1.88 0.94 2.58 
2.89 0 3.86 2.5 5.38 3.48 3.72 5.49 1.01 2.43 5.43 
1.13 3.86 0 2.88 1.94 2.13 1.39 1.71 2.89 2.04 1.61 
1.81 2.5 2.88 0 3.56 3.96 1.89 4 1.75 0.89 4.03 
2.52 5.38 1.94 3.56 0 4.01 1.72 0.84 4.37 3.05 1.03 
2.4 3.48 2.13 3.96 4.01 0 3.29 3.57 2.89 3.12 3.4 
1.06 3.72 1.39 1.89 1.72 3.29 0 2.12 2.72 1.34 2.16 
2.62 5.49 1.71 4 0.84 3.57 2.12 0 4.49 3.34 0.21 
1.88 1.01 2.89 1.75 4.37 2.89 2.72 4.49 0 1.47 4.44 
0.94 2.43 2.04 0.89 3.05 3.12 1.34 3.34 1.47 0 3.34 
2.58 5.43 1.61 4.03 1.03 3.4 2.16 0.21 4.44 3.34 0 
