Number_Of_Customers: 30
Vehicle_Capacity:    50
Alpha:               0.75
Number_Of_Scenarios: 100

Location_Coordinates:
0 0 0
1 -2.07329 -0.733548
2 1.25486 0.513048
3 -2.19947 -1.44287
4 -0.313842 0.259191
5 1.21577 -1.57264
6 -1.29337 2.36471
7 -1.39786 1.16192
8 -1.63323 0.302797
9 -0.883021 -0.932813
10 2.22017 -0.579809
11 0.153998 -1.74888
12 1.62708 1.38905
13 0.764153 -1.87622
14 1.45194 -2.2817
15 1.39688 2.3444
16 2.32161 -0.739057
17 -1.3375 0.618328
18 2.2426 1.40337
19 1.39844 -1.4616
20 -0.170634 2.15774
21 0.202532 -1.04245
22 -0.446269 -0.44107
23 1.93068 -1.11387
24 -0.864138 1.42587
25 -0.335957 -1.4352
26 -1.39527 -0.229356
27 0.210748 2.0482
28 -0.88169 1.43323
29 -1.71963 -1.80215
30 1.32801 -0.193145

Demand_per_scenario:
1 6 5 5 6 7 5 4 4 7 6 5 7 5 5 7 5 6 7 7 8 6 7 7 6 7 6 7 3 5 6 5 5 5 6 5 6 6 6 5 6 7 6 7 5 5 7 6 7 6 6 5 6 6 6 5 6 5 6 6 6 6 6 5 5 7 6 6 6 6 5 5 8 6 8 5 7 6 7 5 6 7 5 5 4 4 5 7 5 7 6 7 4 6 5 5 5 7 7 5 5
2 6 6 7 6 8 8 5 5 6 6 6 5 6 5 6 8 7 6 6 5 6 4 5 7 6 6 6 6 7 5 8 6 7 9 8 6 5 7 5 6 7 7 8 7 6 7 6 5 7 6 7 5 7 7 7 6 7 6 5 6 6 8 7 7 6 6 6 8 5 5 5 5 6 7 6 5 7 7 5 5 6 4 6 5 7 6 6 6 7 7 6 6 6 8 5 6 6 7 4 5
3 5 5 5 5 5 7 5 5 5 5 5 6 5 6 4 5 6 4 6 6 6 5 3 6 3 7 5 5 4 4 4 7 4 5 4 7 5 6 5 6 4 5 5 5 5 5 6 6 5 5 5 7 5 4 5 4 5 5 7 4 4 5 7 7 4 5 4 5 4 6 7 5 4 5 5 4 8 5 6 4 5 6 5 6 5 5 6 4 5 7 5 4 5 5 5 5 3 4 5 4
4 5 4 7 4 5 5 6 3 6 4 3 4 5 5 4 5 3 6 4 4 4 6 5 6 5 3 5 5 3 5 4 5 4 4 5 6 6 5 4 5 4 4 4 5 4 5 5 3 6 5 5 4 4 4 5 5 5 4 5 4 5 5 5 4 5 5 5 5 4 5 4 4 4 5 5 3 4 4 4 5 5 5 6 4 4 3 4 5 5 4 7 5 5 6 5 3 3 5 4 7
5 6 9 9 9 8 8 8 8 7 9 8 8 8 8 7 9 7 7 9 9 8 7 7 6 8 6 10 9 6 8 8 7 9 8 6 8 7 8 9 8 11 9 7 6 7 6 8 8 9 8 6 8 7 9 9 8 7 7 7 8 7 8 8 9 7 9 7 9 8 9 9 8 9 8 10 7 8 9 8 9 6 9 8 8 10 9 9 8 7 9 8 8 8 7 8 8 7 6 6 7
6 5 6 5 8 5 6 9 5 5 6 5 7 6 7 5 8 6 6 4 8 6 5 4 5 7 6 6 5 6 7 4 6 6 4 7 4 6 7 4 5 7 6 7 5 8 7 7 8 5 7 8 6 6 6 6 6 5 6 8 7 6 7 7 7 8 4 6 7 6 7 4 7 6 6 5 7 7 8 5 5 6 7 7 6 6 7 6 6 5 6 5 6 5 7 8 5 6 7 7 7
7 1 3 3 1 2 5 4 3 3 4 3 3 3 3 3 4 3 4 2 4 4 3 4 4 4 3 5 4 2 2 4 3 4 5 4 3 4 5 4 3 4 3 3 2 4 4 3 5 2 3 3 4 3 3 2 5 3 4 3 4 3 3 4 5 3 3 2 4 5 3 2 2 4 5 5 2 2 3 5 3 3 3 2 4 3 5 5 4 1 4 3 3 4 4 3 3 3 3 4 2
8 5 3 5 4 3 3 5 4 4 5 4 5 5 4 5 5 5 7 6 4 5 4 3 5 3 4 5 4 3 4 4 4 5 4 4 4 4 4 4 3 4 5 5 5 6 4 4 5 6 4 3 3 4 4 5 4 3 4 4 6 4 5 3 3 4 7 3 5 5 4 4 6 4 4 4 4 7 6 5 4 6 4 4 6 4 4 5 5 3 5 5 4 4 4 4 5 5 4 3 4
9 6 5 6 4 6 7 7 7 4 7 6 6 6 8 5 7 6 7 7 5 7 7 4 7 5 6 5 5 6 7 6 5 6 5 7 6 4 6 6 8 8 6 6 8 6 7 5 7 7 5 6 5 4 6 6 8 6 6 7 5 6 6 6 5 6 6 6 7 6 7 5 3 5 5 6 6 5 5 5 4 6 6 6 6 7 5 8 6 6 6 7 7 7 6 6 4 4 5 6 5
10 8 3 4 5 6 5 6 8 3 7 5 6 5 5 6 5 4 6 6 4 6 5 6 4 6 5 6 4 5 6 6 6 5 7 6 5 6 6 4 6 6 6 7 5 5 5 5 6 4 6 6 6 6 8 6 4 6 5 8 5 6 6 6 4 6 6 5 6 6 4 6 7 6 6 6 6 4 7 7 5 6 8 6 8 5 6 4 6 5 7 5 7 6 6 5 5 5 4 5 8
11 2 3 1 4 2 3 2 1 2 2 4 4 3 2 3 2 1 2 2 2 3 2 5 3 3 2 1 4 1 2 4 1 1 3 3 4 4 4 1 2 3 1 4 2 1 1 2 2 2 4 4 4 3 3 2 2 3 1 4 2 2 1 4 4 2 4 4 3 2 3 3 5 3 3 5 2 3 3 3 3 1 3 4 1 1 3 1 4 2 2 2 3 3 3 5 4 3 2 3 3
12 8 5 5 5 6 6 7 5 7 5 6 7 4 5 7 5 6 5 7 5 4 6 6 4 6 5 6 5 6 7 7 6 4 7 5 6 7 6 5 4 6 5 4 6 8 5 5 4 6 6 7 5 4 5 6 6 5 3 6 6 6 4 4 6 4 6 5 6 7 6 5 4 5 5 6 7 5 6 6 5 5 7 5 6 5 5 5 6 4 6 6 6 5 6 7 3 4 5 5 4
13 4 3 4 4 5 6 5 3 4 5 6 5 3 6 4 4 4 5 6 4 4 7 5 5 6 5 4 5 6 6 7 5 3 5 5 4 5 5 2 5 4 5 5 5 4 4 5 4 4 5 4 7 4 5 5 5 5 3 5 4 3 4 3 6 4 4 3 4 5 4 5 5 6 3 5 4 6 6 5 6 5 5 6 5 6 4 5 6 6 4 7 5 6 2 5 4 5 6 5 4
14 2 5 4 2 4 4 4 3 3 4 3 2 2 4 2 3 3 4 5 4 6 2 3 4 5 4 4 6 4 4 3 2 3 3 3 5 3 4 2 4 3 4 4 4 2 5 3 3 5 4 2 1 3 5 2 5 3 2 3 4 3 5 5 2 4 1 3 4 4 3 2 3 3 4 4 4 3 5 3 3 2 2 3 4 3 3 5 5 4 3 5 4 2 4 3 4 4 3 4 4
15 10 8 8 7 8 7 7 9 8 8 8 8 8 8 7 7 8 8 7 8 8 8 6 6 7 8 8 8 6 7 10 7 8 7 8 9 10 8 7 5 9 7 7 7 7 10 8 6 8 8 8 8 6 8 7 8 9 9 8 8 9 7 8 7 8 9 9 9 9 8 7 6 6 9 7 8 9 8 9 7 7 10 10 8 9 9 9 6 6 6 6 9 8 7 7 8 7 8 6 7
16 6 7 6 5 4 6 6 5 8 5 4 5 6 5 5 6 6 5 6 5 6 6 4 6 6 6 5 5 6 5 5 5 5 5 6 6 6 5 4 7 6 6 8 5 7 5 5 4 5 4 4 4 6 7 8 5 5 5 7 3 6 4 5 7 5 7 6 5 5 8 6 6 6 5 5 5 4 5 6 5 4 6 5 6 6 4 6 6 5 5 6 4 5 4 5 5 6 6 5 5
17 4 5 5 4 4 4 5 5 4 4 5 6 4 4 4 5 5 6 4 4 6 3 3 4 4 6 5 4 5 5 4 6 4 5 5 6 5 4 5 5 5 2 4 5 4 5 4 6 4 6 4 5 5 2 4 4 6 4 4 3 4 6 4 5 5 4 5 5 4 3 3 3 4 4 4 6 4 6 5 6 4 3 4 5 6 4 4 5 5 5 6 6 2 4 5 5 5 5 4 5
18 6 6 7 8 5 8 5 6 6 7 7 7 7 5 7 7 5 6 8 7 6 7 7 6 5 6 8 5 6 7 6 8 6 7 9 7 6 6 8 5 7 8 5 9 9 8 7 7 7 8 7 6 8 6 5 6 6 9 8 7 7 7 8 6 7 6 4 7 6 6 7 6 6 7 5 6 5 6 5 6 7 5 7 9 6 7 6 5 5 6 8 6 7 6 9 9 9 7 7 7
19 5 7 5 4 7 3 6 4 4 5 5 5 4 5 6 6 4 6 5 7 3 5 6 5 4 4 5 6 5 5 6 6 6 5 4 5 7 6 4 6 4 6 6 6 6 5 5 6 6 3 6 5 6 6 7 5 4 4 7 4 5 6 6 4 6 6 5 4 4 5 5 7 5 5 3 5 6 6 6 7 5 6 6 6 6 5 5 5 3 4 3 5 5 4 6 5 3 4 6 5
20 5 4 5 6 4 5 6 7 3 6 4 5 4 6 5 5 4 5 2 5 5 4 3 5 6 6 6 5 5 3 6 4 3 4 4 6 5 4 3 6 4 5 5 6 5 6 5 3 7 4 6 5 5 4 4 5 4 5 6 4 5 6 3 4 7 6 4 4 4 5 4 4 5 6 4 6 5 5 5 5 4 7 4 4 5 6 5 5 4 6 2 4 5 6 4 5 4 5 5 5
21 5 5 3 4 5 4 3 7 4 4 5 4 3 4 5 5 2 4 5 6 2 6 2 4 4 5 4 6 6 4 5 4 3 4 4 5 4 5 5 4 4 3 3 5 5 6 4 5 5 5 5 4 6 4 3 3 3 4 5 6 6 2 5 4 4 5 3 4 3 5 4 6 5 3 5 4 4 3 5 4 4 5 2 3 5 4 6 5 4 5 4 3 5 3 4 3 6 4 5 5
22 3 5 4 2 3 2 4 5 4 4 5 7 5 3 4 3 4 5 5 5 5 6 5 4 4 5 4 3 4 2 4 4 4 6 5 5 6 4 4 5 3 6 5 5 4 6 4 4 5 4 4 5 3 5 5 5 5 5 3 4 6 6 5 4 4 6 5 6 4 6 6 5 5 6 5 5 5 5 4 6 5 6 4 4 5 5 5 4 4 6 4 4 4 4 5 4 4 5 7 3
23 4 4 4 4 5 5 5 7 6 4 7 5 6 5 6 6 5 6 4 5 7 4 6 6 4 4 5 4 4 4 7 4 6 5 5 5 5 6 6 6 4 5 5 6 5 5 5 6 4 6 5 5 6 5 5 4 5 6 5 5 6 5 3 6 7 4 4 5 5 4 4 5 6 8 4 6 5 6 5 6 6 5 6 7 5 5 6 4 3 4 6 6 5 4 5 5 6 7 7 5
24 2 1 2 2 1 4 1 3 2 2 4 2 2 2 3 2 2 2 1 5 2 4 3 3 2 4 2 1 3 3 3 1 1 2 5 3 2 5 4 2 2 1 1 2 2 3 2 2 3 3 1 3 3 5 2 2 4 3 1 1 1 1 1 3 4 1 1 3 2 4 3 4 2 2 1 1 4 2 1 4 3 3 1 3 3 2 1 2 2 3 2 2 2 1 2 2 1 5 1 2
25 5 3 4 5 4 2 4 5 5 3 3 4 4 4 3 3 4 4 4 3 5 4 4 5 4 3 4 3 3 3 4 4 1 4 6 4 3 4 2 3 3 1 4 4 3 4 3 5 5 2 2 3 5 2 3 4 5 4 3 3 5 5 4 4 5 4 4 4 5 4 4 4 4 5 4 5 4 3 4 4 4 3 3 5 4 3 4 2 4 4 4 5 3 5 4 4 5 4 2 5
26 7 6 7 6 6 7 8 5 7 7 8 7 7 7 7 5 7 7 8 8 6 6 5 6 6 7 6 6 7 8 7 8 7 7 9 6 6 6 6 5 7 7 6 5 6 6 7 7 9 6 6 4 6 6 6 6 6 6 6 7 8 5 6 8 6 5 7 6 6 7 7 6 7 7 7 5 4 6 6 4 6 8 6 6 7 6 6 6 7 5 6 8 8 4 5 6 5 6 7 6
27 7 7 5 7 8 7 6 7 7 8 5 6 7 7 5 9 6 7 5 7 9 6 6 5 6 5 7 8 7 6 6 4 7 7 7 6 7 8 6 6 7 8 8 6 7 8 7 8 7 6 8 9 5 6 6 6 6 5 6 7 8 7 6 4 7 8 8 6 7 5 5 7 8 9 7 7 8 8 7 6 4 4 7 6 7 7 6 7 7 6 7 6 6 7 8 7 7 6 7 6
28 7 10 8 10 8 9 10 10 10 8 6 11 7 10 10 10 9 11 10 9 8 7 9 8 8 8 8 9 8 9 11 7 9 9 7 9 10 8 8 9 8 8 9 8 7 7 8 10 8 9 11 9 10 10 7 10 8 10 9 8 11 7 9 10 9 9 7 8 7 6 9 10 8 8 8 9 8 10 8 7 8 9 9 8 7 8 9 10 9 9 9 9 7 8 9 8 9 10 8 8
29 7 6 6 8 7 6 6 8 8 7 7 7 6 7 8 8 7 7 7 6 6 7 8 7 7 7 8 6 7 6 4 6 7 8 6 5 7 9 7 6 9 6 7 6 6 7 6 6 7 7 7 6 7 7 7 6 7 7 7 8 8 5 7 8 8 5 7 7 5 5 7 7 6 7 7 5 6 8 5 8 6 6 6 6 6 9 5 8 5 6 8 6 4 7 8 6 6 6 7 6
30 7 4 4 7 5 5 5 7 6 7 5 6 6 5 6 6 6 5 7 4 4 7 4 6 7 4 5 5 5 5 4 4 4 6 6 8 6 5 6 6 7 7 7 6 5 5 7 5 6 6 6 5 7 5 8 6 5 7 6 7 5 6 4 5 6 6 6 6 6 4 6 7 4 5 4 7 7 6 5 6 6 6 7 5 5 3 7 7 7 6 5 5 6 5 6 7 5 5 7 6

Probability_of_each_scenario_occuring:
0.01 0.01 0.01 0.01 0.01 0.01 0.01 0.01 0.01 0.01 0.01 0.01 0.01 0.01 0.01 0.01 0.01 0.01 0.01 0.01 0.01 0.01 0.01 0.01 0.01 0.01 0.01 0.01 0.01 0.01 0.01 0.01 0.01 0.01 0.01 0.01 0.01 0.01 0.01 0.01 0.01 0.01 0.01 0.01 0.01 0.01 0.01 0.01 0.01 0.01 0.01 0.01 0.01 0.01 0.01 0.01 0.01 0.01 0.01 0.01 0.01 0.01 0.01 0.01 0.01 0.01 0.01 0.01 0.01 0.01 0.01 0.01 0.01 0.01 0.01 0.01 0.01 0.01 0.01 0.01 0.01 0.01 0.01 0.01 0.01 0.01 0.01 0.01 0.01 0.01 0.01 0.01 0.01 0.01 0.01 0.01 0.01 0.01 0.01 0.01 

Travel_Costs:
0 2.2 1.36 2.64 0.41 1.99 2.7 1.82 1.67 1.29 2.3 1.76 2.14 2.03 2.71 2.73 2.44 1.48 2.65 2.03 2.17 1.07 0.63 2.23 1.67 1.48 1.42 2.06 1.69 2.5 1.35 
2.2 0 3.56 0.73 2.03 3.4 3.2 2.02 1.13 1.21 4.3 2.45 4.27 3.06 3.86 4.64 4.4 1.54 4.82 3.55 3.47 2.3 1.66 4.03 2.48 1.88 0.85 3.6 2.48 1.13 3.45 
1.36 3.56 0 3.97 1.59 2.09 3.15 2.74 2.9 2.59 1.46 2.52 0.96 2.44 2.81 1.84 1.65 2.6 1.33 1.98 2.18 1.88 1.96 1.77 2.31 2.52 2.76 1.86 2.33 3.77 0.71 
2.64 0.73 3.97 0 2.55 3.42 3.92 2.73 1.84 1.42 4.51 2.38 4.77 3 3.75 5.23 4.58 2.24 5.28 3.6 4.14 2.44 2.02 4.15 3.17 1.87 1.46 4.25 3.17 0.6 3.75 
0.41 2.03 1.59 2.55 0 2.39 2.33 1.42 1.33 1.33 2.67 2.07 2.25 2.4 3.1 2.7 2.82 1.09 2.81 2.43 1.91 1.41 0.72 2.64 1.29 1.7 1.19 1.87 1.31 2.5 1.71 
1.99 3.4 2.09 3.42 2.39 0 4.67 3.79 3.42 2.2 1.42 1.08 3 0.55 0.75 3.93 1.39 3.37 3.15 0.22 3.98 1.15 2.02 0.85 3.65 1.56 2.94 3.76 3.67 2.95 1.39 
2.7 3.2 3.15 3.92 2.33 4.67 0 1.21 2.09 3.33 4.59 4.37 3.08 4.72 5.4 2.7 4.77 1.75 3.67 4.68 1.15 3.73 2.94 4.75 1.04 3.92 2.6 1.54 1.02 4.19 3.67 
1.82 2.02 2.74 2.73 1.42 3.79 1.21 0 0.9 2.16 4.02 3.3 3.04 3.73 4.47 3.04 4.18 0.55 3.65 3.84 1.59 2.73 1.87 4.04 0.6 2.81 1.4 1.84 0.59 2.99 3.05 
1.67 1.13 2.9 1.84 1.33 3.42 2.09 0.9 0 1.45 3.96 2.73 3.44 3.24 4.03 3.66 4.09 0.44 4.03 3.51 2.37 2.28 1.41 3.84 1.37 2.17 0.59 2.54 1.36 2.11 3.01 
1.29 1.21 2.59 1.42 1.33 2.2 3.33 2.16 1.45 0 3.13 1.32 3.42 1.9 2.7 4 3.22 1.62 3.91 2.35 3.18 1.1 0.66 2.82 2.36 0.75 0.88 3.18 2.37 1.21 2.34 
2.3 4.3 1.46 4.51 2.67 1.42 4.59 4.02 3.96 3.13 0 2.38 2.06 1.95 1.87 3.04 0.19 3.76 1.99 1.21 3.64 2.08 2.68 0.61 3.68 2.7 3.64 3.31 3.7 4.13 0.98 
1.76 2.45 2.52 2.38 2.07 1.08 4.37 3.3 2.73 1.32 2.38 0 3.47 0.63 1.41 4.28 2.4 2.8 3.79 1.28 3.93 0.71 1.44 1.89 3.34 0.59 2.18 3.8 3.35 1.88 1.95 
2.14 4.27 0.96 4.77 2.25 3 3.08 3.04 3.44 3.42 2.06 3.47 0 3.38 3.68 0.99 2.24 3.07 0.62 2.86 1.96 2.82 2.77 2.53 2.5 3.44 3.43 1.57 2.51 4.63 1.62 
2.03 3.06 2.44 3 2.4 0.55 4.72 3.73 3.24 1.9 1.95 0.63 3.38 0 0.8 4.27 1.93 3.27 3.6 0.76 4.15 1.01 1.88 1.4 3.69 1.19 2.72 3.97 3.7 2.49 1.78 
2.71 3.86 2.81 3.75 3.1 0.75 5.4 4.47 4.03 2.7 1.87 1.41 3.68 0.8 0 4.63 1.78 4.03 3.77 0.83 4.73 1.76 2.65 1.27 4.38 1.98 3.51 4.51 4.39 3.21 2.1 
2.73 4.64 1.84 5.23 2.7 3.93 2.7 3.04 3.66 4 3.04 4.28 0.99 4.27 4.63 0 3.22 3.24 1.27 3.81 1.58 3.6 3.35 3.5 2.45 4.16 3.8 1.23 2.46 5.19 2.54 
2.44 4.4 1.65 4.58 2.82 1.39 4.77 4.18 4.09 3.22 0.19 2.4 2.24 1.93 1.78 3.22 0 3.91 2.15 1.18 3.83 2.15 2.79 0.55 3.86 2.75 3.76 3.5 3.88 4.18 1.14 
1.48 1.54 2.6 2.24 1.09 3.37 1.75 0.55 0.44 1.62 3.76 2.8 3.07 3.27 4.03 3.24 3.91 0 3.67 3.44 1.94 2.27 1.39 3.7 0.94 2.29 0.85 2.11 0.94 2.46 2.79 
2.65 4.82 1.33 5.28 2.81 3.15 3.67 3.65 4.03 3.91 1.99 3.79 0.62 3.6 3.77 1.27 2.15 3.67 0 2.99 2.53 3.19 3.27 2.54 3.11 3.84 3.99 2.14 3.13 5.1 1.84 
2.03 3.55 1.98 3.6 2.43 0.22 4.68 3.84 3.51 2.35 1.21 1.28 2.86 0.76 0.83 3.81 1.18 3.44 2.99 0 3.95 1.27 2.11 0.64 3.67 1.74 3.06 3.71 3.69 3.14 1.28 
2.17 3.47 2.18 4.14 1.91 3.98 1.15 1.59 2.37 3.18 3.64 3.93 1.96 4.15 4.73 1.58 3.83 1.94 2.53 3.95 0 3.23 2.62 3.89 1.01 3.6 2.69 0.4 1.02 4.26 2.79 
1.07 2.3 1.88 2.44 1.41 1.15 3.73 2.73 2.28 1.1 2.08 0.71 2.82 1.01 1.76 3.6 2.15 2.27 3.19 1.27 3.23 0 0.89 1.73 2.69 0.67 1.8 3.1 2.71 2.07 1.41 
0.63 1.66 1.96 2.02 0.72 2.02 2.94 1.87 1.41 0.66 2.68 1.44 2.77 1.88 2.65 3.35 2.79 1.39 3.27 2.11 2.62 0.89 0 2.48 1.92 1.01 0.98 2.58 1.93 1.87 1.8 
2.23 4.03 1.77 4.15 2.64 0.85 4.75 4.04 3.84 2.82 0.61 1.89 2.53 1.4 1.27 3.5 0.55 3.7 2.54 0.64 3.89 1.73 2.48 0 3.78 2.29 3.45 3.6 3.8 3.72 1.11 
1.67 2.48 2.31 3.17 1.29 3.65 1.04 0.6 1.37 2.36 3.68 3.34 2.5 3.69 4.38 2.45 3.86 0.94 3.11 3.67 1.01 2.69 1.92 3.78 0 2.91 1.74 1.25 0.02 3.34 2.73 
1.48 1.88 2.52 1.87 1.7 1.56 3.92 2.81 2.17 0.75 2.7 0.59 3.44 1.19 1.98 4.16 2.75 2.29 3.84 1.74 3.6 0.67 1.01 2.29 2.91 0 1.61 3.53 2.92 1.44 2.08 
1.42 0.85 2.76 1.46 1.19 2.94 2.6 1.4 0.59 0.88 3.64 2.18 3.43 2.72 3.51 3.8 3.76 0.85 3.99 3.06 2.69 1.8 0.98 3.45 1.74 1.61 0 2.79 1.75 1.61 2.73 
2.06 3.6 1.86 4.25 1.87 3.76 1.54 1.84 2.54 3.18 3.31 3.8 1.57 3.97 4.51 1.23 3.5 2.11 2.14 3.71 0.4 3.1 2.58 3.6 1.25 3.53 2.79 0 1.26 4.31 2.51 
1.69 2.48 2.33 3.17 1.31 3.67 1.02 0.59 1.36 2.37 3.7 3.35 2.51 3.7 4.39 2.46 3.88 0.94 3.13 3.69 1.02 2.71 1.93 3.8 0.02 2.92 1.75 1.26 0 3.35 2.75 
2.5 1.13 3.77 0.6 2.5 2.95 4.19 2.99 2.11 1.21 4.13 1.88 4.63 2.49 3.21 5.19 4.18 2.46 5.1 3.14 4.26 2.07 1.87 3.72 3.34 1.44 1.61 4.31 3.35 0 3.45 
1.35 3.45 0.71 3.75 1.71 1.39 3.67 3.05 3.01 2.34 0.98 1.95 1.62 1.78 2.1 2.54 1.14 2.79 1.84 1.28 2.79 1.41 1.8 1.11 2.73 2.08 2.73 2.51 2.75 3.45 0 
