Number_Of_Customers: 25
Vehicle_Capacity:    50
Alpha:               0
Number_Of_Scenarios: 3

Location_Coordinates:
0 0 0
1 -0.123771 -0.213985
2 -1.44339 1.02734
3 1.45421 0.933479
4 -1.02584 -1.31799
5 -1.41548 0.0853216
6 -1.00056 -1.40127
7 -1.20302 0.841017
8 -0.0272955 1.24502
9 0.0471275 2.07214
10 1.49672 0.438769
11 -0.614737 -1.89229
12 1.21167 -0.418193
13 1.42639 -1.7466
14 -0.0280901 -2.11021
15 -1.29607 1.92614
16 -2.4344 0.114159
17 -1.32866 -0.707187
18 -0.69578 1.02303
19 -0.918964 -0.0317071
20 2.09796 0.38457
21 -1.52836 -2.14637
22 0.96769 -1.04081
23 2.17847 -1.51026
24 2.03643 1.25678
25 -2.34624 1.66586

Demand_per_scenario:
1 5 6 7
2 5 6 7
3 4 6 7
4 3 4 5
5 5 7 8
6 6 8 9
7 5 6 7
8 4 6 7
9 4 6 7
10 5 6 7
11 4 6 6
12 5 6 7
13 5 6 7
14 2 2 3
15 4 5 6
16 3 3 4
17 4 5 6
18 4 6 7
19 5 6 7
20 3 5 5
21 6 8 9
22 4 6 7
23 5 6 7
24 4 6 7
25 5 7 8

Probability_of_each_scenario_occuring:
0.333333 0.333333 0.333333 

Travel_Costs:
0 0.25 1.78 1.73 1.68 1.42 1.73 1.47 1.25 2.08 1.56 1.99 1.29 2.26 2.12 2.33 2.44 1.51 1.24 0.92 2.14 2.64 1.43 2.66 2.4 2.88 
0.25 0 1.82 1.96 1.43 1.33 1.48 1.51 1.47 2.3 1.75 1.75 1.36 2.18 1.9 2.45 2.34 1.31 1.37 0.82 2.31 2.39 1.37 2.65 2.62 2.92 
1.78 1.82 0 2.9 2.39 0.95 2.47 0.31 1.44 1.83 3 3.04 3.03 4 3.45 0.92 1.35 1.74 0.75 1.19 3.6 3.18 3.18 4.43 3.49 1.11 
1.73 1.96 2.9 0 3.35 3 3.39 2.66 1.52 1.82 0.5 3.51 1.38 2.69 3.39 2.93 3.98 3.24 2.16 2.57 0.85 4.29 2.04 2.55 0.67 3.88 
1.68 1.43 2.39 3.35 0 1.46 0.09 2.17 2.76 3.56 3.08 0.71 2.42 2.49 1.28 3.26 2.01 0.69 2.37 1.3 3.56 0.97 2.02 3.22 4.01 3.27 
1.42 1.33 0.95 3 1.46 0 1.55 0.79 1.81 2.47 2.94 2.14 2.68 3.39 2.6 1.85 1.02 0.8 1.19 0.52 3.53 2.24 2.64 3.94 3.65 1.84 
1.73 1.48 2.47 3.39 0.09 1.55 0 2.26 2.82 3.63 3.11 0.63 2.43 2.46 1.21 3.35 2.09 0.77 2.45 1.38 3.58 0.92 2.01 3.19 4.04 3.35 
1.47 1.51 0.31 2.66 2.17 0.79 2.26 0 1.25 1.76 2.73 2.8 2.73 3.69 3.18 1.09 1.43 1.56 0.54 0.92 3.34 3.01 2.88 4.12 3.27 1.41 
1.25 1.47 1.44 1.52 2.76 1.81 2.82 1.25 0 0.84 1.73 3.2 2.08 3.33 3.36 1.45 2.66 2.35 0.71 1.56 2.3 3.71 2.5 3.53 2.07 2.36 
2.08 2.3 1.83 1.82 3.56 2.47 3.63 1.76 0.84 0 2.19 4.02 2.75 4.07 4.19 1.36 3.17 3.11 1.29 2.32 2.66 4.51 3.25 4.17 2.15 2.43 
1.56 1.75 3 0.5 3.08 2.94 3.11 2.73 1.73 2.19 0 3.15 0.91 2.19 2.98 3.17 3.95 3.05 2.27 2.47 0.61 3.98 1.58 2.07 0.99 4.04 
1.99 1.75 3.04 3.51 0.71 2.14 0.63 2.8 3.2 4.02 3.15 0 2.35 2.05 0.63 3.88 2.71 1.39 2.92 1.89 3.55 0.95 1.8 2.82 4.12 3.96 
1.29 1.36 3.03 1.38 2.42 2.68 2.43 2.73 2.08 2.75 0.91 2.35 0 1.35 2.1 3.44 3.69 2.56 2.4 2.17 1.2 3.24 0.67 1.46 1.87 4.13 
2.26 2.18 4 2.69 2.49 3.39 2.46 3.69 3.33 4.07 2.19 2.05 1.35 0 1.5 4.58 4.29 2.95 3.49 2.91 2.24 2.99 0.85 0.79 3.07 5.09 
2.12 1.9 3.45 3.39 1.28 2.6 1.21 3.18 3.36 4.19 2.98 0.63 2.1 1.5 0 4.24 3.28 1.92 3.21 2.27 3.28 1.51 1.47 2.29 3.95 4.44 
2.33 2.45 0.92 2.93 3.26 1.85 3.35 1.09 1.45 1.36 3.17 3.88 3.44 4.58 4.24 0 2.14 2.64 1.09 2 3.73 4.08 3.74 4.89 3.4 1.09 
2.44 2.34 1.35 3.98 2.01 1.02 2.09 1.43 2.66 3.17 3.95 2.71 3.69 4.29 3.28 2.14 0 1.38 1.97 1.53 4.55 2.44 3.6 4.9 4.62 1.56 
1.51 1.31 1.74 3.24 0.69 0.8 0.77 1.56 2.35 3.11 3.05 1.39 2.56 2.95 1.92 2.64 1.38 0 1.85 0.8 3.6 1.46 2.33 3.6 3.9 2.59 
1.24 1.37 0.75 2.16 2.37 1.19 2.45 0.54 0.71 1.29 2.27 2.92 2.4 3.49 3.21 1.09 1.97 1.85 0 1.08 2.87 3.28 2.66 3.84 2.75 1.78 
0.92 0.82 1.19 2.57 1.3 0.52 1.38 0.92 1.56 2.32 2.47 1.89 2.17 2.91 2.27 2 1.53 0.8 1.08 0 3.05 2.21 2.14 3.44 3.23 2.22 
2.14 2.31 3.6 0.85 3.56 3.53 3.58 3.34 2.3 2.66 0.61 3.55 1.2 2.24 3.28 3.73 4.55 3.6 2.87 3.05 0 4.43 1.82 1.9 0.88 4.63 
2.64 2.39 3.18 4.29 0.97 2.24 0.92 3.01 3.71 4.51 3.98 0.95 3.24 2.99 1.51 4.08 2.44 1.46 3.28 2.21 4.43 0 2.73 3.77 4.93 3.9 
1.43 1.37 3.18 2.04 2.02 2.64 2.01 2.88 2.5 3.25 1.58 1.8 0.67 0.85 1.47 3.74 3.6 2.33 2.66 2.14 1.82 2.73 0 1.3 2.54 4.28 
2.66 2.65 4.43 2.55 3.22 3.94 3.19 4.12 3.53 4.17 2.07 2.82 1.46 0.79 2.29 4.89 4.9 3.6 3.84 3.44 1.9 3.77 1.3 0 2.78 5.53 
2.4 2.62 3.49 0.67 4.01 3.65 4.04 3.27 2.07 2.15 0.99 4.12 1.87 3.07 3.95 3.4 4.62 3.9 2.75 3.23 0.88 4.93 2.54 2.78 0 4.41 
2.88 2.92 1.11 3.88 3.27 1.84 3.35 1.41 2.36 2.43 4.04 3.96 4.13 5.09 4.44 1.09 1.56 2.59 1.78 2.22 4.63 3.9 4.28 5.53 4.41 0 
