Number_Of_Customers: 30
Vehicle_Capacity:    50
Alpha:               0.75
Number_Of_Scenarios: 100

Location_Coordinates:
0 0 0
1 -2.09468 -0.299492
2 1.43874 0.86808
3 -0.17241 2.30077
4 -0.936211 0.101802
5 0.992454 0.169581
6 0.15157 2.43884
7 -0.449814 -0.0186802
8 1.04146 -1.18066
9 1.6986 -1.54755
10 0.374855 0.187437
11 0.256752 0.224925
12 0.315831 -1.83652
13 -1.46075 -0.786824
14 0.85475 0.778008
15 0.982258 -1.18748
16 1.98391 -1.41574
17 0.588994 -0.775225
18 0.785072 -0.290311
19 0.735451 0.730567
20 -1.35744 0.478639
21 -0.505975 1.08108
22 -0.33977 -0.514654
23 0.206711 -0.811547
24 0.337857 -1.63169
25 1.22076 2.28695
26 1.76428 2.17005
27 2.05895 -0.225374
28 2.14307 -1.39924
29 -2.04745 -1.54779
30 1.27364 1.09801

Demand_per_scenario:
1 2 4 5 5 3 2 5 4 4 4 5 5 3 5 6 4 3 3 3 2 3 3 3 3 5 3 4 4 3 3 4 2 3 3 5 5 3 2 2 3 5 5 3 4 3 4 4 2 2 3 4 4 5 4 3 3 3 4 5 5 3 4 4 6 3 3 3 4 4 4 2 2 4 3 3 3 3 4 2 3 3 4 3 4 4 4 4 3 4 2 4 4 4 5 3 3 4 5 4 5
2 5 6 6 6 6 5 6 6 6 7 7 4 6 7 5 5 7 7 6 6 5 6 4 7 6 6 4 6 7 6 5 5 8 7 5 6 4 7 7 7 5 7 4 5 6 6 5 7 5 6 5 7 5 5 4 5 5 6 5 6 5 5 6 6 5 7 5 6 5 7 4 4 5 6 6 5 5 6 6 5 6 5 6 6 4 6 6 5 6 3 4 4 5 5 7 5 5 6 4 6
3 8 7 7 7 5 8 7 7 7 5 5 7 7 8 7 5 8 7 5 7 6 5 7 5 8 6 6 5 7 8 7 6 5 6 6 5 6 8 5 8 4 6 6 4 8 6 8 6 8 6 5 7 4 5 8 6 8 6 4 8 5 7 7 8 6 5 5 6 6 7 6 6 6 6 7 5 8 5 5 8 6 5 6 6 7 5 7 7 7 7 6 6 5 6 8 6 4 7 7 7
4 7 5 5 4 6 7 4 8 6 5 5 6 6 5 6 7 6 5 9 5 4 5 6 6 5 5 5 6 5 6 5 4 5 5 4 5 7 6 6 7 7 4 4 6 5 4 7 5 7 5 4 5 7 5 6 4 8 5 5 7 5 5 5 5 5 4 5 4 6 5 4 6 6 7 3 7 5 6 6 5 5 5 6 4 5 5 5 8 5 6 3 6 5 6 7 5 3 5 5 6
5 3 4 2 3 3 4 4 2 3 3 3 3 4 4 3 3 3 4 3 3 3 1 2 3 2 2 3 4 3 5 3 2 4 2 3 3 3 3 3 4 4 5 2 2 3 2 2 4 4 1 3 1 3 3 4 2 3 4 2 3 4 5 4 4 3 3 3 3 2 5 3 3 2 4 2 5 4 3 4 3 3 4 3 2 1 2 5 3 2 4 4 2 3 2 2 2 3 1 1 2
6 4 4 5 6 6 5 5 5 5 5 4 6 5 4 5 6 4 6 4 4 5 4 5 6 6 5 6 5 4 4 5 6 5 3 5 4 5 4 4 5 4 6 5 6 6 4 6 6 5 6 5 4 4 7 5 6 5 6 4 7 5 5 3 5 5 6 6 5 5 7 5 6 5 3 4 5 5 6 3 5 3 3 4 4 4 3 6 5 7 3 5 5 5 6 3 4 4 3 5 5
7 4 6 5 3 3 6 7 5 5 5 5 7 4 5 5 4 5 4 6 3 5 6 5 6 6 5 4 6 5 4 4 6 6 4 6 5 5 7 6 7 7 5 6 4 4 6 4 6 4 4 4 6 5 6 5 6 4 5 6 4 6 7 5 6 5 6 6 6 5 7 7 7 7 6 5 5 6 3 6 5 5 5 6 5 5 6 4 5 5 4 5 7 5 6 5 3 7 3 5 5
8 3 3 2 3 3 4 3 2 3 1 2 2 4 3 2 3 3 3 3 1 1 3 4 4 2 4 4 4 3 4 2 3 2 3 2 4 3 3 3 3 3 3 2 4 4 2 2 3 3 3 5 2 3 5 3 4 3 3 4 3 4 3 2 2 4 2 3 3 4 3 3 3 3 3 3 4 3 3 3 4 3 2 3 4 2 2 4 3 1 3 1 2 2 4 4 4 2 2 3 3
9 6 5 4 5 6 6 7 4 4 4 5 4 3 5 5 5 5 5 5 4 6 5 5 4 6 5 4 7 5 7 4 5 5 6 4 5 5 3 6 6 6 6 6 7 6 4 5 4 7 6 5 5 6 5 4 5 4 6 5 4 6 4 5 7 6 7 5 5 4 4 5 6 6 3 5 4 6 4 4 5 4 7 6 3 5 5 5 5 3 5 6 5 5 4 6 3 6 4 5 5
10 5 4 4 7 4 4 4 5 7 5 6 6 5 4 6 6 6 5 7 6 7 6 5 5 5 5 5 6 5 6 6 5 5 6 6 5 5 4 6 5 5 5 5 7 7 6 6 7 6 5 5 4 3 5 6 7 7 6 6 5 6 4 6 4 5 7 6 5 5 4 6 4 5 6 7 6 4 6 6 5 6 4 5 5 4 6 5 6 4 4 6 6 5 7 6 6 6 6 7 7
11 8 6 6 9 6 8 7 7 6 8 5 6 7 6 6 7 7 6 8 7 7 7 6 6 3 5 6 7 4 7 7 4 6 7 7 8 6 8 5 4 5 8 6 7 6 7 4 7 5 6 7 7 6 6 5 6 6 6 6 6 6 7 5 6 6 6 6 5 5 6 7 5 6 7 4 6 6 7 7 6 6 7 6 9 7 6 8 6 7 8 6 7 7 7 7 7 6 7 7 6
12 10 7 11 8 8 10 9 10 9 8 9 9 9 9 7 8 11 8 7 9 8 8 10 9 9 9 9 7 9 8 9 7 9 8 9 9 9 9 9 10 9 7 9 10 9 10 9 9 10 9 7 8 7 10 9 9 9 8 9 7 10 9 10 8 8 9 9 7 9 9 8 8 8 10 9 9 8 9 11 9 8 8 10 10 9 9 10 9 8 9 10 9 9 8 8 9 8 8 8 8
13 7 7 7 5 6 5 6 4 4 6 7 7 7 4 5 6 6 6 4 7 5 6 5 6 5 7 6 7 6 5 6 5 6 4 6 7 6 6 7 6 6 7 7 6 5 8 5 6 7 6 6 5 5 7 5 6 6 7 6 5 4 7 6 6 7 6 7 5 6 6 6 7 5 6 7 7 6 8 6 6 7 6 5 6 5 6 5 6 7 7 6 3 6 6 7 7 5 6 5 7
14 9 9 8 10 7 9 9 8 7 8 7 8 9 8 7 6 7 7 7 8 8 6 8 9 9 8 8 8 8 7 9 7 8 6 8 9 8 9 7 8 8 10 6 7 5 8 8 7 9 8 9 7 8 6 8 9 8 8 7 9 7 6 8 8 7 9 8 9 7 7 8 8 9 8 8 9 8 9 8 8 7 8 8 6 9 7 8 9 9 8 8 8 10 6 8 7 9 7 8 8
15 6 4 3 4 4 5 5 3 7 3 5 6 4 3 4 4 5 5 4 5 5 4 4 3 3 4 4 5 2 4 5 3 3 5 4 5 3 4 5 4 5 3 5 5 3 4 7 5 4 3 5 3 4 4 4 3 5 5 5 6 3 5 4 4 4 4 4 5 4 5 5 5 4 4 4 4 3 5 2 5 4 6 5 4 5 4 4 4 5 5 4 5 5 4 6 4 5 5 5 3
16 8 9 7 10 7 8 9 6 9 10 7 9 9 9 9 8 7 9 8 6 7 8 8 7 9 7 11 8 8 9 8 9 10 9 7 8 6 10 10 11 8 7 9 9 8 9 8 7 10 8 9 9 8 7 8 7 7 8 8 9 8 7 7 9 7 9 7 9 9 8 8 9 9 9 7 9 8 9 8 8 7 8 7 10 9 9 9 10 7 9 8 7 9 8 8 8 9 9 8 8
17 2 3 2 3 2 1 2 3 5 3 1 1 2 2 2 1 2 1 2 2 3 1 4 3 2 2 2 3 2 3 2 3 1 1 5 2 3 2 3 2 2 3 1 3 2 1 2 1 1 3 2 4 3 2 2 1 1 1 1 3 1 1 2 3 1 1 3 1 1 2 1 1 3 3 4 1 2 1 3 3 2 2 2 1 2 2 2 1 3 2 3 3 3 1 1 1 2 4 4 3
18 5 3 5 6 6 5 3 3 4 4 6 7 5 5 4 5 3 5 5 5 3 3 3 5 4 4 4 4 7 4 5 5 5 4 5 3 4 4 5 4 4 3 5 4 4 3 4 3 4 4 5 5 2 4 6 4 4 4 4 6 5 5 5 5 3 4 5 5 2 3 5 6 5 5 4 5 3 4 5 4 4 3 4 5 6 4 4 6 4 5 6 3 4 4 3 5 6 5 5 5
19 8 7 7 7 9 6 7 9 9 8 8 8 9 6 8 7 7 9 9 8 6 5 7 9 6 9 9 8 6 8 7 6 7 7 7 7 7 6 9 10 8 8 8 8 7 7 7 8 7 7 7 10 10 9 6 5 8 10 8 8 8 9 8 8 8 9 5 8 9 8 8 7 8 8 7 9 7 6 10 7 8 8 7 9 7 9 7 6 6 10 8 8 6 7 9 7 9 8 6 7
20 6 4 6 7 5 6 7 4 6 6 4 6 6 5 6 6 5 7 6 4 6 6 4 5 6 6 8 5 7 5 5 7 6 8 5 5 6 6 6 6 6 5 6 4 6 4 6 6 6 7 5 7 5 7 6 6 6 4 4 6 6 6 7 7 6 7 7 6 6 8 5 6 5 5 7 4 5 6 7 7 7 5 7 4 7 3 7 7 5 5 6 7 6 6 5 7 6 6 6 5
21 1 3 2 1 4 5 3 4 2 3 2 2 5 4 2 2 2 3 3 2 3 4 4 3 2 3 2 1 2 4 3 2 3 1 3 2 2 3 3 2 3 3 2 2 5 2 5 3 1 2 2 4 4 3 1 2 3 4 3 1 4 1 1 1 3 2 3 4 4 4 5 3 3 3 3 3 3 3 1 1 6 4 3 3 3 3 2 3 3 3 3 3 2 2 2 3 3 1 2 1
22 6 5 4 5 4 3 3 7 5 5 4 5 5 4 5 4 7 4 4 5 6 6 3 4 6 6 6 5 5 5 6 5 7 6 7 5 4 6 6 5 4 5 6 5 5 6 5 6 5 6 5 5 6 3 5 6 5 4 4 6 4 5 5 5 3 6 5 4 5 6 7 5 6 7 6 5 4 4 5 6 5 5 4 6 4 5 5 6 5 4 6 6 8 6 6 5 5 4 5 4
23 2 6 6 6 4 4 3 6 5 4 5 4 4 5 2 4 4 4 5 3 5 4 3 5 5 3 5 5 6 7 4 5 3 4 5 5 3 4 3 4 6 3 6 3 4 5 5 3 4 6 4 3 6 5 4 4 5 4 2 4 5 4 4 5 5 2 5 4 5 3 5 6 5 4 5 5 4 5 5 3 5 6 3 5 3 4 4 5 4 4 5 6 4 6 5 4 5 6 5 5
24 3 2 5 4 5 3 4 5 3 5 6 4 3 3 5 4 2 1 2 3 4 2 4 5 4 4 5 4 4 4 4 5 3 3 4 4 5 4 4 4 3 6 4 5 4 6 4 4 4 2 3 5 4 5 6 4 4 3 5 5 4 5 8 3 4 5 5 4 3 6 4 4 4 2 3 6 3 3 3 4 4 4 4 4 1 5 2 5 6 4 2 5 5 4 4 5 4 5 3 3
25 7 7 7 6 7 5 8 7 7 6 7 6 7 7 7 6 7 8 6 7 8 6 6 7 7 8 8 6 6 8 6 6 8 6 5 6 6 8 5 6 7 5 6 5 7 5 8 6 8 6 6 5 6 7 5 6 6 6 6 7 4 5 5 8 5 7 8 6 6 8 8 6 6 7 8 8 8 6 7 6 5 7 6 5 7 5 7 6 7 7 6 4 7 5 7 6 6 6 6 7
26 6 6 5 5 5 5 4 5 7 4 6 5 5 4 4 6 4 5 6 5 6 4 5 6 5 5 6 7 4 6 6 6 4 6 4 6 4 5 6 5 5 7 5 4 7 6 6 4 6 6 5 4 5 3 4 6 5 5 7 4 5 4 8 4 6 4 5 5 5 6 5 6 7 4 6 5 3 5 4 5 5 6 7 6 5 5 5 5 6 4 6 6 6 4 6 6 7 4 4 5
27 6 8 8 7 7 5 6 5 5 7 7 7 7 7 8 7 7 7 8 8 8 6 10 7 7 8 7 7 8 7 7 8 7 6 8 7 8 9 7 6 6 5 9 6 8 7 7 8 7 7 7 7 7 8 7 6 6 5 7 8 7 7 7 6 6 7 6 8 7 8 6 8 6 7 8 8 6 8 9 6 7 7 8 7 8 8 7 7 7 7 7 7 6 8 6 6 6 7 6 6
28 5 6 7 4 6 4 2 4 6 5 6 4 5 6 6 6 8 5 5 6 5 5 3 5 5 7 6 4 6 4 5 4 5 5 5 6 5 5 3 5 5 6 4 4 5 6 7 5 6 4 5 2 6 5 5 5 4 4 6 4 6 5 4 5 5 5 5 7 6 7 5 4 4 5 6 4 5 5 6 6 5 6 5 6 6 5 6 7 4 4 6 5 5 4 6 6 6 6 3 4
29 9 7 6 8 8 7 8 7 7 6 4 8 7 6 7 7 6 4 7 6 7 7 5 6 6 6 8 6 7 6 6 6 7 7 7 7 6 7 6 7 7 8 7 7 7 6 6 6 6 8 6 9 6 6 7 7 8 7 8 5 7 7 9 8 7 6 6 8 7 6 6 8 6 7 8 8 6 5 5 6 7 6 5 7 8 6 8 7 7 10 7 5 6 5 8 7 6 6 7 8
30 4 3 4 4 3 3 3 3 3 3 4 3 4 1 3 5 6 3 3 4 4 4 3 4 3 3 2 3 3 2 4 5 3 5 3 1 3 5 4 4 4 5 3 3 3 4 4 3 3 2 3 4 4 3 2 6 3 3 3 3 4 2 4 4 4 2 4 3 3 4 4 4 1 4 4 3 3 3 3 3 3 4 3 3 4 4 3 3 2 4 3 5 3 3 1 4 3 4 3 3

Probability_of_each_scenario_occuring:
0.01 0.01 0.01 0.01 0.01 0.01 0.01 0.01 0.01 0.01 0.01 0.01 0.01 0.01 0.01 0.01 0.01 0.01 0.01 0.01 0.01 0.01 0.01 0.01 0.01 0.01 0.01 0.01 0.01 0.01 0.01 0.01 0.01 0.01 0.01 0.01 0.01 0.01 0.01 0.01 0.01 0.01 0.01 0.01 0.01 0.01 0.01 0.01 0.01 0.01 0.01 0.01 0.01 0.01 0.01 0.01 0.01 0.01 0.01 0.01 0.01 0.01 0.01 0.01 0.01 0.01 0.01 0.01 0.01 0.01 0.01 0.01 0.01 0.01 0.01 0.01 0.01 0.01 0.01 0.01 0.01 0.01 0.01 0.01 0.01 0.01 0.01 0.01 0.01 0.01 0.01 0.01 0.01 0.01 0.01 0.01 0.01 0.01 0.01 0.01 

Travel_Costs:
0 2.12 1.69 2.31 0.95 1.01 2.45 0.46 1.58 2.3 0.42 0.35 1.87 1.66 1.16 1.55 2.44 0.98 0.84 1.04 1.44 1.2 0.62 0.84 1.67 2.6 2.8 2.08 2.56 2.57 1.69 
2.12 0 3.73 3.24 1.23 3.13 3.55 1.67 3.26 4 2.52 2.41 2.86 0.8 3.15 3.21 4.23 2.73 2.88 3.02 1.08 2.11 1.77 2.36 2.78 4.21 4.59 4.16 4.38 1.25 3.65 
1.69 3.73 0 2.16 2.5 0.83 2.04 2.09 2.09 2.43 1.27 1.35 2.93 3.34 0.6 2.11 2.35 1.86 1.34 0.72 2.83 1.96 2.26 2.09 2.74 1.44 1.35 1.26 2.38 4.25 0.29 
2.31 3.24 2.16 0 2.33 2.43 0.36 2.34 3.69 4.28 2.19 2.12 4.17 3.35 1.84 3.68 4.3 3.17 2.77 1.82 2.18 1.27 2.83 3.14 3.97 1.4 1.95 3.38 4.37 4.29 1.89 
0.95 1.23 2.5 2.33 0 1.93 2.58 0.51 2.36 3.11 1.32 1.2 2.31 1.04 1.92 2.32 3.3 1.76 1.77 1.79 0.57 1.07 0.86 1.47 2.16 3.08 3.41 3.02 3.43 1.99 2.43 
1.01 3.13 0.83 2.43 1.93 0 2.43 1.46 1.36 1.86 0.62 0.74 2.12 2.64 0.63 1.36 1.87 1.03 0.51 0.62 2.38 1.76 1.5 1.26 1.92 2.13 2.15 1.14 1.95 3.5 0.98 
2.45 3.55 2.04 0.36 2.58 2.43 0 2.54 3.73 4.28 2.27 2.22 4.28 3.61 1.81 3.73 4.27 3.25 2.81 1.81 2.48 1.51 3 3.26 4.08 1.08 1.64 3.28 4.33 4.56 1.75 
0.46 1.67 2.09 2.34 0.51 1.46 2.54 0 1.9 2.64 0.86 0.75 1.98 1.27 1.53 1.85 2.81 1.29 1.27 1.41 1.04 1.11 0.51 1.03 1.8 2.85 3.12 2.52 2.94 2.22 2.06 
1.58 3.26 2.09 3.69 2.36 1.36 3.73 1.9 0 0.76 1.53 1.61 0.98 2.54 1.97 0.06 0.98 0.61 0.93 1.94 2.92 2.75 1.54 0.92 0.84 3.48 3.43 1.4 1.13 3.12 2.3 
2.3 4 2.43 4.28 3.11 1.86 4.28 2.64 0.76 0 2.19 2.29 1.42 3.25 2.48 0.81 0.32 1.36 1.56 2.48 3.67 3.44 2.29 1.67 1.37 3.87 3.72 1.38 0.47 3.75 2.68 
0.42 2.52 1.27 2.19 1.32 0.62 2.27 0.86 1.53 2.19 0 0.13 2.03 2.08 0.77 1.51 2.28 0.99 0.63 0.66 1.76 1.26 1.01 1.02 1.82 2.27 2.43 1.74 2.38 2.98 1.28 
0.35 2.41 1.35 2.12 1.2 0.74 2.22 0.75 1.61 2.29 0.13 0 2.07 2 0.82 1.59 2.39 1.06 0.74 0.7 1.64 1.15 0.96 1.04 1.86 2.28 2.47 1.86 2.49 2.91 1.35 
1.87 2.86 2.93 4.17 2.31 2.12 4.28 1.98 0.98 1.42 2.03 2.07 0 2.07 2.67 0.94 1.73 1.1 1.62 2.61 2.86 3.04 1.48 1.04 0.21 4.23 4.27 2.38 1.88 2.39 3.09 
1.66 0.8 3.34 3.35 1.04 2.64 3.61 1.27 2.54 3.25 2.08 2 2.07 0 2.8 2.48 3.51 2.05 2.31 2.67 1.27 2.1 1.16 1.67 1.99 4.08 4.38 3.57 3.66 0.97 3.33 
1.16 3.15 0.6 1.84 1.92 0.63 1.81 1.53 1.97 2.48 0.77 0.82 2.67 2.8 0 1.97 2.47 1.58 1.08 0.13 2.24 1.4 1.77 1.72 2.47 1.56 1.67 1.57 2.53 3.72 0.53 
1.55 3.21 2.11 3.68 2.32 1.36 3.73 1.85 0.06 0.81 1.51 1.59 0.94 2.48 1.97 0 1.03 0.57 0.92 1.94 2.88 2.72 1.49 0.87 0.79 3.49 3.45 1.45 1.18 3.06 2.31 
2.44 4.23 2.35 4.3 3.3 1.87 4.27 2.81 0.98 0.32 2.28 2.39 1.73 3.51 2.47 1.03 0 1.54 1.65 2.49 3.85 3.53 2.5 1.88 1.67 3.79 3.6 1.2 0.17 4.04 2.62 
0.98 2.73 1.86 3.17 1.76 1.03 3.25 1.29 0.61 1.36 0.99 1.06 1.1 2.05 1.58 0.57 1.54 0 0.53 1.52 2.32 2.16 0.97 0.39 0.9 3.13 3.18 1.57 1.68 2.75 2 
0.84 2.88 1.34 2.77 1.77 0.51 2.81 1.27 0.93 1.56 0.63 0.74 1.62 2.31 1.08 0.92 1.65 0.53 0 1.03 2.28 1.89 1.15 0.78 1.42 2.62 2.65 1.28 1.76 3.1 1.48 
1.04 3.02 0.72 1.82 1.79 0.62 1.81 1.41 1.94 2.48 0.66 0.7 2.61 2.67 0.13 1.94 2.49 1.52 1.03 0 2.11 1.29 1.65 1.64 2.4 1.64 1.77 1.64 2.56 3.6 0.66 
1.44 1.08 2.83 2.18 0.57 2.38 2.48 1.04 2.92 3.67 1.76 1.64 2.86 1.27 2.24 2.88 3.85 2.32 2.28 2.11 0 1.05 1.43 2.03 2.71 3.15 3.56 3.49 3.98 2.15 2.71 
1.2 2.11 1.96 1.27 1.07 1.76 1.51 1.11 2.75 3.44 1.26 1.15 3.04 2.1 1.4 2.72 3.53 2.16 1.89 1.29 1.05 0 1.61 2.03 2.85 2.11 2.52 2.88 3.63 3.05 1.78 
0.62 1.77 2.26 2.83 0.86 1.5 3 0.51 1.54 2.29 1.01 0.96 1.48 1.16 1.77 1.49 2.5 0.97 1.15 1.65 1.43 1.61 0 0.63 1.31 3.21 3.42 2.42 2.64 2 2.29 
0.84 2.36 2.09 3.14 1.47 1.26 3.26 1.03 0.92 1.67 1.02 1.04 1.04 1.67 1.72 0.87 1.88 0.39 0.78 1.64 2.03 2.03 0.63 0 0.84 3.27 3.37 1.95 2.03 2.38 2.19 
1.67 2.78 2.74 3.97 2.16 1.92 4.08 1.8 0.84 1.37 1.82 1.86 0.21 1.99 2.47 0.79 1.67 0.9 1.42 2.4 2.71 2.85 1.31 0.84 0 4.02 4.07 2.23 1.83 2.39 2.89 
2.6 4.21 1.44 1.4 3.08 2.13 1.08 2.85 3.48 3.87 2.27 2.28 4.23 4.08 1.56 3.49 3.79 3.13 2.62 1.64 3.15 2.11 3.21 3.27 4.02 0 0.56 2.65 3.8 5.04 1.2 
2.8 4.59 1.35 1.95 3.41 2.15 1.64 3.12 3.43 3.72 2.43 2.47 4.27 4.38 1.67 3.45 3.6 3.18 2.65 1.77 3.56 2.52 3.42 3.37 4.07 0.56 0 2.42 3.59 5.33 1.18 
2.08 4.16 1.26 3.38 3.02 1.14 3.28 2.52 1.4 1.38 1.74 1.86 2.38 3.57 1.57 1.45 1.2 1.57 1.28 1.64 3.49 2.88 2.42 1.95 2.23 2.65 2.42 0 1.18 4.32 1.54 
2.56 4.38 2.38 4.37 3.43 1.95 4.33 2.94 1.13 0.47 2.38 2.49 1.88 3.66 2.53 1.18 0.17 1.68 1.76 2.56 3.98 3.63 2.64 2.03 1.83 3.8 3.59 1.18 0 4.2 2.65 
2.57 1.25 4.25 4.29 1.99 3.5 4.56 2.22 3.12 3.75 2.98 2.91 2.39 0.97 3.72 3.06 4.04 2.75 3.1 3.6 2.15 3.05 2 2.38 2.39 5.04 5.33 4.32 4.2 0 4.25 
1.69 3.65 0.29 1.89 2.43 0.98 1.75 2.06 2.3 2.68 1.28 1.35 3.09 3.33 0.53 2.31 2.62 2 1.48 0.66 2.71 1.78 2.29 2.19 2.89 1.2 1.18 1.54 2.65 4.25 0 
