Number_Of_Customers: 25
Vehicle_Capacity:    50
Alpha:               1
Number_Of_Scenarios: 3

Location_Coordinates:
0 0 0
1 -0.504463 1.48899
2 0.512547 -0.616414
3 -0.0725063 1.38635
4 0.388312 1.36262
5 1.58084 -0.896322
6 0.516302 2.48952
7 1.34005 2.22251
8 -1.22871 -0.874151
9 -1.8548 1.37015
10 -1.94973 0.837399
11 -0.840219 -1.56868
12 0.236288 1.29806
13 1.54255 0.631611
14 0.485676 -2.24719
15 1.52126 -2.23981
16 0.573749 -2.00582
17 -1.81837 -1.39776
18 -2.10039 -1.29813
19 2.35248 -1.79423
20 -0.62309 -2.27169
21 -0.263671 -1.51292
22 2.43211 1.49077
23 0.355315 1.78124
24 2.35958 2.49764
25 -2.19488 0.730805

Demand_per_scenario:
1 6 7 9
2 4 5 6
3 4 5 6
4 4 4 5
5 4 5 6
6 6 7 8
7 4 5 7
8 4 5 6
9 4 5 6
10 2 3 3
11 5 6 8
12 4 5 6
13 3 4 5
14 5 6 8
15 5 7 8
16 3 3 4
17 5 6 7
18 5 6 7
19 3 3 4
20 5 6 7
21 4 5 6
22 5 7 8
23 4 5 7
24 5 6 7
25 5 6 7

Probability_of_each_scenario_occuring:
0.333333 0.333333 0.333333 

Travel_Costs:
0 1.58 0.81 1.39 1.42 1.82 2.55 2.6 1.51 2.31 2.13 1.78 1.32 1.67 2.3 2.71 2.09 2.3 2.47 2.96 2.36 1.54 2.86 1.82 3.44 2.32 
1.58 0 2.34 0.45 0.91 3.17 1.43 1.99 2.48 1.36 1.59 3.08 0.77 2.22 3.87 4.25 3.66 3.18 3.22 4.36 3.77 3.02 2.94 0.91 3.04 1.86 
0.81 2.34 0 2.09 1.99 1.11 3.11 2.96 1.77 3.1 2.86 1.66 1.94 1.62 1.64 1.92 1.4 2.46 2.71 2.19 2.01 1.19 2.86 2.41 3.63 3.03 
1.39 0.45 2.09 0 0.47 2.82 1.26 1.65 2.54 1.79 1.96 3.06 0.33 1.79 3.68 3.97 3.46 3.29 3.37 4 3.7 2.91 2.51 0.59 2.68 2.23 
1.42 0.91 1.99 0.47 0 2.56 1.14 1.29 2.77 2.25 2.4 3.18 0.17 1.37 3.62 3.78 3.38 3.54 3.65 3.72 3.78 2.95 2.05 0.42 2.28 2.66 
1.82 3.17 1.11 2.82 2.56 0 3.55 3.13 2.81 4.12 3.94 2.52 2.58 1.53 1.74 1.35 1.5 3.44 3.71 1.19 2.6 1.95 2.54 2.95 3.49 4.12 
2.55 1.43 3.11 1.26 1.14 3.55 0 0.87 3.79 2.63 2.97 4.28 1.23 2.13 4.74 4.84 4.5 4.54 4.61 4.67 4.9 4.08 2.17 0.73 1.85 3.24 
2.6 1.99 2.96 1.65 1.29 3.13 0.87 0 4.03 3.31 3.57 4.38 1.44 1.61 4.56 4.47 4.3 4.81 4.93 4.15 4.91 4.07 1.32 1.08 1.06 3.84 
1.51 2.48 1.77 2.54 2.77 2.81 3.79 4.03 0 2.33 1.86 0.8 2.63 3.16 2.2 3.08 2.13 0.79 0.97 3.7 1.53 1.16 4.36 3.1 4.93 1.88 
2.31 1.36 3.1 1.79 2.25 4.12 2.63 3.31 2.33 0 0.55 3.11 2.1 3.48 4.31 4.95 4.16 2.77 2.68 5.27 3.85 3.3 4.29 2.25 4.37 0.73 
2.13 1.59 2.86 1.96 2.4 3.94 2.97 3.57 1.86 0.55 0 2.65 2.24 3.5 3.94 4.64 3.81 2.24 2.15 5.05 3.39 2.9 4.44 2.5 4.62 0.27 
1.78 3.08 1.66 3.06 3.18 2.52 4.28 4.38 0.8 3.11 2.65 0 3.07 3.25 1.49 2.46 1.48 1 1.29 3.21 0.74 0.58 4.48 3.56 5.18 2.67 
1.32 0.77 1.94 0.33 0.17 2.58 1.23 1.44 2.63 2.1 2.24 3.07 0 1.47 3.56 3.77 3.33 3.39 3.5 3.75 3.68 2.86 2.21 0.5 2.44 2.5 
1.67 2.22 1.62 1.79 1.37 1.53 2.13 1.61 3.16 3.48 3.5 3.25 1.47 0 3.07 2.88 2.81 3.93 4.13 2.56 3.63 2.81 1.24 1.66 2.04 3.74 
2.3 3.87 1.64 3.68 3.62 1.74 4.74 4.56 2.2 4.31 3.94 1.49 3.56 3.07 0 1.04 0.26 2.46 2.76 1.93 1.11 1.05 4.22 4.04 5.11 4.01 
2.71 4.25 1.92 3.97 3.78 1.35 4.84 4.47 3.08 4.95 4.64 2.46 3.77 2.88 1.04 0 0.98 3.45 3.75 0.95 2.15 1.93 3.85 4.19 4.82 4.76 
2.09 3.66 1.4 3.46 3.38 1.5 4.5 4.3 2.13 4.16 3.81 1.48 3.33 2.81 0.26 0.98 0 2.47 2.77 1.8 1.23 0.98 3.96 3.8 4.85 3.9 
2.3 3.18 2.46 3.29 3.54 3.44 4.54 4.81 0.79 2.77 2.24 1 3.39 3.93 2.46 3.45 2.47 0 0.3 4.19 1.49 1.56 5.14 3.86 5.72 2.17 
2.47 3.22 2.71 3.37 3.65 3.71 4.61 4.93 0.97 2.68 2.15 1.29 3.5 4.13 2.76 3.75 2.77 0.3 0 4.49 1.77 1.85 5.33 3.94 5.86 2.04 
2.96 4.36 2.19 4 3.72 1.19 4.67 4.15 3.7 5.27 5.05 3.21 3.75 2.56 1.93 0.95 1.8 4.19 4.49 0 3.02 2.64 3.29 4.1 4.3 5.21 
2.36 3.77 2.01 3.7 3.78 2.6 4.9 4.91 1.53 3.85 3.39 0.74 3.68 3.63 1.11 2.15 1.23 1.49 1.77 3.02 0 0.84 4.85 4.17 5.63 3.39 
1.54 3.02 1.19 2.91 2.95 1.95 4.08 4.07 1.16 3.3 2.9 0.58 2.86 2.81 1.05 1.93 0.98 1.56 1.85 2.64 0.84 0 4.04 3.36 4.8 2.97 
2.86 2.94 2.86 2.51 2.05 2.54 2.17 1.32 4.36 4.29 4.44 4.48 2.21 1.24 4.22 3.85 3.96 5.14 5.33 3.29 4.85 4.04 0 2.1 1.01 4.69 
1.82 0.91 2.41 0.59 0.42 2.95 0.73 1.08 3.1 2.25 2.5 3.56 0.5 1.66 4.04 4.19 3.8 3.86 3.94 4.1 4.17 3.36 2.1 0 2.13 2.76 
3.44 3.04 3.63 2.68 2.28 3.49 1.85 1.06 4.93 4.37 4.62 5.18 2.44 2.04 5.11 4.82 4.85 5.72 5.86 4.3 5.63 4.8 1.01 2.13 0 4.89 
2.32 1.86 3.03 2.23 2.66 4.12 3.24 3.84 1.88 0.73 0.27 2.67 2.5 3.74 4.01 4.76 3.9 2.17 2.04 5.21 3.39 2.97 4.69 2.76 4.89 0 
