Number_Of_Customers: 40
Vehicle_Capacity:    50
Alpha:               0.75
Number_Of_Scenarios: 3

Location_Coordinates:
0 0 0
1 1.92189 1.16951
2 0.984134 0.341594
3 1.17109 -2.48291
4 -0.249043 -0.665604
5 -1.80566 2.23923
6 -0.232114 -1.14777
7 -0.597641 0.442953
8 -0.291953 -1.85454
9 0.827538 -1.57556
10 -0.485425 1.46267
11 -1.98012 0.156474
12 -0.146441 -1.24093
13 -1.28989 0.804165
14 0.608516 2.32472
15 1.60859 0.600718
16 1.26649 0.981238
17 1.6667 2.28609
18 2.33452 1.34623
19 1.08023 0.473644
20 0.540601 0.885354
21 0.14707 1.81345
22 -1.28517 0.091508
23 -2.02505 -0.0552108
24 2.07183 1.26566
25 1.89655 0.343961
26 0.94603 -0.0821413
27 -0.548743 2.27535
28 1.8653 0.0472128
29 -1.49493 -0.249645
30 -0.782791 -1.36208
31 2.4612 0.449097
32 -2.01941 -0.232604
33 0.632349 -2.10577
34 -1.71484 -1.35251
35 -1.62864 2.37332
36 -1.59508 1.47974
37 0.0335435 -1.23487
38 0.594528 2.2263
39 2.47536 -1.68614
40 1.11811 2.08946

Demand_per_scenario:
1 4 5 7
2 2 3 4
3 4 6 7
4 6 8 9
5 3 3 4
6 4 5 7
7 4 6 7
8 5 6 8
9 3 4 5
10 5 7 8
11 4 6 7
12 4 6 7
13 3 3 4
14 3 4 5
15 3 5 6
16 4 5 6
17 5 7 8
18 4 5 7
19 3 4 5
20 3 3 4
21 3 4 5
22 5 6 8
23 4 5 6
24 3 5 6
25 4 5 6
26 5 7 8
27 5 7 8
28 5 6 8
29 4 5 7
30 3 3 4
31 3 4 5
32 3 4 5
33 4 5 6
34 4 5 6
35 4 5 6
36 2 2 3
37 5 6 8
38 4 6 7
39 2 3 4
40 4 6 7

Probability_of_each_scenario_occuring:
0.333333 0.333333 0.333333 

Travel_Costs:
0 2.25 1.05 2.75 0.72 2.88 1.18 0.75 1.88 1.78 1.55 1.99 1.25 1.53 2.41 1.72 1.61 2.83 2.7 1.18 1.04 1.82 1.29 2.03 2.43 1.93 0.95 2.35 1.87 1.52 1.58 2.51 2.04 2.2 2.19 2.88 2.18 1.24 2.31 3 2.37 
2.25 0 1.26 3.73 2.85 3.88 3.17 2.63 3.75 2.96 2.43 4.04 3.18 3.24 1.75 0.65 0.69 1.15 0.45 1.1 1.42 1.89 3.39 4.14 0.18 0.83 1.59 2.71 1.13 3.7 3.71 0.9 4.19 3.52 4.43 3.75 3.54 3.06 1.7 2.91 1.23 
1.05 1.26 0 2.84 1.6 3.38 1.93 1.59 2.54 1.93 1.85 2.98 1.95 2.33 2.02 0.68 0.7 2.07 1.69 0.17 0.71 1.7 2.29 3.04 1.43 0.92 0.43 2.47 0.93 2.55 2.46 1.49 3.06 2.48 3.19 3.31 2.82 1.85 1.93 2.52 1.76 
2.75 3.73 2.84 0 2.31 5.59 1.94 3.42 1.6 0.98 4.28 4.12 1.82 4.11 4.85 3.12 3.47 4.8 4.01 2.96 3.43 4.42 3.56 4.02 3.86 2.92 2.42 5.06 2.63 3.48 2.26 3.21 3.91 0.66 3.1 5.61 4.84 1.69 4.75 1.53 4.58 
0.72 2.85 1.6 2.31 0 3.3 0.49 1.17 1.19 1.41 2.15 1.92 0.59 1.81 3.12 2.25 2.24 3.52 3.28 1.76 1.75 2.52 1.29 1.88 3.02 2.38 1.33 2.96 2.24 1.32 0.88 2.94 1.83 1.69 1.62 3.34 2.54 0.64 3.02 2.91 3.08 
2.88 3.88 3.38 5.59 3.3 0 3.74 2.17 4.37 4.64 1.54 2.1 3.86 1.53 2.42 3.79 3.32 3.48 4.24 3.39 2.71 2 2.21 2.31 4 4.16 3.61 1.26 4.28 2.51 3.75 4.63 2.49 4.99 3.6 0.23 0.79 3.94 2.41 5.81 2.93 
1.18 3.17 1.93 1.94 0.49 3.74 0 1.64 0.71 1.15 2.63 2.19 0.13 2.23 3.58 2.54 2.61 3.93 3.58 2.09 2.18 2.99 1.63 2.1 3.34 2.6 1.59 3.44 2.42 1.55 0.6 3.14 2.01 1.3 1.5 3.79 2.96 0.28 3.48 2.77 3.51 
0.75 2.63 1.59 3.42 1.17 2.17 1.64 0 2.32 2.48 1.03 1.42 1.75 0.79 2.24 2.22 1.95 2.92 3.07 1.68 1.23 1.56 0.78 1.52 2.8 2.5 1.64 1.84 2.5 1.14 1.82 3.06 1.58 2.83 2.12 2.19 1.44 1.8 2.15 3.74 2.38 
1.88 3.75 2.54 1.6 1.19 4.37 0.71 2.32 0 1.16 3.33 2.63 0.64 2.84 4.28 3.11 3.24 4.59 4.15 2.71 2.87 3.7 2.19 2.5 3.92 3.11 2.17 4.14 2.88 2.01 0.7 3.59 2.37 0.96 1.51 4.44 3.58 0.7 4.18 2.78 4.19 
1.78 2.96 1.93 0.98 1.41 4.64 1.15 2.48 1.16 0 3.31 3.3 1.03 3.19 3.91 2.32 2.6 3.96 3.29 2.07 2.48 3.46 2.7 3.24 3.11 2.2 1.5 4.09 1.93 2.68 1.63 2.61 3.15 0.57 2.56 4.66 3.9 0.87 3.81 1.66 3.68 
1.55 2.43 1.85 4.28 2.15 1.54 2.63 1.03 3.33 3.31 0 1.99 2.73 1.04 1.4 2.27 1.82 2.31 2.83 1.86 1.18 0.73 1.59 2.17 2.57 2.64 2.11 0.82 2.75 1.99 2.85 3.12 2.29 3.74 3.08 1.47 1.11 2.75 1.33 4.33 1.73 
1.99 4.04 2.98 4.12 1.92 2.1 2.19 1.42 2.63 3.3 1.99 0 2.31 0.95 3.38 3.62 3.35 4.23 4.48 3.08 2.63 2.7 0.7 0.22 4.21 3.89 2.94 2.56 3.85 0.64 1.94 4.46 0.4 3.46 1.54 2.25 1.38 2.45 3.31 4.83 3.66 
1.25 3.18 1.95 1.82 0.59 3.86 0.13 1.75 0.64 1.03 2.73 2.31 0 2.35 3.65 2.55 2.64 3.97 3.59 2.11 2.24 3.07 1.76 2.23 3.35 2.59 1.6 3.54 2.39 1.68 0.65 3.11 2.13 1.17 1.58 3.91 3.09 0.19 3.55 2.66 3.57 
1.53 3.24 2.33 4.11 1.81 1.53 2.23 0.79 2.84 3.19 1.04 0.95 2.35 0 2.44 2.91 2.57 3.31 3.67 2.4 1.84 1.76 0.72 1.14 3.4 3.22 2.41 1.65 3.25 1.08 2.23 3.77 1.27 3.49 2.2 1.61 0.75 2.44 2.37 4.52 2.73 
2.41 1.75 2.02 4.85 3.12 2.42 3.58 2.24 4.28 3.91 1.4 3.38 3.65 2.44 0 2 1.5 1.06 1.99 1.92 1.45 0.69 2.93 3.55 1.81 2.37 2.44 1.16 2.61 3.33 3.95 2.64 3.67 4.44 4.35 2.24 2.37 3.61 0.1 4.43 0.57 
1.72 0.65 0.68 3.12 2.25 3.79 2.54 2.22 3.11 2.32 2.27 3.62 2.55 2.91 2 0 0.52 1.69 1.05 0.55 1.11 1.9 2.94 3.7 0.82 0.39 0.96 2.74 0.62 3.22 3.1 0.87 3.73 2.88 3.86 3.7 3.33 2.42 1.92 2.45 1.57 
1.61 0.69 0.7 3.47 2.24 3.32 2.61 1.95 3.24 2.6 1.82 3.35 2.64 2.57 1.5 0.52 0 1.37 1.13 0.55 0.74 1.4 2.71 3.46 0.86 0.9 1.12 2.23 1.11 3.03 3.12 1.31 3.51 3.16 3.79 3.22 2.91 2.54 1.42 2.93 1.12 
2.83 1.15 2.07 4.8 3.52 3.48 3.93 2.92 4.59 3.96 2.31 4.23 3.97 3.31 1.06 1.69 1.37 0 1.16 1.91 1.8 1.6 3.68 4.38 1.1 1.96 2.48 2.22 2.25 4.06 4.4 2.01 4.47 4.52 4.97 3.3 3.36 3.89 1.08 4.06 0.59 
2.7 0.45 1.69 4.01 3.28 4.24 3.58 3.07 4.15 3.29 2.83 4.48 3.59 3.67 1.99 1.05 1.13 1.16 0 1.53 1.86 2.24 3.84 4.58 0.28 1.1 2 3.03 1.39 4.15 4.13 0.91 4.64 3.85 4.87 4.1 3.94 3.46 1.95 3.04 1.43 
1.18 1.1 0.17 2.96 1.76 3.39 2.09 1.68 2.71 2.07 1.86 3.08 2.11 2.4 1.92 0.55 0.55 1.91 1.53 0 0.68 1.64 2.4 3.15 1.27 0.83 0.58 2.43 0.9 2.68 2.62 1.39 3.18 2.62 3.34 3.31 2.86 2.01 1.82 2.58 1.62 
1.04 1.42 0.71 3.43 1.75 2.71 2.18 1.23 2.87 2.48 1.18 2.63 2.24 1.84 1.45 1.11 0.74 1.8 1.86 0.68 0 1.01 2 2.74 1.58 1.47 1.05 1.77 1.57 2.34 2.61 1.97 2.8 3 3.18 2.64 2.22 2.19 1.35 3.22 1.34 
1.82 1.89 1.7 4.42 2.52 2 2.99 1.56 3.7 3.46 0.73 2.7 3.07 1.76 0.69 1.9 1.4 1.6 2.24 1.64 1.01 0 2.24 2.87 2.01 2.29 2.06 0.84 2.47 2.64 3.31 2.69 2.98 3.95 3.68 1.87 1.78 3.06 0.61 4.21 1.01 
1.29 3.39 2.29 3.56 1.29 2.21 1.63 0.78 2.19 2.7 1.59 0.7 1.76 0.72 2.93 2.94 2.71 3.68 3.84 2.4 2 2.24 0 0.76 3.56 3.2 2.24 2.31 3.16 0.41 1.54 3.77 0.81 2.92 1.51 2.31 1.43 1.88 2.85 4.16 3.13 
2.03 4.14 3.04 4.02 1.88 2.31 2.1 1.52 2.5 3.24 2.17 0.22 2.23 1.14 3.55 3.7 3.46 4.38 4.58 3.15 2.74 2.87 0.76 0 4.31 3.95 2.98 2.76 3.9 0.57 1.81 4.52 0.18 3.36 1.34 2.47 1.6 2.38 3.48 4.79 3.81 
2.43 0.18 1.43 3.86 3.02 4 3.34 2.8 3.92 3.11 2.57 4.21 3.35 3.4 1.81 0.82 0.86 1.1 0.28 1.27 1.58 2.01 3.56 4.31 0 0.94 1.76 2.81 1.24 3.88 3.88 0.91 4.36 3.67 4.61 3.87 3.68 3.23 1.77 2.98 1.27 
1.93 0.83 0.92 2.92 2.38 4.16 2.6 2.5 3.11 2.2 2.64 3.89 2.59 3.22 2.37 0.39 0.9 1.96 1.1 0.83 1.47 2.29 3.2 3.95 0.94 0 1.05 3.12 0.3 3.45 3.18 0.58 3.96 2.76 4 4.07 3.68 2.45 2.29 2.12 1.92 
0.95 1.59 0.43 2.42 1.33 3.61 1.59 1.64 2.17 1.5 2.11 2.94 1.6 2.41 2.44 0.96 1.12 2.48 2 0.58 1.05 2.06 2.24 2.98 1.76 1.05 0 2.8 0.93 2.45 2.16 1.61 2.97 2.05 2.95 3.56 2.99 1.48 2.34 2.22 2.18 
2.35 2.71 2.47 5.06 2.96 1.26 3.44 1.84 4.14 4.09 0.82 2.56 3.54 1.65 1.16 2.74 2.23 2.22 3.03 2.43 1.77 0.84 2.31 2.76 2.81 3.12 2.8 0 3.29 2.7 3.65 3.53 2.91 4.54 3.82 1.09 1.32 3.56 1.15 4.99 1.68 
1.87 1.13 0.93 2.63 2.24 4.28 2.42 2.5 2.88 1.93 2.75 3.85 2.39 3.25 2.61 0.62 1.11 2.25 1.39 0.9 1.57 2.47 3.16 3.9 1.24 0.3 0.93 3.29 0 3.38 3 0.72 3.9 2.49 3.85 4.2 3.75 2.24 2.53 1.84 2.18 
1.52 3.7 2.55 3.48 1.32 2.51 1.55 1.14 2.01 2.68 1.99 0.64 1.68 1.08 3.33 3.22 3.03 4.06 4.15 2.68 2.34 2.64 0.41 0.57 3.88 3.45 2.45 2.7 3.38 0 1.33 4.02 0.53 2.83 1.13 2.63 1.74 1.82 3.24 4.23 3.51 
1.58 3.71 2.46 2.26 0.88 3.75 0.6 1.82 0.7 1.63 2.85 1.94 0.65 2.23 3.95 3.1 3.12 4.4 4.13 2.62 2.61 3.31 1.54 1.81 3.88 3.18 2.16 3.65 3 1.33 0 3.72 1.68 1.6 0.94 3.83 2.96 0.83 3.85 3.28 3.95 
2.51 0.9 1.49 3.21 2.94 4.63 3.14 3.06 3.59 2.61 3.12 4.46 3.11 3.77 2.64 0.87 1.31 2.01 0.91 1.39 1.97 2.69 3.77 4.52 0.91 0.58 1.61 3.53 0.72 4.02 3.72 0 4.54 3.15 4.55 4.52 4.19 2.96 2.58 2.14 2.13 
2.04 4.19 3.06 3.91 1.83 2.49 2.01 1.58 2.37 3.15 2.29 0.4 2.13 1.27 3.67 3.73 3.51 4.47 4.64 3.18 2.8 2.98 0.81 0.18 4.36 3.96 2.97 2.91 3.9 0.53 1.68 4.54 0 3.25 1.17 2.64 1.77 2.29 3.59 4.73 3.91 
2.2 3.52 2.48 0.66 1.69 4.99 1.3 2.83 0.96 0.57 3.74 3.46 1.17 3.49 4.44 2.88 3.16 4.52 3.85 2.62 3 3.95 2.92 3.36 3.67 2.76 2.05 4.54 2.49 2.83 1.6 3.15 3.25 0 2.47 5.02 4.23 1.06 4.34 1.9 4.23 
2.19 4.43 3.19 3.1 1.62 3.6 1.5 2.12 1.51 2.56 3.08 1.54 1.58 2.2 4.35 3.86 3.79 4.97 4.87 3.34 3.18 3.68 1.51 1.34 4.61 4 2.95 3.82 3.85 1.13 0.94 4.55 1.17 2.47 0 3.73 2.84 1.76 4.26 4.21 4.46 
2.88 3.75 3.31 5.61 3.34 0.23 3.79 2.19 4.44 4.66 1.47 2.25 3.91 1.61 2.24 3.7 3.22 3.3 4.1 3.31 2.64 1.87 2.31 2.47 3.87 4.07 3.56 1.09 4.2 2.63 3.83 4.52 2.64 5.02 3.73 0 0.9 3.98 2.23 5.78 2.77 
2.18 3.54 2.82 4.84 2.54 0.79 2.96 1.44 3.58 3.9 1.11 1.38 3.09 0.75 2.37 3.33 2.91 3.36 3.94 2.86 2.22 1.78 1.43 1.6 3.68 3.68 2.99 1.32 3.75 1.74 2.96 4.19 1.77 4.23 2.84 0.9 0 3.17 2.32 5.16 2.79 
1.24 3.06 1.85 1.69 0.64 3.94 0.28 1.8 0.7 0.87 2.75 2.45 0.19 2.44 3.61 2.42 2.54 3.89 3.46 2.01 2.19 3.06 1.88 2.38 3.23 2.45 1.48 3.56 2.24 1.82 0.83 2.96 2.29 1.06 1.76 3.98 3.17 0 3.51 2.49 3.5 
2.31 1.7 1.93 4.75 3.02 2.41 3.48 2.15 4.18 3.81 1.33 3.31 3.55 2.37 0.1 1.92 1.42 1.08 1.95 1.82 1.35 0.61 2.85 3.48 1.77 2.29 2.34 1.15 2.53 3.24 3.85 2.58 3.59 4.34 4.26 2.23 2.32 3.51 0 4.35 0.55 
3 2.91 2.52 1.53 2.91 5.81 2.77 3.74 2.78 1.66 4.33 4.83 2.66 4.52 4.43 2.45 2.93 4.06 3.04 2.58 3.22 4.21 4.16 4.79 2.98 2.12 2.22 4.99 1.84 4.23 3.28 2.14 4.73 1.9 4.21 5.78 5.16 2.49 4.35 0 4.02 
2.37 1.23 1.76 4.58 3.08 2.93 3.51 2.38 4.19 3.68 1.73 3.66 3.57 2.73 0.57 1.57 1.12 0.59 1.43 1.62 1.34 1.01 3.13 3.81 1.27 1.92 2.18 1.68 2.18 3.51 3.95 2.13 3.91 4.23 4.46 2.77 2.79 3.5 0.55 4.02 0 
