Number_Of_Customers: 25
Vehicle_Capacity:    50
Alpha:               1
Number_Of_Scenarios: 3

Location_Coordinates:
0 0 0
1 -0.161104 2.32697
2 -0.555648 1.22603
3 0.858088 1.88576
4 -1.06459 2.48168
5 -0.408072 1.53913
6 -1.77187 0.136316
7 1.06651 -0.202602
8 -0.138511 2.05173
9 -1.62402 0.0576665
10 -0.798416 1.01772
11 -0.223238 -1.95549
12 -0.995959 0.910733
13 1.68337 2.45579
14 -0.564103 -0.876928
15 1.47335 -2.39104
16 -1.28416 2.05419
17 -0.311476 0.0299816
18 -1.09849 -2.34316
19 -1.43698 -1.33097
20 0.361752 -0.0345412
21 -0.533403 0.090553
22 1.92471 -1.43576
23 -0.766873 1.16161
24 -1.82626 1.03423
25 2.31754 0.945152

Demand_per_scenario:
1 3 5 6
2 4 5 6
3 5 6 8
4 6 9 11
5 5 7 8
6 6 8 9
7 6 8 9
8 2 3 4
9 4 5 7
10 3 4 4
11 4 5 6
12 4 5 6
13 5 6 8
14 1 2 2
15 6 8 9
16 4 5 6
17 4 5 7
18 3 4 5
19 4 5 6
20 3 3 4
21 2 3 4
22 5 7 9
23 5 6 8
24 3 5 6
25 4 6 7

Probability_of_each_scenario_occuring:
0.333333 0.333333 0.333333 

Travel_Costs:
0 2.34 1.35 2.08 2.71 1.6 1.78 1.09 2.06 1.63 1.3 1.97 1.35 2.98 1.05 2.81 2.43 0.32 2.59 1.96 0.37 0.55 2.41 1.4 2.1 2.51 
2.34 0 1.17 1.12 0.92 0.83 2.72 2.82 0.28 2.7 1.46 4.29 1.65 1.85 3.23 5 1.16 2.31 4.77 3.88 2.42 2.27 4.31 1.32 2.11 2.84 
1.35 1.17 0 1.57 1.36 0.35 1.64 2.17 0.93 1.59 0.32 3.2 0.55 2.56 2.11 4.15 1.11 1.23 3.62 2.71 1.56 1.14 3.64 0.23 1.29 2.89 
2.08 1.12 1.57 0 2.02 1.32 3.16 2.1 1.02 3.09 1.88 4 2.1 1.01 3.11 4.33 2.15 2.2 4.66 3.96 1.99 2.28 3.49 1.78 2.82 1.74 
2.71 0.92 1.36 2.02 0 1.15 2.45 3.43 1.03 2.49 1.49 4.52 1.58 2.75 3.4 5.5 0.49 2.57 4.83 3.84 2.9 2.45 4.93 1.36 1.64 3.72 
1.6 0.83 0.35 1.32 1.15 0 1.96 2.29 0.58 1.92 0.66 3.5 0.87 2.29 2.43 4.36 1.02 1.52 3.95 3.05 1.76 1.46 3.79 0.53 1.51 2.79 
1.78 2.72 1.64 3.16 2.45 1.96 0 2.86 2.52 0.17 1.32 2.61 1.1 4.17 1.58 4.12 1.98 1.47 2.57 1.51 2.15 1.24 4.02 1.44 0.9 4.17 
1.09 2.82 2.17 2.1 3.43 2.29 2.86 0 2.56 2.71 2.23 2.18 2.35 2.73 1.77 2.23 3.26 1.4 3.05 2.75 0.73 1.63 1.51 2.29 3.15 1.7 
2.06 0.28 0.93 1.02 1.03 0.58 2.52 2.56 0 2.49 1.23 4.01 1.43 1.87 2.96 4.73 1.15 2.03 4.5 3.63 2.15 2.01 4.06 1.09 1.98 2.7 
1.63 2.7 1.59 3.09 2.49 1.92 0.17 2.71 2.49 0 1.27 2.46 1.06 4.09 1.42 3.95 2.03 1.32 2.46 1.41 1.99 1.1 3.86 1.4 1 4.05 
1.3 1.46 0.32 1.88 1.49 0.66 1.32 2.23 1.23 1.27 0 3.03 0.23 2.87 1.91 4.1 1.15 1.11 3.38 2.44 1.57 0.97 3.67 0.15 1.03 3.12 
1.97 4.29 3.2 4 4.52 3.5 2.61 2.18 4.01 2.46 3.03 0 2.97 4.81 1.14 1.76 4.15 1.99 0.96 1.37 2.01 2.07 2.21 3.17 3.4 3.86 
1.35 1.65 0.55 2.1 1.58 0.87 1.1 2.35 1.43 1.06 0.23 2.97 0 3.1 1.84 4.13 1.18 1.12 3.26 2.29 1.66 0.95 3.75 0.34 0.84 3.32 
2.98 1.85 2.56 1.01 2.75 2.29 4.17 2.73 1.87 4.09 2.87 4.81 3.1 0 4.02 4.86 3 3.15 5.55 4.91 2.82 3.25 3.9 2.78 3.79 1.64 
1.05 3.23 2.11 3.11 3.4 2.43 1.58 1.77 2.96 1.42 1.91 1.14 1.84 4.02 0 2.54 3.02 0.95 1.57 0.99 1.26 0.97 2.56 2.05 2.3 3.41 
2.81 5 4.15 4.33 5.5 4.36 4.12 2.23 4.73 3.95 4.1 1.76 4.13 4.86 2.54 0 5.24 3.01 2.58 3.1 2.61 3.2 1.06 4.2 4.76 3.45 
2.43 1.16 1.11 2.15 0.49 1.02 1.98 3.26 1.15 2.03 1.15 4.15 1.18 3 3.02 5.24 0 2.25 4.41 3.39 2.66 2.11 4.75 1.04 1.16 3.77 
0.32 2.31 1.23 2.2 2.57 1.52 1.47 1.4 2.03 1.32 1.11 1.99 1.12 3.15 0.95 3.01 2.25 0 2.51 1.77 0.68 0.24 2.68 1.22 1.82 2.79 
2.59 4.77 3.62 4.66 4.83 3.95 2.57 3.05 4.5 2.46 3.38 0.96 3.26 5.55 1.57 2.58 4.41 2.51 0 1.07 2.74 2.5 3.16 3.53 3.46 4.75 
1.96 3.88 2.71 3.96 3.84 3.05 1.51 2.75 3.63 1.41 2.44 1.37 2.29 4.91 0.99 3.1 3.39 1.77 1.07 0 2.22 1.69 3.37 2.59 2.4 4.4 
0.37 2.42 1.56 1.99 2.9 1.76 2.15 0.73 2.15 1.99 1.57 2.01 1.66 2.82 1.26 2.61 2.66 0.68 2.74 2.22 0 0.91 2.1 1.65 2.44 2.19 
0.55 2.27 1.14 2.28 2.45 1.46 1.24 1.63 2.01 1.1 0.97 2.07 0.95 3.25 0.97 3.2 2.11 0.24 2.5 1.69 0.91 0 2.9 1.1 1.61 2.98 
2.41 4.31 3.64 3.49 4.93 3.79 4.02 1.51 4.06 3.86 3.67 2.21 3.75 3.9 2.56 1.06 4.75 2.68 3.16 3.37 2.1 2.9 0 3.75 4.5 2.42 
1.4 1.32 0.23 1.78 1.36 0.53 1.44 2.29 1.09 1.4 0.15 3.17 0.34 2.78 2.05 4.2 1.04 1.22 3.53 2.59 1.65 1.1 3.75 0 1.07 3.1 
2.1 2.11 1.29 2.82 1.64 1.51 0.9 3.15 1.98 1 1.03 3.4 0.84 3.79 2.3 4.76 1.16 1.82 3.46 2.4 2.44 1.61 4.5 1.07 0 4.15 
2.51 2.84 2.89 1.74 3.72 2.79 4.17 1.7 2.7 4.05 3.12 3.86 3.32 1.64 3.41 3.45 3.77 2.79 4.75 4.4 2.19 2.98 2.42 3.1 4.15 0 
