Number_Of_Customers: 70
Vehicle_Capacity:    50
Alpha:               0.75
Number_Of_Scenarios: 10

Location_Coordinates:
0 0 0
1 -2.17371 1.42837
2 1.61804 -0.625768
3 -2.28313 2.37458
4 -0.400216 -1.43236
5 1.25277 0.24015
6 1.19702 -1.73763
7 0.647088 0.613881
8 2.49013 1.63521
9 -2.05176 1.01435
10 -1.85136 -0.856183
11 0.137006 -2.34456
12 0.0348795 1.22036
13 0.527823 1.12661
14 -0.0323822 0.752266
15 -1.65846 1.32619
16 -0.776366 1.62279
17 -0.699246 -2.22554
18 0.281313 -1.9807
19 0.332854 -0.72043
20 1.73668 -1.64223
21 -0.968398 -0.867367
22 2.15767 -0.989698
23 1.14859 -0.583025
24 1.09108 -2.16643
25 -1.26152 -2.40575
26 1.56923 -0.95394
27 2.1225 -2.18424
28 -0.522395 0.104748
29 0.505744 0.0401353
30 -0.445723 -1.26105
31 0.494657 -1.29515
32 2.3946 1.08467
33 0.031238 0.0178356
34 -0.236968 2.28283
35 -2.41003 -0.354986
36 -1.25391 0.545605
37 -0.0168646 1.5573
38 -1.53322 1.1884
39 -1.52491 0.774085
40 0.045645 2.15506
41 0.0367899 -1.67169
42 -1.0925 -1.5929
43 -1.81341 1.9906
44 1.06703 -1.48923
45 0.484852 -1.09689
46 -0.379397 -1.53007
47 -0.872706 2.43551
48 -1.37368 -2.4915
49 0.319343 2.19617
50 1.10997 0.259402
51 -0.223429 -0.167476
52 0.238098 1.70848
53 -0.624019 2.11772
54 2.49103 1.77735
55 1.99922 0.967518
56 1.07788 0.884073
57 -1.38765 -2.30289
58 0.334488 1.73451
59 1.95517 0.606056
60 0.98764 -0.734689
61 2.07811 1.75921
62 1.96969 -0.394869
63 -1.55649 0.0389105
64 -1.03123 -1.81676
65 0.705821 -2.2709
66 -1.95078 -1.78915
67 -0.246676 -0.875325
68 -1.59083 -2.07404
69 1.6631 1.74697
70 1.37034 1.38759

Demand_per_scenario:
1 5 5 6 4 5 6 7 6 5 5
2 7 7 7 7 8 7 6 7 6 7
3 2 3 5 3 4 5 6 5 3 5
4 6 6 9 7 8 7 7 7 7 8
5 6 6 4 5 5 5 4 4 5 6
6 4 4 4 6 4 5 4 6 6 5
7 4 6 5 3 4 6 5 5 3 4
8 4 4 3 4 4 4 2 3 2 2
9 8 9 8 7 8 10 8 10 8 8
10 5 5 5 6 3 4 5 7 6 5
11 6 7 6 7 6 5 6 7 5 6
12 2 3 3 2 5 4 5 4 4 1
13 4 4 5 5 6 6 4 5 4 5
14 4 6 5 4 4 6 3 5 6 4
15 3 4 4 4 5 5 4 4 4 5
16 6 6 6 5 7 5 5 8 7 7
17 3 5 3 3 4 4 7 5 5 5
18 6 6 6 3 5 6 7 3 3 3
19 7 8 9 10 10 7 6 5 8 7
20 5 4 5 4 5 3 6 5 4 4
21 6 5 5 5 5 5 7 7 6 5
22 10 10 8 8 9 9 10 8 8 11
23 7 4 4 6 5 6 5 6 4 6
24 6 6 4 5 6 4 6 4 7 4
25 5 4 3 3 3 4 4 3 2 2
26 6 5 6 5 5 5 5 7 6 6
27 4 6 5 5 6 7 5 7 5 5
28 7 7 6 8 7 6 5 7 7 7
29 3 6 4 5 4 5 3 4 5 4
30 5 8 4 6 6 5 5 5 7 5
31 5 6 8 8 6 5 6 7 4 6
32 7 5 6 5 6 5 4 6 6 6
33 4 6 6 7 5 6 6 6 7 8
34 6 8 8 8 9 7 9 9 5 8
35 6 9 8 9 7 8 7 8 7 6
36 5 5 7 7 6 6 6 7 7 4
37 7 10 5 7 6 8 6 5 7 6
38 6 7 7 7 7 8 8 8 7 7
39 7 6 5 6 5 5 7 5 7 6
40 7 6 5 6 6 4 7 5 7 7
41 8 6 7 9 8 9 9 6 10 8
42 4 3 5 5 6 3 4 5 4 6
43 6 6 8 5 6 7 6 6 5 6
44 4 5 5 6 5 5 5 5 6 5
45 7 8 7 7 9 7 7 6 7 7
46 6 5 5 6 6 5 5 4 6 5
47 4 5 4 3 4 3 6 5 4 6
48 5 5 4 5 5 5 6 6 6 5
49 4 5 5 6 6 6 6 4 5 4
50 7 7 8 5 7 6 8 7 7 6
51 8 6 8 8 6 7 4 7 5 6
52 4 4 3 3 1 4 4 4 2 2
53 4 3 3 4 3 5 5 5 4 5
54 5 5 7 5 6 4 6 4 4 5
55 7 6 8 5 5 7 5 6 5 4
56 6 4 6 5 6 4 4 5 6 5
57 5 5 7 7 7 7 8 6 7 7
58 5 5 4 5 5 5 6 4 7 3
59 3 2 2 3 5 4 4 5 4 3
60 5 5 6 7 7 4 3 6 6 4
61 5 5 2 4 4 5 3 5 5 3
62 6 4 5 5 5 6 5 5 2 4
63 5 6 7 4 6 4 7 5 5 7
64 4 5 4 4 4 3 3 4 3 2
65 3 4 3 2 3 2 2 3 2 3
66 6 6 6 5 6 5 6 6 4 5
67 7 7 7 7 7 7 6 8 7 8
68 5 2 4 3 3 3 3 2 5 5
69 7 7 7 9 8 7 7 7 7 9
70 5 4 3 5 4 7 5 5 6 5

Probability_of_each_scenario_occuring:
0.1 0.1 0.1 0.1 0.1 0.1 0.1 0.1 0.1 0.1 

Travel_Costs:
0 2.61 1.74 3.3 1.49 1.28 2.12 0.9 2.98 2.29 2.04 2.35 1.23 1.25 0.76 2.13 1.8 2.34 2.01 0.8 2.4 1.31 2.38 1.29 2.43 2.72 1.84 3.05 0.54 0.51 1.34 1.39 2.63 0.04 2.3 2.44 1.37 1.56 1.94 1.72 2.16 1.68 1.94 2.7 1.84 1.2 1.58 2.59 2.85 2.22 1.14 0.28 1.73 2.21 3.07 2.23 1.4 2.69 1.77 2.05 1.24 2.73 2.01 1.56 2.09 2.38 2.65 0.91 2.62 2.42 1.96 
2.61 0 4.32 0.96 3.37 3.63 4.63 2.94 4.67 0.44 2.31 4.43 2.22 2.72 2.25 0.53 1.42 3.95 4.21 3.31 4.98 2.6 4.97 3.89 4.86 3.95 4.44 5.62 2.12 3.02 3.2 3.82 4.59 2.62 2.12 1.8 1.28 2.17 0.69 0.93 2.34 3.81 3.21 0.67 4.37 3.67 3.47 1.65 4.01 2.61 3.49 2.52 2.43 1.7 4.68 4.2 3.3 3.82 2.53 4.21 3.84 4.27 4.53 1.53 3.45 4.69 3.23 3.01 3.56 3.86 3.55 
1.74 4.32 0 4.93 2.18 0.94 1.19 1.58 2.43 4.02 3.48 2.27 2.44 2.07 2.16 3.82 3.29 2.82 1.91 1.29 1.03 2.6 0.66 0.48 1.63 3.39 0.34 1.64 2.27 1.3 2.16 1.31 1.88 1.72 3.45 4.04 3.11 2.73 3.64 3.45 3.2 1.9 2.88 4.32 1.03 1.23 2.2 3.95 3.53 3.11 1.03 1.9 2.72 3.55 2.56 1.64 1.61 3.45 2.69 1.28 0.64 2.43 0.43 3.25 2.91 1.89 3.76 1.89 3.53 2.38 2.03 
3.3 0.96 4.93 0 4.25 4.14 5.39 3.42 4.84 1.38 3.26 5.31 2.59 3.08 2.78 1.23 1.69 4.87 5.06 4.06 5.69 3.5 5.58 4.54 5.66 4.89 5.1 6.34 2.88 3.64 4.08 4.61 4.86 3.31 2.05 2.74 2.1 2.41 1.41 1.78 2.34 4.67 4.15 0.61 5.12 4.44 4.35 1.42 4.96 2.61 4 3.28 2.61 1.68 4.82 4.51 3.68 4.77 2.7 4.6 4.52 4.41 5.08 2.45 4.38 5.53 4.18 3.84 4.51 4 3.79 
1.49 3.37 2.18 4.25 0 2.36 1.63 2.3 4.22 2.96 1.57 1.06 2.69 2.73 2.22 3.04 3.08 0.85 0.88 1.03 2.15 0.81 2.6 1.77 1.67 1.3 2.03 2.64 1.55 1.73 0.18 0.91 3.77 1.52 3.72 2.29 2.16 3.02 2.86 2.48 3.62 0.5 0.72 3.71 1.47 0.95 0.1 3.9 1.44 3.7 2.27 1.28 3.21 3.56 4.32 3.4 2.75 1.32 3.26 3.12 1.56 4.05 2.59 1.88 0.74 1.39 1.6 0.58 1.36 3.8 3.33 
1.28 3.63 0.94 4.14 2.36 0 1.98 0.72 1.87 3.4 3.3 2.82 1.57 1.15 1.39 3.11 2.46 3.15 2.43 1.34 1.95 2.49 1.53 0.83 2.42 3.65 1.24 2.58 1.79 0.78 2.27 1.72 1.43 1.25 2.53 3.72 2.53 1.83 2.95 2.83 2.27 2.27 2.98 3.54 1.74 1.55 2.41 3.06 3.79 2.17 0.15 1.54 1.79 2.66 1.98 1.05 0.67 3.67 1.76 0.8 1.02 1.73 0.96 2.82 3.08 2.57 3.8 1.87 3.67 1.57 1.16 
2.12 4.63 1.19 5.39 1.63 1.98 0 2.42 3.62 4.26 3.18 1.23 3.18 2.95 2.78 4.19 3.9 1.96 0.95 1.34 0.55 2.34 1.22 1.16 0.45 2.55 0.87 1.03 2.53 1.91 1.72 0.84 3.07 2.11 4.27 3.87 3.35 3.52 4.01 3.71 4.06 1.17 2.3 4.8 0.29 0.96 1.6 4.66 2.68 4.04 2 2.12 3.58 4.27 3.75 2.83 2.63 2.65 3.58 2.47 1.03 3.61 1.55 3.28 2.23 0.73 3.15 1.69 2.81 3.52 3.14 
0.9 2.94 1.58 3.42 2.3 0.72 2.42 0 2.11 2.73 2.9 3.01 0.87 0.53 0.7 2.42 1.75 3.15 2.63 1.38 2.51 2.2 2.21 1.3 2.82 3.58 1.82 3.17 1.28 0.6 2.18 1.92 1.81 0.86 1.89 3.21 1.91 1.16 2.26 2.18 1.66 2.37 2.81 2.82 2.15 1.72 2.38 2.38 3.71 1.62 0.59 1.17 1.17 1.97 2.19 1.4 0.51 3.56 1.17 1.31 1.4 1.84 1.67 2.28 2.96 2.89 3.54 1.74 3.5 1.53 1.06 
2.98 4.67 2.43 4.84 4.22 1.87 3.62 2.11 0 4.59 5.01 4.63 2.5 2.03 2.68 4.17 3.27 5.01 4.24 3.2 3.37 4.27 2.65 2.6 4.06 5.52 2.75 3.84 3.38 2.55 4.13 3.55 0.56 2.95 2.81 5.29 3.9 2.51 4.05 4.11 2.5 4.12 4.83 4.32 3.44 3.39 4.28 3.46 5.66 2.25 1.95 3.26 2.26 3.16 0.15 0.83 1.6 5.53 2.16 1.16 2.81 0.44 2.1 4.36 4.94 4.3 5.61 3.72 5.52 0.84 1.15 
2.29 0.44 4.02 1.38 2.96 3.4 4.26 2.73 4.59 0 1.89 4.01 2.1 2.59 2.04 0.51 1.42 3.52 3.8 2.95 4.63 2.18 4.67 3.58 4.48 3.52 4.13 5.26 1.78 2.74 2.79 3.44 4.45 2.31 2.22 1.42 0.93 2.11 0.55 0.58 2.39 3.41 2.78 1.01 4 3.31 3.05 1.85 3.58 2.65 3.26 2.18 2.4 1.81 4.61 4.06 3.14 3.39 2.5 4.03 3.51 4.2 4.27 1.1 3.01 4.29 2.81 2.62 3.13 3.79 3.45 
2.04 2.31 3.48 3.26 1.57 3.3 3.18 2.9 5.01 1.89 0 2.49 2.81 3.1 2.43 2.2 2.71 1.79 2.42 2.19 3.68 0.89 4.02 3.02 3.23 1.66 3.43 4.19 1.64 2.53 1.47 2.39 4.67 2.08 3.53 0.76 1.53 3.04 2.07 1.67 3.56 2.06 1.06 2.85 2.99 2.35 1.62 3.44 1.71 3.75 3.17 1.77 3.31 3.22 5.08 4.27 3.41 1.52 3.39 4.08 2.85 4.73 3.85 0.95 1.27 2.93 0.94 1.61 1.25 4.38 3.93 
2.35 4.43 2.27 5.31 1.06 2.82 1.23 3.01 4.63 4.01 2.49 0 3.57 3.5 3.11 4.09 4.08 0.85 0.4 1.64 1.75 1.85 2.44 2.04 0.98 1.4 2 2 2.54 2.42 1.24 1.11 4.11 2.37 4.65 3.24 3.21 3.91 3.91 3.54 4.51 0.69 1.45 4.76 1.27 1.3 0.97 4.89 1.52 4.55 2.78 2.21 4.06 4.53 4.75 3.8 3.37 1.53 4.09 3.47 1.83 4.54 2.68 2.93 1.29 0.58 2.17 1.52 1.75 4.37 3.94 
1.23 2.22 2.44 2.59 2.69 1.57 3.18 0.87 2.5 2.1 2.81 3.57 0 0.51 0.48 1.7 0.91 3.53 3.22 1.97 3.34 2.32 3.07 2.12 3.55 3.86 2.67 4 1.25 1.28 2.53 2.56 2.37 1.21 1.1 2.91 1.46 0.35 1.57 1.63 0.94 2.9 3.04 2.01 2.9 2.37 2.79 1.52 3.98 1.02 1.45 1.42 0.53 1.12 2.52 1.99 1.1 3.8 0.6 2.02 2.18 2.12 2.53 1.99 3.22 3.56 3.61 2.12 3.68 1.72 1.35 
1.25 2.72 2.07 3.08 2.73 1.15 2.95 0.53 2.03 2.59 3.1 3.5 0.51 0 0.68 2.2 1.4 3.57 3.12 1.86 3.03 2.5 2.68 1.82 3.35 3.96 2.33 3.68 1.47 1.09 2.58 2.43 1.87 1.22 1.39 3.3 1.88 0.7 2.07 2.09 1.14 2.85 3.17 2.5 2.68 2.23 2.81 1.92 4.09 1.09 1.05 1.5 0.66 1.52 2.07 1.48 0.61 3.93 0.64 1.52 1.92 1.68 2.1 2.36 3.34 3.41 3.83 2.15 3.84 1.3 0.89 
0.76 2.25 2.16 2.78 2.22 1.39 2.78 0.7 2.68 2.04 2.43 3.11 0.48 0.68 0 1.73 1.15 3.06 2.76 1.52 2.98 1.88 2.8 1.79 3.13 3.39 2.35 3.65 0.82 0.9 2.06 2.12 2.45 0.74 1.55 2.63 1.24 0.81 1.57 1.5 1.41 2.43 2.58 2.17 2.5 1.93 2.31 1.89 3.52 1.49 1.25 0.94 1 1.49 2.73 2.05 1.12 3.35 1.05 2 1.81 2.34 2.31 1.69 2.76 3.12 3.19 1.65 3.23 1.97 1.54 
2.13 0.53 3.82 1.23 3.04 3.11 4.19 2.42 4.17 0.51 2.2 4.09 1.7 2.2 1.73 0 0.94 3.68 3.84 2.86 4.51 2.3 4.47 3.4 4.45 3.76 3.96 5.16 1.67 2.52 2.86 3.4 4.07 2.14 1.72 1.85 0.88 1.66 0.19 0.57 1.9 3.45 2.98 0.69 3.92 3.24 3.13 1.36 3.83 2.17 2.97 2.08 1.94 1.31 4.18 3.68 2.78 3.64 2.04 3.69 3.36 3.77 4.02 1.3 3.21 4.31 3.13 2.62 3.41 3.35 3.03 
1.8 1.42 3.29 1.69 3.08 2.46 3.9 1.75 3.27 1.42 2.71 4.08 0.91 1.4 1.15 0.94 0 3.85 3.76 2.6 4.13 2.5 3.93 2.93 4.23 4.06 3.49 4.79 1.54 2.04 2.91 3.19 3.22 1.8 0.86 2.57 1.18 0.77 0.88 1.14 0.98 3.4 3.24 1.11 3.62 3 3.18 0.82 4.16 1.24 2.33 1.88 1.02 0.52 3.28 2.86 2 3.98 1.12 2.92 2.95 2.86 3.41 1.77 3.45 4.17 3.61 2.56 3.79 2.45 2.16 
2.34 3.95 2.82 4.87 0.85 3.15 1.96 3.15 5.01 3.52 1.79 0.85 3.53 3.57 3.06 3.68 3.85 0 1.02 1.83 2.51 1.39 3.12 2.48 1.8 0.6 2.61 2.83 2.34 2.57 1 1.52 4.54 2.36 4.54 2.54 2.83 3.85 3.52 3.12 4.45 0.93 0.75 4.37 1.92 1.64 0.77 4.67 0.73 4.54 3.08 2.12 4.05 4.35 5.12 4.19 3.59 0.7 4.1 3.89 2.26 4.86 3.24 2.43 0.53 1.41 1.33 1.43 0.91 4.63 4.17 
2.01 4.21 1.91 5.06 0.88 2.43 0.95 2.63 4.24 3.8 2.42 0.4 3.22 3.12 2.76 3.84 3.76 1.02 0 1.27 1.5 1.68 2.13 1.65 0.84 1.61 1.65 1.86 2.24 2.04 1.03 0.72 3.73 2.02 4.3 3.15 2.96 3.56 3.66 3.3 4.15 0.4 1.43 4.49 0.93 0.91 0.8 4.57 1.74 4.18 2.39 1.89 3.69 4.2 4.36 3.42 2.98 1.7 3.72 3.09 1.44 4.15 2.32 2.74 1.33 0.52 2.25 1.23 1.88 3.98 3.54 
0.8 3.31 1.29 4.06 1.03 1.34 1.34 1.38 3.2 2.95 2.19 1.64 1.97 1.86 1.52 2.86 2.6 1.83 1.27 0 1.68 1.31 1.85 0.83 1.64 2.32 1.26 2.32 1.19 0.78 0.95 0.6 2.75 0.8 3.06 2.77 2.03 2.31 2.67 2.39 2.89 1 1.68 3.46 1.07 0.41 1.08 3.38 2.46 2.92 1.26 0.79 2.44 3 3.31 2.38 1.77 2.34 2.46 2.1 0.66 3.04 1.67 2.04 1.76 1.6 2.53 0.6 2.36 2.81 2.35 
2.4 4.98 1.03 5.69 2.15 1.95 0.55 2.51 3.37 4.63 3.68 1.75 3.34 3.03 2.98 4.51 4.13 2.51 1.5 1.68 0 2.82 0.78 1.22 0.84 3.1 0.71 0.67 2.86 2.09 2.22 1.29 2.81 2.38 4.4 4.35 3.71 3.65 4.33 4.06 4.16 1.71 2.83 5.08 0.69 1.37 2.12 4.85 3.23 4.1 2.01 2.46 3.68 4.44 3.51 2.63 2.62 3.2 3.66 2.26 1.18 3.42 1.27 3.7 2.78 1.21 3.7 2.13 3.36 3.4 3.06 
1.31 2.6 2.6 3.5 0.81 2.49 2.34 2.2 4.27 2.18 0.89 1.85 2.32 2.5 1.88 2.3 2.5 1.39 1.68 1.31 2.82 0 3.13 2.14 2.44 1.57 2.54 3.36 1.07 1.74 0.66 1.53 3.89 1.34 3.24 1.53 1.45 2.61 2.14 1.74 3.19 1.29 0.74 2.99 2.13 1.48 0.89 3.31 1.68 3.33 2.37 1.03 2.85 3.01 4.36 3.49 2.7 1.5 2.91 3.28 1.97 4.03 2.98 1.09 0.96 2.19 1.35 0.73 1.36 3.71 3.25 
2.38 4.97 0.66 5.58 2.6 1.53 1.22 2.21 2.65 4.67 4.02 2.44 3.07 2.68 2.8 4.47 3.93 3.12 2.13 1.85 0.78 3.13 0 1.09 1.59 3.71 0.59 1.2 2.9 1.95 2.62 1.7 2.09 2.36 4.06 4.62 3.75 3.35 4.29 4.09 3.79 2.23 3.31 4.97 1.2 1.68 2.6 4.58 3.84 3.68 1.64 2.52 3.32 4.18 2.79 1.97 2.17 3.79 3.28 1.61 1.2 2.76 0.63 3.86 3.3 1.94 4.19 2.41 3.91 2.79 2.51 
1.29 3.89 0.48 4.54 1.77 0.83 1.16 1.3 2.6 3.58 3.02 2.04 2.12 1.82 1.79 3.4 2.93 2.48 1.65 0.83 1.22 2.14 1.09 0 1.59 3.03 0.57 1.88 1.81 0.9 1.74 0.97 2.09 1.27 3.19 3.57 2.66 2.44 3.22 3 2.96 1.56 2.46 3.93 0.91 0.84 1.8 3.64 3.17 2.91 0.85 1.44 2.47 3.24 2.72 1.77 1.47 3.07 2.46 1.44 0.23 2.52 0.85 2.78 2.51 1.75 3.33 1.43 3.12 2.39 1.99 
2.43 4.86 1.63 5.66 1.67 2.42 0.45 2.82 4.06 4.48 3.23 0.98 3.55 3.35 3.13 4.45 4.23 1.8 0.84 1.64 0.84 2.44 1.59 1.59 0 2.37 1.31 1.04 2.79 2.29 1.79 1.06 3.51 2.43 4.65 3.95 3.59 3.89 4.26 3.94 4.45 1.17 2.26 5.08 0.68 1.23 1.61 5.01 2.49 4.44 2.43 2.4 3.97 4.62 4.19 3.27 3.06 2.49 3.98 2.91 1.44 4.05 1.98 3.45 2.16 0.4 3.07 1.86 2.69 3.96 3.57 
2.72 3.95 3.39 4.89 1.3 3.65 2.55 3.58 5.52 3.52 1.66 1.4 3.86 3.96 3.39 3.76 4.06 0.6 1.61 2.32 3.1 1.57 3.71 3.03 2.37 0 3.19 3.4 2.62 3.02 1.41 2.08 5.06 2.75 4.8 2.36 2.96 4.16 3.61 3.2 4.75 1.5 0.84 4.44 2.51 2.19 1.25 4.86 0.15 4.87 3.57 2.47 4.38 4.57 5.62 4.7 4.04 0.17 4.44 4.41 2.81 5.34 3.81 2.47 0.64 1.98 0.93 1.84 0.47 5.08 4.62 
1.84 4.44 0.34 5.1 2.03 1.24 0.87 1.82 2.75 4.13 3.43 2 2.67 2.33 2.35 3.96 3.49 2.61 1.65 1.26 0.71 2.54 0.59 0.57 1.31 3.19 0 1.35 2.35 1.46 2.04 1.13 2.2 1.82 3.71 4.03 3.2 2.98 3.78 3.55 3.47 1.7 2.74 4.49 0.74 1.1 2.04 4.18 3.33 3.39 1.3 1.96 2.98 3.78 2.89 1.97 1.91 3.26 2.96 1.61 0.63 2.77 0.69 3.28 2.74 1.58 3.62 1.82 3.36 2.71 2.35 
3.05 5.62 1.64 6.34 2.64 2.58 1.03 3.17 3.84 5.26 4.19 2 4 3.68 3.65 5.16 4.79 2.83 1.86 2.32 0.67 3.36 1.2 1.88 1.04 3.4 1.35 0 3.5 2.75 2.73 1.86 3.29 3.04 5.06 4.89 4.35 4.31 4.98 4.7 4.82 2.15 3.27 5.74 1.27 1.97 2.59 5.51 3.51 4.74 2.65 3.1 4.33 5.11 3.98 3.16 3.25 3.52 4.31 2.8 1.85 3.95 1.8 4.3 3.18 1.42 4.1 2.71 3.72 3.96 3.66 
0.54 2.12 2.27 2.88 1.55 1.79 2.53 1.28 3.38 1.78 1.64 2.54 1.25 1.47 0.82 1.67 1.54 2.34 2.24 1.19 2.86 1.07 2.9 1.81 2.79 2.62 2.35 3.5 0 1.04 1.37 1.74 3.08 0.57 2.2 1.95 0.86 1.54 1.49 1.21 2.13 1.87 1.8 2.29 2.26 1.57 1.65 2.36 2.74 2.26 1.64 0.41 1.78 2.02 3.45 2.67 1.78 2.56 1.85 2.53 1.73 3.09 2.55 1.04 1.99 2.68 2.38 1.02 2.43 2.74 2.29 
0.51 3.02 1.3 3.64 1.73 0.78 1.91 0.6 2.55 2.74 2.53 2.42 1.28 1.09 0.9 2.52 2.04 2.57 2.04 0.78 2.09 1.74 1.95 0.9 2.29 3.02 1.46 2.75 1.04 0 1.62 1.34 2.16 0.48 2.37 2.95 1.84 1.61 2.35 2.16 2.17 1.78 2.29 3.04 1.63 1.14 1.81 2.77 3.16 2.17 0.65 0.76 1.69 2.37 2.64 1.76 1.02 3.02 1.71 1.56 0.92 2.33 1.53 2.07 2.42 2.32 3.07 1.19 2.98 2.07 1.61 
1.34 3.2 2.16 4.08 0.18 2.27 1.72 2.18 4.13 2.79 1.47 1.24 2.53 2.58 2.06 2.86 2.91 1 1.03 0.95 2.22 0.66 2.62 1.74 1.79 1.41 2.04 2.73 1.37 1.62 0 0.95 3.69 1.37 3.56 2.17 1.98 2.86 2.69 2.31 3.46 0.64 0.73 3.53 1.53 0.95 0.28 3.73 1.55 3.55 2.18 1.12 3.05 3.39 4.23 3.31 2.64 1.41 3.1 3.05 1.53 3.94 2.57 1.71 0.81 1.54 1.6 0.44 1.41 3.68 3.22 
1.39 3.82 1.31 4.61 0.91 1.72 0.84 1.92 3.55 3.44 2.39 1.11 2.56 2.43 2.12 3.4 3.19 1.52 0.72 0.6 1.29 1.53 1.7 0.97 1.06 2.08 1.13 1.86 1.74 1.34 0.95 0 3.05 1.4 3.66 3.06 2.54 2.9 3.21 2.9 3.48 0.6 1.62 4.02 0.61 0.2 0.91 3.98 2.22 3.5 1.68 1.34 3.02 3.6 3.67 2.72 2.26 2.14 3.04 2.4 0.75 3.45 1.73 2.45 1.62 1 2.5 0.86 2.23 3.26 2.83 
2.63 4.59 1.88 4.86 3.77 1.43 3.07 1.81 0.56 4.45 4.67 4.11 2.37 1.87 2.45 4.07 3.22 4.54 3.73 2.75 2.81 3.89 2.09 2.09 3.51 5.06 2.2 3.29 3.08 2.16 3.69 3.05 0 2.6 2.9 5.02 3.69 2.46 3.93 3.94 2.59 3.63 4.4 4.31 2.9 2.9 3.82 3.54 5.2 2.36 1.53 2.91 2.25 3.2 0.7 0.42 1.34 5.08 2.17 0.65 2.3 0.75 1.54 4.09 4.49 3.76 5.21 3.29 5.09 0.99 1.07 
0.04 2.62 1.72 3.31 1.52 1.25 2.11 0.86 2.95 2.31 2.08 2.37 1.21 1.22 0.74 2.14 1.8 2.36 2.02 0.8 2.38 1.34 2.36 1.27 2.43 2.75 1.82 3.04 0.57 0.48 1.37 1.4 2.6 0 2.29 2.47 1.39 1.55 1.96 1.74 2.14 1.69 1.97 2.71 1.83 1.21 1.61 2.59 2.88 2.2 1.11 0.32 1.71 2.2 3.03 2.19 1.36 2.73 1.75 2.02 1.22 2.69 1.99 1.59 2.13 2.39 2.69 0.94 2.65 2.38 1.92 
2.3 2.12 3.45 2.05 3.72 2.53 4.27 1.89 2.81 2.22 3.53 4.65 1.1 1.39 1.55 1.72 0.86 4.54 4.3 3.06 4.4 3.24 4.06 3.19 4.65 4.8 3.71 5.06 2.2 2.37 3.56 3.66 2.9 2.29 0 3.42 2.02 0.76 1.7 1.99 0.32 3.97 3.97 1.61 4 3.46 3.82 0.66 4.91 0.57 2.44 2.46 0.75 0.43 2.78 2.6 1.92 4.73 0.8 2.76 3.26 2.38 3.47 2.61 4.18 4.66 4.42 3.16 4.57 1.98 1.84 
2.44 1.8 4.04 2.74 2.29 3.72 3.87 3.21 5.29 1.42 0.76 3.24 2.91 3.3 2.63 1.85 2.57 2.54 3.15 2.77 4.35 1.53 4.62 3.57 3.95 2.36 4.03 4.89 1.95 2.95 2.17 3.06 5.02 2.47 3.42 0 1.47 3.07 1.78 1.44 3.52 2.78 1.81 2.43 3.66 2.99 2.35 3.19 2.38 3.74 3.58 2.2 3.36 3.06 5.35 4.61 3.71 2.2 3.45 4.47 3.42 4.97 4.38 0.95 2.01 3.66 1.51 2.23 1.91 4.59 4.17 
1.37 1.28 3.11 2.1 2.16 2.53 3.35 1.91 3.9 0.93 1.53 3.21 1.46 1.88 1.24 0.88 1.18 2.83 2.96 2.03 3.71 1.45 3.75 2.66 3.59 2.96 3.2 4.35 0.86 1.84 1.98 2.54 3.69 1.39 2.02 1.47 0 1.6 0.71 0.36 2.07 2.57 2.15 1.55 3.09 2.4 2.26 1.93 3.04 2.29 2.39 1.26 1.9 1.7 3.95 3.29 2.36 2.86 1.99 3.21 2.59 3.55 3.36 0.6 2.38 3.44 2.44 1.75 2.65 3.16 2.76 
1.56 2.17 2.73 2.41 3.02 1.83 3.52 1.16 2.51 2.11 3.04 3.91 0.35 0.7 0.81 1.66 0.77 3.85 3.56 2.31 3.65 2.61 3.35 2.44 3.89 4.16 2.98 4.31 1.54 1.61 2.86 2.9 2.46 1.55 0.76 3.07 1.6 0 1.57 1.7 0.61 3.23 3.33 1.85 3.24 2.71 3.11 1.23 4.28 0.73 1.72 1.74 0.3 0.83 2.52 2.11 1.29 4.1 0.4 2.19 2.51 2.11 2.79 2.17 3.53 3.9 3.87 2.45 3.96 1.7 1.4 
1.94 0.69 3.64 1.41 2.86 2.95 4.01 2.26 4.05 0.55 2.07 3.91 1.57 2.07 1.57 0.19 0.88 3.52 3.66 2.67 4.33 2.14 4.29 3.22 4.26 3.61 3.78 4.98 1.49 2.35 2.69 3.21 3.93 1.96 1.7 1.78 0.71 1.57 0 0.42 1.86 3.27 2.82 0.85 3.74 3.05 2.96 1.42 3.69 2.11 2.81 1.89 1.85 1.31 4.07 3.54 2.63 3.5 1.95 3.54 3.18 3.66 3.85 1.15 3.05 4.13 3.01 2.44 3.27 3.25 2.92 
1.72 0.93 3.45 1.78 2.48 2.83 3.71 2.18 4.11 0.58 1.67 3.54 1.63 2.09 1.5 0.57 1.14 3.12 3.3 2.39 4.06 1.74 4.09 3 3.94 3.2 3.55 4.7 1.21 2.16 2.31 2.9 3.94 1.74 1.99 1.44 0.36 1.7 0.42 0 2.1 2.91 2.41 1.26 3.45 2.75 2.58 1.79 3.27 2.33 2.69 1.61 2 1.62 4.14 3.53 2.61 3.09 2.1 3.49 2.94 3.74 3.69 0.74 2.64 3.78 2.6 2.09 2.85 3.34 2.96 
2.16 2.34 3.2 2.34 3.62 2.27 4.06 1.66 2.5 2.39 3.56 4.51 0.94 1.14 1.41 1.9 0.98 4.45 4.15 2.89 4.16 3.19 3.79 2.96 4.45 4.75 3.47 4.82 2.13 2.17 3.46 3.48 2.59 2.14 0.32 3.52 2.07 0.61 1.86 2.1 0 3.83 3.92 1.87 3.79 3.29 3.71 0.97 4.86 0.28 2.18 2.34 0.49 0.68 2.48 2.29 1.64 4.69 0.52 2.46 3.04 2.08 3.2 2.66 4.12 4.48 4.43 3.05 4.54 1.67 1.54 
1.68 3.81 1.9 4.67 0.5 2.27 1.17 2.37 4.12 3.41 2.06 0.69 2.9 2.85 2.43 3.45 3.4 0.93 0.4 1 1.71 1.29 2.23 1.56 1.17 1.5 1.7 2.15 1.87 1.78 0.64 0.6 3.63 1.69 3.97 2.78 2.57 3.23 3.27 2.91 3.83 0 1.14 4.11 1.05 0.73 0.44 4.21 1.64 3.88 2.21 1.53 3.39 3.85 4.24 3.29 2.76 1.56 3.42 2.98 1.34 4 2.32 2.34 1.08 0.9 2 0.85 1.68 3.79 3.34 
1.94 3.21 2.88 4.15 0.72 2.98 2.3 2.81 4.83 2.78 1.06 1.45 3.04 3.17 2.58 2.98 3.24 0.75 1.43 1.68 2.83 0.74 3.31 2.46 2.26 0.84 2.74 3.27 1.8 2.29 0.73 1.62 4.4 1.97 3.97 1.81 2.15 3.33 2.82 2.41 3.92 1.14 0 3.66 2.17 1.66 0.72 4.04 0.95 4.05 2.88 1.67 3.56 3.75 4.92 4.02 3.3 0.77 3.63 3.76 2.26 4.62 3.29 1.7 0.24 1.93 0.89 1.11 0.7 4.33 3.87 
2.7 0.67 4.32 0.61 3.71 3.54 4.8 2.82 4.32 1.01 2.85 4.76 2.01 2.5 2.17 0.69 1.11 4.37 4.49 3.46 5.08 2.99 4.97 3.93 5.08 4.44 4.49 5.74 2.29 3.04 3.53 4.02 4.31 2.71 1.61 2.43 1.55 1.85 0.85 1.26 1.87 4.11 3.66 0 4.52 3.85 3.81 1.05 4.51 2.15 3.4 2.69 2.08 1.2 4.31 3.95 3.1 4.32 2.17 4.02 3.91 3.9 4.48 1.97 3.89 4.96 3.79 3.27 4.08 3.49 3.25 
1.84 4.37 1.03 5.12 1.47 1.74 0.29 2.15 3.44 4 2.99 1.27 2.9 2.68 2.5 3.92 3.62 1.92 0.93 1.07 0.69 2.13 1.2 0.91 0.68 2.51 0.74 1.27 2.26 1.63 1.53 0.61 2.9 1.83 4 3.66 3.09 3.24 3.74 3.45 3.79 1.05 2.17 4.52 0 0.71 1.45 4.38 2.64 3.77 1.75 1.85 3.31 3.99 3.57 2.63 2.38 2.59 3.31 2.28 0.76 3.41 1.42 3.04 2.13 0.87 3.04 1.46 2.73 3.3 2.9 
1.2 3.67 1.23 4.44 0.95 1.55 0.96 1.72 3.39 3.31 2.35 1.3 2.37 2.23 1.93 3.24 3 1.64 0.91 0.41 1.37 1.48 1.68 0.84 1.23 2.19 1.1 1.97 1.57 1.14 0.95 0.2 2.9 1.21 3.46 2.99 2.4 2.71 3.05 2.75 3.29 0.73 1.66 3.85 0.71 0 0.97 3.79 2.33 3.3 1.5 1.17 2.82 3.41 3.51 2.57 2.07 2.23 2.84 2.25 0.62 3.28 1.65 2.34 1.68 1.2 2.54 0.77 2.3 3.08 2.64 
1.58 3.47 2.2 4.35 0.1 2.41 1.6 2.38 4.28 3.05 1.62 0.97 2.79 2.81 2.31 3.13 3.18 0.77 0.8 1.08 2.12 0.89 2.6 1.8 1.61 1.25 2.04 2.59 1.65 1.81 0.28 0.91 3.82 1.61 3.82 2.35 2.26 3.11 2.96 2.58 3.71 0.44 0.72 3.81 1.45 0.97 0 4 1.39 3.8 2.33 1.38 3.3 3.66 4.38 3.45 2.82 1.28 3.35 3.17 1.59 4.11 2.61 1.97 0.72 1.32 1.6 0.67 1.33 3.87 3.41 
2.59 1.65 3.95 1.42 3.9 3.06 4.66 2.38 3.46 1.85 3.44 4.89 1.52 1.92 1.89 1.36 0.82 4.67 4.57 3.38 4.85 3.31 4.58 3.64 5.01 4.86 4.18 5.51 2.36 2.77 3.73 3.98 3.54 2.59 0.66 3.19 1.93 1.23 1.42 1.79 0.97 4.21 4.04 1.05 4.38 3.79 4 0 4.96 1.22 2.95 2.69 1.33 0.41 3.43 3.23 2.5 4.77 1.4 3.37 3.68 3.03 4.02 2.5 4.26 4.97 4.37 3.37 4.57 2.63 2.48 
2.85 4.01 3.53 4.96 1.44 3.79 2.68 3.71 5.66 3.58 1.71 1.52 3.98 4.09 3.52 3.83 4.16 0.73 1.74 2.46 3.23 1.68 3.84 3.17 2.49 0.15 3.33 3.51 2.74 3.16 1.55 2.22 5.2 2.88 4.91 2.38 3.04 4.28 3.69 3.27 4.86 1.64 0.95 4.51 2.64 2.33 1.39 4.96 0 4.99 3.71 2.6 4.5 4.67 5.76 4.84 4.18 0.19 4.56 4.55 2.95 5.48 3.95 2.54 0.76 2.1 0.91 1.98 0.48 5.22 4.76 
2.22 2.61 3.11 2.61 3.7 2.17 4.04 1.62 2.25 2.65 3.75 4.55 1.02 1.09 1.49 2.17 1.24 4.54 4.18 2.92 4.1 3.33 3.68 2.91 4.44 4.87 3.39 4.74 2.26 2.17 3.55 3.5 2.36 2.2 0.57 3.74 2.29 0.73 2.11 2.33 0.28 3.88 4.05 2.15 3.77 3.3 3.8 1.22 4.99 0 2.1 2.43 0.5 0.95 2.22 2.09 1.52 4.82 0.47 2.29 3.01 1.82 3.08 2.86 4.24 4.49 4.59 3.13 4.68 1.42 1.33 
1.14 3.49 1.03 4 2.27 0.15 2 0.59 1.95 3.26 3.17 2.78 1.45 1.05 1.25 2.97 2.33 3.08 2.39 1.26 2.01 2.37 1.64 0.85 2.43 3.57 1.3 2.65 1.64 0.65 2.18 1.68 1.53 1.11 2.44 3.58 2.39 1.72 2.81 2.69 2.18 2.21 2.88 3.4 1.75 1.5 2.33 2.95 3.71 2.1 0 1.41 1.7 2.55 2.06 1.14 0.63 3.58 1.67 0.92 1.01 1.79 1.09 2.68 2.99 2.57 3.69 1.77 3.57 1.59 1.16 
0.28 2.52 1.9 3.28 1.28 1.54 2.12 1.17 3.26 2.18 1.77 2.21 1.42 1.5 0.94 2.08 1.88 2.12 1.89 0.79 2.46 1.03 2.52 1.44 2.4 2.47 1.96 3.1 0.41 0.76 1.12 1.34 2.91 0.32 2.46 2.2 1.26 1.74 1.89 1.61 2.34 1.53 1.67 2.69 1.85 1.17 1.38 2.69 2.6 2.43 1.41 0 1.94 2.33 3.34 2.5 1.68 2.44 1.99 2.32 1.34 3.01 2.21 1.35 1.84 2.3 2.37 0.71 2.35 2.69 2.23 
1.73 2.43 2.72 2.61 3.21 1.79 3.58 1.17 2.26 2.4 3.31 4.06 0.53 0.66 1 1.94 1.02 4.05 3.69 2.44 3.68 2.85 3.32 2.47 3.97 4.38 2.98 4.33 1.78 1.69 3.05 3.02 2.25 1.71 0.75 3.36 1.9 0.3 1.85 2 0.49 3.39 3.56 2.08 3.31 2.82 3.3 1.33 4.5 0.5 1.7 1.94 0 0.96 2.26 1.92 1.18 4.33 0.1 2.05 2.56 1.85 2.73 2.46 3.75 4.01 4.13 2.63 4.21 1.43 1.18 
2.21 1.7 3.55 1.68 3.56 2.66 4.27 1.97 3.16 1.81 3.22 4.53 1.12 1.52 1.49 1.31 0.52 4.35 4.2 3 4.44 3.01 4.18 3.24 4.62 4.57 3.78 5.11 2.02 2.37 3.39 3.6 3.2 2.2 0.43 3.06 1.7 0.83 1.31 1.62 0.68 3.85 3.75 1.2 3.99 3.41 3.66 0.41 4.67 0.95 2.55 2.33 0.96 0 3.14 2.87 2.11 4.49 1.04 2.99 3.28 2.73 3.62 2.28 3.96 4.59 4.13 3.02 4.31 2.32 2.13 
3.07 4.68 2.56 4.82 4.32 1.98 3.75 2.19 0.15 4.61 5.08 4.75 2.52 2.07 2.73 4.18 3.28 5.12 4.36 3.31 3.51 4.36 2.79 2.72 4.19 5.62 2.89 3.98 3.45 2.64 4.23 3.67 0.7 3.03 2.78 5.35 3.95 2.52 4.07 4.14 2.48 4.24 4.92 4.31 3.57 3.51 4.38 3.43 5.76 2.22 2.06 3.34 2.26 3.14 0 0.95 1.68 5.63 2.16 1.29 2.93 0.42 2.24 4.41 5.04 4.43 5.7 3.82 5.62 0.83 1.19 
2.23 4.2 1.64 4.51 3.4 1.05 2.83 1.4 0.83 4.06 4.27 3.8 1.99 1.48 2.05 3.68 2.86 4.19 3.42 2.38 2.63 3.49 1.97 1.77 3.27 4.7 1.97 3.16 2.67 1.76 3.31 2.72 0.42 2.19 2.6 4.61 3.29 2.11 3.54 3.53 2.29 3.29 4.02 3.95 2.63 2.57 3.45 3.23 4.84 2.09 1.14 2.5 1.92 2.87 0.95 0 0.93 4.71 1.84 0.37 1.99 0.8 1.37 3.68 4.12 3.49 4.82 2.91 4.71 0.85 0.76 
1.4 3.3 1.61 3.68 2.75 0.67 2.63 0.51 1.6 3.14 3.41 3.37 1.1 0.61 1.12 2.78 2 3.59 2.98 1.77 2.62 2.7 2.17 1.47 3.06 4.04 1.91 3.25 1.78 1.02 2.64 2.26 1.34 1.36 1.92 3.71 2.36 1.29 2.63 2.61 1.64 2.76 3.3 3.1 2.38 2.07 2.82 2.5 4.18 1.52 0.63 1.68 1.18 2.11 1.68 0.93 0 4.03 1.13 0.93 1.63 1.33 1.56 2.77 3.43 3.18 4.04 2.21 3.99 1.05 0.59 
2.69 3.82 3.45 4.77 1.32 3.67 2.65 3.56 5.53 3.39 1.52 1.53 3.8 3.93 3.35 3.64 3.98 0.7 1.7 2.34 3.2 1.5 3.79 3.07 2.49 0.17 3.26 3.52 2.56 3.02 1.41 2.14 5.08 2.73 4.73 2.2 2.86 4.1 3.5 3.09 4.69 1.56 0.77 4.32 2.59 2.23 1.28 4.77 0.19 4.82 3.58 2.44 4.33 4.49 5.63 4.71 4.03 0 4.39 4.44 2.85 5.34 3.87 2.35 0.61 2.1 0.77 1.83 0.31 5.08 4.61 
1.77 2.53 2.69 2.7 3.26 1.76 3.58 1.17 2.16 2.5 3.39 4.09 0.6 0.64 1.05 2.04 1.12 4.1 3.72 2.46 3.66 2.91 3.28 2.46 3.98 4.44 2.96 4.31 1.85 1.71 3.1 3.04 2.17 1.75 0.8 3.45 1.99 0.4 1.95 2.1 0.52 3.42 3.63 2.17 3.31 2.84 3.35 1.4 4.56 0.47 1.67 1.99 0.1 1.04 2.16 1.84 1.13 4.39 0 1.98 2.56 1.75 2.69 2.54 3.81 4.03 4.2 2.68 4.27 1.33 1.1 
2.05 4.21 1.28 4.6 3.12 0.8 2.47 1.31 1.16 4.03 4.08 3.47 2.02 1.52 2 3.69 2.92 3.89 3.09 2.1 2.26 3.28 1.61 1.44 2.91 4.41 1.61 2.8 2.53 1.56 3.05 2.4 0.65 2.02 2.76 4.47 3.21 2.19 3.54 3.49 2.46 2.98 3.76 4.02 2.28 2.25 3.17 3.37 4.55 2.29 0.92 2.32 2.05 2.99 1.29 0.37 0.93 4.44 1.98 0 1.66 1.16 1.01 3.56 3.85 3.14 4.59 2.66 4.45 1.18 0.98 
1.24 3.84 0.64 4.52 1.56 1.02 1.03 1.4 2.81 3.51 2.85 1.83 2.18 1.92 1.81 3.36 2.95 2.26 1.44 0.66 1.18 1.97 1.2 0.23 1.44 2.81 0.63 1.85 1.73 0.92 1.53 0.75 2.3 1.22 3.26 3.42 2.59 2.51 3.18 2.94 3.04 1.34 2.26 3.91 0.76 0.62 1.59 3.68 2.95 3.01 1.01 1.34 2.56 3.28 2.93 1.99 1.63 2.85 2.56 1.66 0 2.73 1.04 2.66 2.3 1.57 3.13 1.25 2.91 2.58 2.16 
2.73 4.27 2.43 4.41 4.05 1.73 3.61 1.84 0.44 4.2 4.73 4.54 2.12 1.68 2.34 3.77 2.86 4.86 4.15 3.04 3.42 4.03 2.76 2.52 4.05 5.34 2.77 3.95 3.09 2.33 3.94 3.45 0.75 2.69 2.38 4.97 3.55 2.11 3.66 3.74 2.08 4 4.62 3.9 3.41 3.28 4.11 3.03 5.48 1.82 1.79 3.01 1.85 2.73 0.42 0.8 1.33 5.34 1.75 1.16 2.73 0 2.16 4.03 4.74 4.26 5.37 3.52 5.31 0.42 0.8 
2.01 4.53 0.43 5.08 2.59 0.96 1.55 1.67 2.1 4.27 3.85 2.68 2.53 2.1 2.31 4.02 3.41 3.24 2.32 1.67 1.27 2.98 0.63 0.85 1.98 3.81 0.69 1.8 2.55 1.53 2.57 1.73 1.54 1.99 3.47 4.38 3.36 2.79 3.85 3.69 3.2 2.32 3.29 4.48 1.42 1.65 2.61 4.02 3.95 3.08 1.09 2.21 2.73 3.62 2.24 1.37 1.56 3.87 2.69 1.01 1.04 2.16 0 3.56 3.33 2.27 4.17 2.27 3.94 2.17 1.89 
1.56 1.53 3.25 2.45 1.88 2.82 3.28 2.28 4.36 1.1 0.95 2.93 1.99 2.36 1.69 1.3 1.77 2.43 2.74 2.04 3.7 1.09 3.86 2.78 3.45 2.47 3.28 4.3 1.04 2.07 1.71 2.45 4.09 1.59 2.61 0.95 0.6 2.17 1.15 0.74 2.66 2.34 1.7 1.97 3.04 2.34 1.97 2.5 2.54 2.86 2.68 1.35 2.46 2.28 4.41 3.68 2.77 2.35 2.54 3.56 2.66 4.03 3.56 0 1.93 3.24 1.88 1.6 2.12 3.65 3.23 
2.09 3.45 2.91 4.38 0.74 3.08 2.23 2.96 4.94 3.01 1.27 1.29 3.22 3.34 2.76 3.21 3.45 0.53 1.33 1.76 2.78 0.96 3.3 2.51 2.16 0.64 2.74 3.18 1.99 2.42 0.81 1.62 4.49 2.13 4.18 2.01 2.38 3.53 3.05 2.64 4.12 1.08 0.24 3.89 2.13 1.68 0.72 4.26 0.76 4.24 2.99 1.84 3.75 3.96 5.04 4.12 3.43 0.61 3.81 3.85 2.3 4.74 3.33 1.93 0 1.8 0.92 1.23 0.62 4.47 4.01 
2.38 4.69 1.89 5.53 1.39 2.57 0.73 2.89 4.3 4.29 2.93 0.58 3.56 3.41 3.12 4.31 4.17 1.41 0.52 1.6 1.21 2.19 1.94 1.75 0.4 1.98 1.58 1.42 2.68 2.32 1.54 1 3.76 2.39 4.66 3.66 3.44 3.9 4.13 3.78 4.48 0.9 1.93 4.96 0.87 1.2 1.32 4.97 2.1 4.49 2.57 2.3 4.01 4.59 4.43 3.49 3.18 2.1 4.03 3.14 1.57 4.26 2.27 3.24 1.8 0 2.7 1.69 2.31 4.14 3.72 
2.65 3.23 3.76 4.18 1.6 3.8 3.15 3.54 5.61 2.81 0.94 2.17 3.61 3.83 3.19 3.13 3.61 1.33 2.25 2.53 3.7 1.35 4.19 3.33 3.07 0.93 3.62 4.1 2.38 3.07 1.6 2.5 5.21 2.69 4.42 1.51 2.44 3.87 3.01 2.6 4.43 2 0.89 3.79 3.04 2.54 1.6 4.37 0.91 4.59 3.69 2.37 4.13 4.13 5.7 4.82 4.04 0.77 4.2 4.59 3.13 5.37 4.17 1.88 0.92 2.7 0 1.94 0.46 5.06 4.6 
0.91 3.01 1.89 3.84 0.58 1.87 1.69 1.74 3.72 2.62 1.61 1.52 2.12 2.15 1.65 2.62 2.56 1.43 1.23 0.6 2.13 0.73 2.41 1.43 1.86 1.84 1.82 2.71 1.02 1.19 0.44 0.86 3.29 0.94 3.16 2.23 1.75 2.45 2.44 2.09 3.05 0.85 1.11 3.27 1.46 0.77 0.67 3.37 1.98 3.13 1.77 0.71 2.63 3.02 3.82 2.91 2.21 1.83 2.68 2.66 1.25 3.52 2.27 1.6 1.23 1.69 1.94 0 1.81 3.25 2.79 
2.62 3.56 3.53 4.51 1.36 3.67 2.81 3.5 5.52 3.13 1.25 1.75 3.68 3.84 3.23 3.41 3.79 0.91 1.88 2.36 3.36 1.36 3.91 3.12 2.69 0.47 3.36 3.72 2.43 2.98 1.41 2.23 5.09 2.65 4.57 1.91 2.65 3.96 3.27 2.85 4.54 1.68 0.7 4.08 2.73 2.3 1.33 4.57 0.48 4.68 3.57 2.35 4.21 4.31 5.62 4.71 3.99 0.31 4.27 4.45 2.91 5.31 3.94 2.12 0.62 2.31 0.46 1.81 0 5.02 4.56 
2.42 3.86 2.38 4 3.8 1.57 3.52 1.53 0.84 3.79 4.38 4.37 1.72 1.3 1.97 3.35 2.45 4.63 3.98 2.81 3.4 3.71 2.79 2.39 3.96 5.08 2.71 3.96 2.74 2.07 3.68 3.26 0.99 2.38 1.98 4.59 3.16 1.7 3.25 3.34 1.67 3.79 4.33 3.49 3.3 3.08 3.87 2.63 5.22 1.42 1.59 2.69 1.43 2.32 0.83 0.85 1.05 5.08 1.33 1.18 2.58 0.42 2.17 3.65 4.47 4.14 5.06 3.25 5.02 0 0.47 
1.96 3.55 2.03 3.79 3.33 1.16 3.14 1.06 1.15 3.45 3.93 3.94 1.35 0.89 1.54 3.03 2.16 4.17 3.54 2.35 3.06 3.25 2.51 1.99 3.57 4.62 2.35 3.66 2.29 1.61 3.22 2.83 1.07 1.92 1.84 4.17 2.76 1.4 2.92 2.96 1.54 3.34 3.87 3.25 2.9 2.64 3.41 2.48 4.76 1.33 1.16 2.23 1.18 2.13 1.19 0.76 0.59 4.61 1.1 0.98 2.16 0.8 1.89 3.23 4.01 3.72 4.6 2.79 4.56 0.47 0 
