Number_Of_Customers: 50
Vehicle_Capacity:    50
Alpha:               0.75
Number_Of_Scenarios: 3

Location_Coordinates:
0 0 0
1 0.354584 -0.507213
2 0.274596 0.135073
3 0.180237 -0.755509
4 2.16012 0.151412
5 -0.21434 -2.41768
6 0.999069 1.35349
7 -1.93798 -1.56036
8 0.092333 1.84151
9 0.309377 -0.308437
10 1.10315 0.568618
11 1.75632 -1.57908
12 0.451588 -0.159292
13 -2.21894 1.25864
14 -1.01017 2.13118
15 -1.24852 1.20564
16 -1.80204 -1.83882
17 -0.0970283 -0.754794
18 -0.827224 1.84474
19 -0.38333 2.37656
20 -2.23206 0.713786
21 1.60823 -0.500759
22 -1.25083 2.29403
23 0.730605 -0.716032
24 0.658067 0.128206
25 -0.247361 -2.40083
26 -0.714539 0.748233
27 0.546324 2.0748
28 1.1246 1.13352
29 1.05572 -1.47078
30 0.52737 -1.49275
31 1.35397 1.19084
32 -0.49439 0.782204
33 1.50778 1.33668
34 0.555647 -1.24145
35 0.0124693 -0.428243
36 -2.47617 -2.03314
37 -0.941525 0.782972
38 -0.59162 1.64976
39 -2.41151 -0.29649
40 1.88826 0.946541
41 -1.48304 -0.377088
42 2.28904 1.818
43 0.0578108 1.62666
44 -0.683249 1.6419
45 0.374383 2.26023
46 -2.39579 -1.07185
47 0.476957 1.22021
48 -1.93619 -1.57292
49 -1.034 1.63798
50 -0.431647 0.310759

Demand_per_scenario:
1 6 9 11
2 5 7 8
3 5 7 8
4 3 4 5
5 4 5 6
6 6 8 9
7 3 5 5
8 3 4 5
9 6 8 9
10 5 7 8
11 6 9 11
12 3 4 4
13 6 7 9
14 3 4 5
15 6 8 10
16 5 6 7
17 4 5 6
18 6 8 9
19 3 5 5
20 4 5 6
21 6 8 9
22 6 8 9
23 5 7 8
24 4 5 6
25 5 7 8
26 3 3 4
27 3 4 5
28 5 6 7
29 4 6 7
30 5 7 8
31 4 6 7
32 5 7 8
33 1 2 2
34 2 3 4
35 4 5 6
36 3 4 5
37 2 3 3
38 3 4 5
39 5 6 8
40 2 2 2
41 4 5 7
42 3 4 5
43 3 4 5
44 6 8 10
45 3 4 5
46 5 7 9
47 4 5 6
48 4 5 7
49 3 3 4
50 5 6 8

Probability_of_each_scenario_occuring:
0.333333 0.333333 0.333333 

Travel_Costs:
0 0.62 0.31 0.78 2.17 2.43 1.69 2.49 1.85 0.44 1.25 2.37 0.48 2.56 2.36 1.74 2.58 0.77 2.03 2.41 2.35 1.69 2.62 1.03 0.68 2.42 1.04 2.15 1.6 1.82 1.59 1.81 0.93 2.02 1.37 0.43 3.21 1.23 1.76 2.43 2.12 1.54 2.93 1.63 1.78 2.3 2.63 1.32 2.5 1.94 0.54 
0.62 0 0.65 0.31 1.93 2 1.97 2.53 2.37 0.21 1.32 1.77 0.37 3.13 2.98 2.35 2.54 0.52 2.64 2.98 2.87 1.26 3.23 0.44 0.71 1.99 1.65 2.59 1.82 1.2 1.01 1.98 1.55 2.18 0.77 0.36 3.22 1.83 2.36 2.78 2.12 1.85 3.03 2.16 2.39 2.77 2.81 1.74 2.53 2.56 1.14 
0.31 0.65 0 0.9 1.89 2.6 1.42 2.79 1.72 0.45 0.94 2.27 0.35 2.74 2.38 1.87 2.87 0.97 2.04 2.34 2.58 1.48 2.65 0.97 0.39 2.59 1.17 1.96 1.32 1.79 1.65 1.51 1.01 1.73 1.41 0.63 3.51 1.38 1.75 2.73 1.81 1.84 2.63 1.51 1.79 2.13 2.94 1.11 2.8 2 0.73 
0.78 0.31 0.9 0 2.18 1.71 2.27 2.27 2.6 0.47 1.62 1.78 0.66 3.14 3.13 2.43 2.26 0.28 2.79 3.19 2.83 1.46 3.37 0.56 1.01 1.7 1.75 2.86 2.12 1.14 0.82 2.28 1.68 2.48 0.62 0.37 2.95 1.91 2.53 2.64 2.42 1.71 3.33 2.39 2.55 3.03 2.6 2 2.27 2.69 1.23 
2.17 1.93 1.89 2.18 0 3.5 1.68 4.45 2.68 1.91 1.14 1.78 1.74 4.52 3.74 3.57 4.44 2.44 3.44 3.38 4.43 0.86 4.03 1.68 1.51 3.51 2.94 2.52 1.43 1.97 2.32 1.32 2.73 1.36 2.13 2.23 5.13 3.17 3.14 4.6 0.85 3.69 1.68 2.57 3.22 2.77 4.72 2 4.45 3.53 2.6 
2.43 2 2.6 1.71 3.5 0 3.97 1.93 4.28 2.18 3.27 2.15 2.36 4.19 4.62 3.77 1.69 1.67 4.31 4.8 3.73 2.65 4.83 1.95 2.7 0.04 3.21 4.56 3.8 1.59 1.19 3.94 3.22 4.14 1.41 2.01 2.3 3.29 4.09 3.06 3.97 2.41 4.93 4.06 4.09 4.72 2.57 3.71 1.92 4.14 2.74 
1.69 1.97 1.42 2.27 1.68 3.97 0 4.14 1.03 1.8 0.8 3.03 1.61 3.22 2.16 2.26 4.25 2.38 1.9 1.72 3.3 1.96 2.44 2.09 1.28 3.96 1.82 0.86 0.26 2.83 2.89 0.4 1.6 0.51 2.64 2.04 4.86 2.03 1.62 3.79 0.98 3.03 1.38 0.99 1.71 1.11 4.18 0.54 4.15 2.06 1.78 
2.49 2.53 2.79 2.27 4.45 1.93 4.14 0 3.97 2.58 3.72 3.7 2.78 2.84 3.81 2.86 0.31 2.01 3.59 4.24 2.3 3.71 3.92 2.8 3.1 1.89 2.62 4.41 4.08 3 2.47 4.3 2.76 4.51 2.52 2.26 0.72 2.55 3.49 1.35 4.58 1.27 5.42 3.77 3.44 4.47 0.67 3.69 0.02 3.33 2.41 
1.85 2.37 1.72 2.6 2.68 4.28 1.03 3.97 0 2.17 1.63 3.81 2.04 2.39 1.14 1.49 4.14 2.61 0.92 0.72 2.59 2.8 1.42 2.64 1.81 4.26 1.36 0.52 1.26 3.45 3.37 1.42 1.22 1.51 3.12 2.28 4.65 1.48 0.72 3.3 2.01 2.73 2.2 0.22 0.81 0.51 3.84 0.74 3.98 1.15 1.62 
0.44 0.21 0.45 0.47 1.91 2.18 1.8 2.58 2.17 0 1.19 1.93 0.21 2.98 2.78 2.18 2.61 0.61 2.44 2.78 2.74 1.32 3.04 0.59 0.56 2.17 1.48 2.4 1.66 1.39 1.21 1.83 1.36 2.04 0.97 0.33 3.28 1.67 2.16 2.73 2.02 1.8 2.91 1.96 2.19 2.57 2.82 1.54 2.58 2.37 0.97 
1.25 1.32 0.94 1.62 1.14 3.27 0.8 3.72 1.63 1.19 0 2.25 0.98 3.4 2.63 2.44 3.78 1.79 2.32 2.35 3.34 1.19 2.92 1.34 0.63 3.27 1.83 1.61 0.57 2.04 2.15 0.68 1.62 0.87 1.9 1.48 4.43 2.06 2.02 3.62 0.88 2.76 1.73 1.49 2.09 1.85 3.87 0.91 3.72 2.39 1.56 
2.37 1.77 2.27 1.78 1.78 2.15 3.03 3.7 3.81 1.93 2.25 0 1.93 4.89 4.63 4.1 3.57 2.03 4.29 4.5 4.61 1.09 4.91 1.35 2.04 2.17 3.4 3.85 2.79 0.71 1.24 2.8 3.27 2.93 1.25 2.09 4.26 3.59 4 4.37 2.53 3.46 3.44 3.63 4.05 4.09 4.19 3.08 3.7 4.26 2.9 
0.48 0.37 0.35 0.66 1.74 2.36 1.61 2.78 2.04 0.21 0.98 1.93 0 3.03 2.72 2.19 2.82 0.81 2.38 2.67 2.83 1.21 2.99 0.63 0.36 2.35 1.48 2.24 1.46 1.45 1.34 1.63 1.34 1.84 1.09 0.52 3.48 1.69 2.09 2.87 1.82 1.95 2.7 1.83 2.13 2.43 3 1.38 2.78 2.34 1.01 
2.56 3.13 2.74 3.14 4.52 4.19 3.22 2.84 2.39 2.98 3.4 4.89 3.03 0 1.5 0.98 3.13 2.93 1.52 2.15 0.55 4.22 1.42 3.55 3.1 4.16 1.59 2.89 3.35 4.27 3.89 3.58 1.79 3.73 3.74 2.8 3.31 1.37 1.68 1.57 4.12 1.8 4.55 2.31 1.59 2.79 2.34 2.7 2.85 1.25 2.03 
2.36 2.98 2.38 3.13 3.74 4.62 2.16 3.81 1.14 2.78 2.63 4.63 2.72 1.5 0 0.96 4.05 3.03 0.34 0.68 1.88 3.72 0.3 3.34 2.61 4.6 1.42 1.56 2.36 4.16 3.94 2.55 1.45 2.65 3.72 2.76 4.42 1.35 0.64 2.81 3.14 2.56 3.32 1.19 0.59 1.4 3.49 1.75 3.82 0.5 1.92 
1.74 2.35 1.87 2.43 3.57 3.77 2.26 2.86 1.49 2.18 2.44 4.1 2.19 0.98 0.96 0 3.1 2.28 0.77 1.46 1.1 3.33 1.09 2.76 2.19 3.75 0.71 2 2.38 3.54 3.24 2.61 0.87 2.76 3.05 2.07 3.47 0.53 0.8 1.9 3.15 1.61 3.6 1.38 0.72 1.94 2.56 1.73 2.87 0.49 1.22 
2.58 2.54 2.87 2.26 4.44 1.69 4.25 0.31 4.14 2.61 3.78 3.57 2.82 3.13 4.05 3.1 0 2.03 3.82 4.45 2.59 3.67 4.17 2.78 3.15 1.66 2.81 4.57 4.18 2.89 2.36 4.38 2.93 4.59 2.44 2.3 0.71 2.76 3.7 1.66 4.63 1.5 5.49 3.94 3.66 4.65 0.97 3.82 0.3 3.57 2.55 
0.77 0.52 0.97 0.28 2.44 1.67 2.38 2.01 2.61 0.61 1.79 2.03 0.81 2.93 3.03 2.28 2.03 0 2.71 3.15 2.6 1.73 3.26 0.83 1.17 1.66 1.63 2.91 2.25 1.36 0.97 2.43 1.59 2.64 0.82 0.35 2.71 1.76 2.46 2.36 2.62 1.44 3.51 2.39 2.47 3.06 2.33 2.06 2.02 2.57 1.12 
2.03 2.64 2.04 2.79 3.44 4.31 1.9 3.59 0.92 2.44 2.32 4.29 2.38 1.52 0.34 0.77 3.82 2.71 0 0.7 1.81 3.39 0.62 3 2.27 4.29 1.11 1.4 2.08 3.82 3.61 2.28 1.12 2.39 3.39 2.43 4.22 1.07 0.31 2.67 2.87 2.32 3.12 0.92 0.25 1.28 3.32 1.45 3.6 0.3 1.59 
2.41 2.98 2.34 3.19 3.38 4.8 1.72 4.24 0.72 2.78 2.35 4.5 2.67 2.15 0.68 1.46 4.45 3.15 0.7 0 2.49 3.5 0.88 3.29 2.48 4.78 1.67 0.98 1.96 4.11 3.98 2.11 1.6 2.16 3.74 2.84 4.89 1.69 0.76 3.36 2.69 2.97 2.74 0.88 0.8 0.77 4 1.45 4.25 0.99 2.07 
2.35 2.87 2.58 2.83 4.43 3.73 3.3 2.3 2.59 2.74 3.34 4.61 2.83 0.55 1.88 1.1 2.59 2.6 1.81 2.49 0 4.03 1.87 3.29 2.95 3.7 1.52 3.1 3.39 3.95 3.54 3.62 1.74 3.8 3.41 2.52 2.76 1.3 1.89 1.03 4.13 1.33 4.66 2.47 1.81 3.04 1.8 2.76 2.31 1.52 1.85 
1.69 1.26 1.48 1.46 0.86 2.65 1.96 3.71 2.8 1.32 1.19 1.09 1.21 4.22 3.72 3.33 3.67 1.73 3.39 3.5 4.03 0 4 0.91 1.14 2.66 2.64 2.79 1.71 1.12 1.47 1.72 2.47 1.85 1.29 1.6 4.37 2.86 3.08 4.03 1.48 3.1 2.42 2.64 3.14 3.03 4.05 2.06 3.71 3.4 2.2 
2.62 3.23 2.65 3.37 4.03 4.83 2.44 3.92 1.42 3.04 2.92 4.91 2.99 1.42 0.3 1.09 4.17 3.26 0.62 0.88 1.87 4 0 3.61 2.89 4.81 1.64 1.82 2.65 4.42 4.19 2.83 1.7 2.93 3.98 3.01 4.5 1.55 0.93 2.84 3.42 2.69 3.58 1.47 0.87 1.63 3.56 2.04 3.93 0.7 2.15 
1.03 0.44 0.97 0.56 1.68 1.95 2.09 2.8 2.64 0.59 1.34 1.35 0.63 3.55 3.34 2.76 2.78 0.83 3 3.29 3.29 0.91 3.61 0 0.85 1.95 2.06 2.8 1.9 0.83 0.81 2.01 1.94 2.2 0.56 0.78 3.47 2.25 2.72 3.18 2.03 2.24 2.98 2.44 2.75 3 3.15 1.96 2.81 2.95 1.56 
0.68 0.71 0.39 1.01 1.51 2.7 1.28 3.1 1.81 0.56 0.63 2.04 0.36 3.1 2.61 2.19 3.15 1.17 2.27 2.48 2.95 1.14 2.89 0.85 0 2.69 1.51 1.95 1.11 1.65 1.63 1.28 1.33 1.48 1.38 0.86 3.81 1.73 1.97 3.1 1.48 2.2 2.35 1.62 2.03 2.16 3.29 1.11 3.11 2.27 1.11 
2.42 1.99 2.59 1.7 3.51 0.04 3.96 1.89 4.26 2.17 3.27 2.17 2.35 4.16 4.6 3.75 1.66 1.66 4.29 4.78 3.7 2.66 4.81 1.95 2.69 0 3.19 4.55 3.8 1.61 1.2 3.94 3.2 4.13 1.42 1.99 2.26 3.26 4.07 3.02 3.98 2.38 4.93 4.04 4.07 4.71 2.53 3.7 1.89 4.12 2.72 
1.04 1.65 1.17 1.75 2.94 3.21 1.82 2.62 1.36 1.48 1.83 3.4 1.48 1.59 1.42 0.71 2.81 1.63 1.11 1.67 1.52 2.64 1.64 2.06 1.51 3.19 0 1.84 1.88 2.84 2.57 2.12 0.23 2.3 2.37 1.39 3.3 0.23 0.91 2 2.62 1.37 3.19 1.17 0.9 1.87 2.48 1.29 2.63 0.95 0.53 
2.15 2.59 1.96 2.86 2.52 4.56 0.86 4.41 0.52 2.4 1.61 3.85 2.24 2.89 1.56 2 4.57 2.91 1.4 0.98 3.1 2.79 1.82 2.8 1.95 4.55 1.84 0 1.11 3.59 3.57 1.2 1.66 1.22 3.32 2.56 5.11 1.98 1.22 3.8 1.76 3.19 1.77 0.67 1.31 0.26 4.31 0.86 4.42 1.64 2.02 
1.6 1.82 1.32 2.12 1.43 3.8 0.26 4.08 1.26 1.66 0.57 2.79 1.46 3.35 2.36 2.38 4.18 2.25 2.08 1.96 3.39 1.71 2.65 1.9 1.11 3.8 1.88 1.11 0 2.61 2.7 0.24 1.66 0.44 2.45 1.92 4.8 2.1 1.8 3.82 0.79 3.02 1.36 1.18 1.88 1.36 4.16 0.66 4.09 2.22 1.77 
1.82 1.2 1.79 1.14 1.97 1.59 2.83 3 3.45 1.39 2.04 0.71 1.45 4.27 4.16 3.54 2.89 1.36 3.82 4.11 3.95 1.12 4.42 0.83 1.65 1.61 2.84 3.59 2.61 0 0.53 2.68 2.74 2.85 0.56 1.48 3.58 3.02 3.53 3.67 2.56 2.77 3.52 3.26 3.57 3.8 3.48 2.76 3 3.75 2.33 
1.59 1.01 1.65 0.82 2.32 1.19 2.89 2.47 3.37 1.21 2.15 1.24 1.34 3.89 3.94 3.24 2.36 0.97 3.61 3.98 3.54 1.47 4.19 0.81 1.63 1.2 2.57 3.57 2.7 0.53 0 2.81 2.5 3 0.26 1.19 3.06 2.71 3.34 3.18 2.8 2.3 3.76 3.16 3.37 3.76 2.96 2.72 2.47 3.5 2.05 
1.81 1.98 1.51 2.28 1.32 3.94 0.4 4.3 1.42 1.83 0.68 2.8 1.63 3.58 2.55 2.61 4.38 2.43 2.28 2.11 3.62 1.72 2.83 2.01 1.28 3.94 2.12 1.2 0.24 2.68 2.81 0 1.9 0.22 2.56 2.11 5.01 2.34 2 4.05 0.59 3.25 1.13 1.37 2.09 1.46 4.38 0.88 4.3 2.43 2 
0.93 1.55 1.01 1.68 2.73 3.22 1.6 2.76 1.22 1.36 1.62 3.27 1.34 1.79 1.45 0.87 2.93 1.59 1.12 1.6 1.74 2.47 1.7 1.94 1.33 3.2 0.23 1.66 1.66 2.74 2.5 1.9 0 2.08 2.28 1.32 3.45 0.45 0.88 2.2 2.39 1.53 2.97 1.01 0.89 1.72 2.66 1.07 2.77 1.02 0.48 
2.02 2.18 1.73 2.48 1.36 4.14 0.51 4.51 1.51 2.04 0.87 2.93 1.84 3.73 2.65 2.76 4.59 2.64 2.39 2.16 3.8 1.85 2.93 2.2 1.48 4.13 2.3 1.22 0.44 2.85 3 0.22 2.08 0 2.75 2.32 5.22 2.52 2.13 4.25 0.55 3.45 0.92 1.48 2.22 1.47 4.59 1.04 4.51 2.56 2.2 
1.37 0.77 1.41 0.62 2.13 1.41 2.64 2.52 3.12 0.97 1.9 1.25 1.09 3.74 3.72 3.05 2.44 0.82 3.39 3.74 3.41 1.29 3.98 0.56 1.38 1.42 2.37 3.32 2.45 0.56 0.26 2.56 2.28 2.75 0 0.98 3.14 2.52 3.12 3.12 2.57 2.22 3.52 2.92 3.14 3.51 2.96 2.47 2.52 3.29 1.84 
0.43 0.36 0.63 0.37 2.23 2.01 2.04 2.26 2.28 0.33 1.48 2.09 0.52 2.8 2.76 2.07 2.3 0.35 2.43 2.84 2.52 1.6 3.01 0.78 0.86 1.99 1.39 2.56 1.92 1.48 1.19 2.11 1.32 2.32 0.98 0 2.97 1.55 2.17 2.43 2.33 1.5 3.2 2.06 2.19 2.72 2.5 1.72 2.26 2.32 0.87 
3.21 3.22 3.51 2.95 5.13 2.3 4.86 0.72 4.65 3.28 4.43 4.26 3.48 3.31 4.42 3.47 0.71 2.71 4.22 4.89 2.76 4.37 4.5 3.47 3.81 2.26 3.3 5.11 4.8 3.58 3.06 5.01 3.45 5.22 3.14 2.97 0 3.21 4.14 1.74 5.29 1.94 6.13 4.46 4.09 5.16 0.97 4.4 0.71 3.95 3.12 
1.23 1.83 1.38 1.91 3.17 3.29 2.03 2.55 1.48 1.67 2.06 3.59 1.69 1.37 1.35 0.53 2.76 1.76 1.07 1.69 1.3 2.86 1.55 2.25 1.73 3.26 0.23 1.98 2.1 3.02 2.71 2.34 0.45 2.52 2.52 1.55 3.21 0 0.94 1.83 2.84 1.29 3.4 1.31 0.9 1.98 2.36 1.49 2.56 0.86 0.7 
1.76 2.36 1.75 2.53 3.14 4.09 1.62 3.49 0.72 2.16 2.02 4 2.09 1.68 0.64 0.8 3.7 2.46 0.31 0.76 1.89 3.08 0.93 2.72 1.97 4.07 0.91 1.22 1.8 3.53 3.34 2 0.88 2.13 3.12 2.17 4.14 0.94 0 2.67 2.58 2.22 2.89 0.65 0.1 1.15 3.27 1.16 3.5 0.45 1.35 
2.43 2.78 2.73 2.64 4.6 3.06 3.79 1.35 3.3 2.73 3.62 4.37 2.87 1.57 2.81 1.9 1.66 2.36 2.67 3.36 1.03 4.03 2.84 3.18 3.1 3.02 2 3.8 3.82 3.67 3.18 4.05 2.2 4.25 3.12 2.43 1.74 1.83 2.67 0 4.48 0.94 5.16 3.13 2.6 3.79 0.78 3.27 1.37 2.38 2.08 
2.12 2.12 1.81 2.42 0.85 3.97 0.98 4.58 2.01 2.02 0.88 2.53 1.82 4.12 3.14 3.15 4.63 2.62 2.87 2.69 4.13 1.48 3.42 2.03 1.48 3.98 2.62 1.76 0.79 2.56 2.8 0.59 2.39 0.55 2.57 2.33 5.29 2.84 2.58 4.48 0 3.63 0.96 1.96 2.67 2.01 4.74 1.44 4.58 3.01 2.41 
1.54 1.85 1.84 1.71 3.69 2.41 3.03 1.27 2.73 1.8 2.76 3.46 1.95 1.8 2.56 1.61 1.5 1.44 2.32 2.97 1.33 3.1 2.69 2.24 2.2 2.38 1.37 3.19 3.02 2.77 2.3 3.25 1.53 3.45 2.22 1.5 1.94 1.29 2.22 0.94 3.63 0 4.37 2.53 2.18 3.23 1.15 2.53 1.28 2.07 1.26 
2.93 3.03 2.63 3.33 1.68 4.93 1.38 5.42 2.2 2.91 1.73 3.44 2.7 4.55 3.32 3.6 5.49 3.51 3.12 2.74 4.66 2.42 3.58 2.98 2.35 4.93 3.19 1.77 1.36 3.52 3.76 1.13 2.97 0.92 3.52 3.2 6.13 3.4 2.89 5.16 0.96 4.37 0 2.24 2.98 1.97 5.51 1.91 5.42 3.33 3.12 
1.63 2.16 1.51 2.39 2.57 4.06 0.99 3.77 0.22 1.96 1.49 3.63 1.83 2.31 1.19 1.38 3.94 2.39 0.92 0.88 2.47 2.64 1.47 2.44 1.62 4.04 1.17 0.67 1.18 3.26 3.16 1.37 1.01 1.48 2.92 2.06 4.46 1.31 0.65 3.13 1.96 2.53 2.24 0 0.75 0.71 3.65 0.59 3.78 1.1 1.41 
1.78 2.39 1.79 2.55 3.22 4.09 1.71 3.44 0.81 2.19 2.09 4.05 2.13 1.59 0.59 0.72 3.66 2.47 0.25 0.8 1.81 3.14 0.87 2.75 2.03 4.07 0.9 1.31 1.88 3.57 3.37 2.09 0.89 2.22 3.14 2.19 4.09 0.9 0.1 2.6 2.67 2.18 2.98 0.75 0 1.23 3.21 1.24 3.46 0.36 1.36 
2.3 2.77 2.13 3.03 2.77 4.72 1.11 4.47 0.51 2.57 1.85 4.09 2.43 2.79 1.4 1.94 4.65 3.06 1.28 0.77 3.04 3.03 1.63 3 2.16 4.71 1.87 0.26 1.36 3.8 3.76 1.46 1.72 1.47 3.51 2.72 5.16 1.98 1.15 3.79 2.01 3.23 1.97 0.71 1.23 0 4.34 1.05 4.48 1.54 2.11 
2.63 2.81 2.94 2.6 4.72 2.57 4.18 0.67 3.84 2.82 3.87 4.19 3 2.34 3.49 2.56 0.97 2.33 3.32 4 1.8 4.05 3.56 3.15 3.29 2.53 2.48 4.31 4.16 3.48 2.96 4.38 2.66 4.59 2.96 2.5 0.97 2.36 3.27 0.78 4.74 1.15 5.51 3.65 3.21 4.34 0 3.68 0.68 3.04 2.41 
1.32 1.74 1.11 2 2 3.71 0.54 3.69 0.74 1.54 0.91 3.08 1.38 2.7 1.75 1.73 3.82 2.06 1.45 1.45 2.76 2.06 2.04 1.96 1.11 3.7 1.29 0.86 0.66 2.76 2.72 0.88 1.07 1.04 2.47 1.72 4.4 1.49 1.16 3.27 1.44 2.53 1.91 0.59 1.24 1.05 3.68 0 3.7 1.57 1.29 
2.5 2.53 2.8 2.27 4.45 1.92 4.15 0.02 3.98 2.58 3.72 3.7 2.78 2.85 3.82 2.87 0.3 2.02 3.6 4.25 2.31 3.71 3.93 2.81 3.11 1.89 2.63 4.42 4.09 3 2.47 4.3 2.77 4.51 2.52 2.26 0.71 2.56 3.5 1.37 4.58 1.28 5.42 3.78 3.46 4.48 0.68 3.7 0 3.34 2.42 
1.94 2.56 2 2.69 3.53 4.14 2.06 3.33 1.15 2.37 2.39 4.26 2.34 1.25 0.5 0.49 3.57 2.57 0.3 0.99 1.52 3.4 0.7 2.95 2.27 4.12 0.95 1.64 2.22 3.75 3.5 2.43 1.02 2.56 3.29 2.32 3.95 0.86 0.45 2.38 3.01 2.07 3.33 1.1 0.36 1.54 3.04 1.57 3.34 0 1.46 
0.54 1.14 0.73 1.23 2.6 2.74 1.78 2.41 1.62 0.97 1.56 2.9 1.01 2.03 1.92 1.22 2.55 1.12 1.59 2.07 1.85 2.2 2.15 1.56 1.11 2.72 0.53 2.02 1.77 2.33 2.05 2 0.48 2.2 1.84 0.87 3.12 0.7 1.35 2.08 2.41 1.26 3.12 1.41 1.36 2.11 2.41 1.29 2.42 1.46 0 
