Number_Of_Customers: 50
Vehicle_Capacity:    50
Alpha:               0.75
Number_Of_Scenarios: 3

Location_Coordinates:
0 0 0
1 1.87138 2.35022
2 0.225809 0.167853
3 1.10866 -1.79687
4 -0.0179738 -2.08649
5 2.43631 2.08
6 -1.40293 0.980303
7 0.945954 -1.35357
8 0.479884 0.412736
9 1.85812 -0.654341
10 2.49046 2.11723
11 -0.750369 -1.45969
12 1.92679 -1.3809
13 1.19387 0.292094
14 -0.779866 -2.21569
15 0.84025 2.0743
16 -2.23749 -0.416222
17 -0.450777 -1.20424
18 0.372557 1.56462
19 1.53378 -1.81589
20 0.260794 -1.84246
21 -1.28691 0.913942
22 0.631593 0.187061
23 -1.07149 1.40019
24 -2.03559 -2.16019
25 -1.39357 -1.8057
26 1.51897 -0.654757
27 0.494427 -0.169282
28 -0.125906 -1.10587
29 -1.37057 -0.0923558
30 -2.22379 -0.272638
31 -2.23353 1.13116
32 1.41567 -1.81777
33 -1.3152 0.401316
34 -0.0736512 2.14444
35 1.58238 0.117473
36 -0.633511 -2.42622
37 2.4608 -1.40391
38 -0.452842 -0.920877
39 -2.18267 0.918132
40 1.05283 -0.0298055
41 -0.940676 0.0614782
42 -1.73555 0.55563
43 -1.52433 0.579117
44 -1.78261 -0.385191
45 1.09507 -0.221315
46 0.355319 1.84319
47 -1.51882 -1.88624
48 -1.97908 -2.41651
49 0.704106 -1.09197
50 2.25211 1.27555

Demand_per_scenario:
1 6 9 11
2 4 6 7
3 5 7 9
4 3 4 5
5 5 7 9
6 3 4 5
7 4 6 7
8 4 5 6
9 5 7 9
10 4 5 7
11 4 5 7
12 4 5 7
13 4 5 7
14 5 7 9
15 5 6 8
16 3 4 5
17 3 4 5
18 3 4 5
19 4 5 7
20 4 6 7
21 4 6 7
22 4 6 7
23 4 5 7
24 5 6 8
25 5 6 8
26 3 3 4
27 3 5 6
28 4 5 6
29 3 4 5
30 4 5 6
31 4 5 6
32 3 4 6
33 3 4 5
34 5 6 8
35 4 6 7
36 6 8 10
37 4 5 6
38 5 7 9
39 3 4 5
40 3 4 5
41 3 4 5
42 5 7 9
43 4 5 7
44 4 5 6
45 4 5 6
46 3 3 4
47 4 6 8
48 3 4 5
49 5 7 9
50 5 7 9

Probability_of_each_scenario_occuring:
0.333333 0.333333 0.333333 

Travel_Costs:
0 3.01 0.29 2.12 2.09 3.21 1.72 1.66 0.64 1.97 3.27 1.65 2.38 1.23 2.35 2.24 2.28 1.29 1.61 2.38 1.87 1.58 0.66 1.77 2.97 2.29 1.66 0.53 1.12 1.38 2.25 2.51 2.31 1.38 2.15 1.59 2.51 2.84 1.03 2.37 1.06 0.95 1.83 1.64 1.83 1.12 1.88 2.43 3.13 1.3 2.59 
3.01 0 2.74 4.22 4.83 0.63 3.55 3.82 2.39 3.01 0.67 4.63 3.74 2.17 5.28 1.07 4.96 4.25 1.7 4.18 4.5 3.47 2.5 3.1 5.97 5.29 3.03 2.88 4 4.06 4.87 4.29 4.2 3.74 1.96 2.26 5.4 3.81 4.02 4.3 2.52 3.63 4.03 3.83 4.57 2.69 1.6 5.43 6.13 3.64 1.15 
0.29 2.74 0 2.16 2.27 2.93 1.83 1.69 0.36 1.83 2.99 1.9 2.31 0.98 2.59 2.01 2.54 1.53 1.41 2.38 2.02 1.69 0.41 1.79 3.25 2.56 1.54 0.44 1.33 1.62 2.49 2.65 2.32 1.56 2 1.36 2.74 2.74 1.29 2.53 0.86 1.18 2 1.8 2.09 0.96 1.69 2.7 3.4 1.35 2.31 
2.12 4.22 2.16 0 1.17 4.1 3.75 0.48 2.3 1.37 4.16 1.89 0.92 2.1 1.94 3.89 3.62 1.67 3.45 0.43 0.85 3.62 2.05 3.87 3.17 2.51 1.22 1.74 1.42 3.01 3.67 4.45 0.31 3.28 4.12 1.98 1.86 1.41 1.8 4.27 1.77 2.77 3.7 3.55 3.22 1.58 3.72 2.63 3.15 0.82 3.28 
2.09 4.83 2.27 1.17 0 4.84 3.37 1.22 2.55 2.37 4.9 0.97 2.07 2.67 0.78 4.25 2.78 0.99 3.68 1.58 0.38 3.26 2.37 3.65 2.02 1.41 2.11 1.99 0.99 2.41 2.86 3.91 1.46 2.81 4.24 2.73 0.71 2.58 1.25 3.71 2.32 2.34 3.16 3.07 2.46 2.18 3.95 1.52 1.99 1.23 4.06 
3.21 0.63 2.93 4.1 4.84 0 4 3.75 2.58 2.8 0.07 4.77 3.5 2.18 5.37 1.6 5.3 4.38 2.13 4 4.49 3.91 2.62 3.58 6.17 5.46 2.89 2.98 4.09 4.39 5.23 4.77 4.03 4.11 2.52 2.15 5.46 3.49 4.17 4.77 2.53 3.94 4.45 4.24 4.89 2.67 2.1 5.61 6.31 3.62 0.83 
1.72 3.55 1.83 3.75 3.37 4 0 3.32 1.97 3.65 4.06 2.53 4.09 2.69 3.26 2.5 1.63 2.39 1.87 4.06 3.28 0.14 2.19 0.54 3.21 2.79 3.35 2.22 2.45 1.08 1.5 0.85 3.98 0.59 1.77 3.11 3.5 4.55 2.13 0.79 2.66 1.03 0.54 0.42 1.42 2.78 1.96 2.87 3.45 2.96 3.67 
1.66 3.82 1.69 0.48 1.22 3.75 3.32 0 1.83 1.15 3.8 1.7 0.99 1.67 1.93 3.43 3.32 1.41 2.98 0.75 0.85 3.19 1.58 3.42 3.09 2.39 0.91 1.27 1.11 2.64 3.35 4.04 0.67 2.87 3.65 1.61 1.91 1.52 1.47 3.87 1.33 2.36 3.3 3.14 2.9 1.15 3.26 2.53 3.12 0.36 2.94 
0.64 2.39 0.36 2.3 2.55 2.58 1.97 1.83 0 1.75 2.64 2.25 2.31 0.73 2.92 1.71 2.85 1.87 1.16 2.47 2.27 1.84 0.28 1.84 3.6 2.91 1.49 0.59 1.64 1.92 2.79 2.81 2.42 1.8 1.82 1.15 3.05 2.69 1.63 2.72 0.73 1.47 2.23 2.02 2.4 0.89 1.44 3.05 3.75 1.53 1.98 
1.97 3.01 1.83 1.37 2.37 2.8 3.65 1.15 1.75 0 2.85 2.73 0.73 1.16 3.07 2.92 4.11 2.38 2.68 1.21 2 3.52 1.49 3.58 4.18 3.45 0.34 1.45 2.04 3.28 4.1 4.47 1.25 3.35 3.41 0.82 3.06 0.97 2.33 4.34 1.02 2.89 3.8 3.61 3.66 0.88 2.92 3.6 4.23 1.24 1.97 
3.27 0.67 2.99 4.16 4.9 0.07 4.06 3.8 2.64 2.85 0 4.83 3.55 2.24 5.43 1.66 5.37 4.44 2.19 4.05 4.55 3.97 2.68 3.64 6.23 5.53 2.94 3.04 4.16 4.45 5.29 4.83 4.08 4.18 2.57 2.2 5.52 3.53 4.24 4.83 2.59 4 4.51 4.3 4.96 2.73 2.16 5.67 6.37 3.68 0.88 
1.65 4.63 1.9 1.89 0.97 4.77 2.53 1.7 2.25 2.73 4.83 0 2.68 2.62 0.76 3.88 1.82 0.4 3.23 2.32 1.09 2.44 2.15 2.88 1.47 0.74 2.41 1.8 0.72 1.51 1.9 2.99 2.2 1.95 3.67 2.82 0.98 3.22 0.62 2.78 2.31 1.54 2.25 2.19 1.49 2.23 3.49 0.88 1.56 1.51 4.07 
2.38 3.74 2.31 0.92 2.07 3.5 4.09 0.99 2.31 0.73 3.55 2.68 0 1.83 2.84 3.63 4.28 2.39 3.34 0.59 1.73 3.95 2.04 4.09 4.04 3.35 0.84 1.88 2.08 3.55 4.3 4.86 0.68 3.7 4.06 1.54 2.77 0.54 2.43 4.71 1.61 3.21 4.15 3.97 3.85 1.43 3.59 3.49 4.05 1.26 2.68 
1.23 2.17 0.98 2.1 2.67 2.18 2.69 1.67 0.73 1.16 2.24 2.62 1.83 0 3.2 1.82 3.51 2.23 1.52 2.14 2.33 2.56 0.58 2.53 4.06 3.34 1.01 0.84 1.93 2.6 3.47 3.53 2.13 2.52 2.25 0.43 3.28 2.12 2.05 3.44 0.36 2.15 2.95 2.74 3.06 0.53 1.77 3.48 4.18 1.47 1.45 
2.35 5.28 2.59 1.94 0.78 5.37 3.26 1.93 2.92 3.07 5.43 0.76 2.84 3.2 0 4.59 2.32 1.07 3.96 2.35 1.11 3.18 2.79 3.63 1.26 0.74 2.78 2.42 1.29 2.21 2.43 3.65 2.24 2.68 4.42 3.33 0.26 3.35 1.34 3.44 2.86 2.29 2.94 2.9 2.09 2.74 4.22 0.81 1.22 1.87 4.63 
2.24 1.07 2.01 3.89 4.25 1.6 2.5 3.43 1.71 2.92 1.66 3.88 3.63 1.82 4.59 0 3.96 3.53 0.7 3.96 3.96 2.43 1.9 2.03 5.12 4.48 2.82 2.28 3.33 3.1 3.86 3.22 3.94 2.73 0.92 2.1 4.74 3.84 3.27 3.24 2.12 2.69 3 2.8 3.6 2.31 0.54 4.61 5.31 3.17 1.63 
2.28 4.96 2.54 3.62 2.78 5.3 1.63 3.32 2.85 4.11 5.37 1.82 4.28 3.51 2.32 3.96 0 1.96 3.28 4.03 2.88 1.64 2.94 2.16 1.76 1.63 3.77 2.75 2.23 0.93 0.15 1.55 3.92 1.24 3.36 3.86 2.58 4.81 1.86 1.34 3.32 1.39 1.1 1.23 0.46 3.34 3.44 1.64 2.02 3.02 4.8 
1.29 4.25 1.53 1.67 0.99 4.38 2.39 1.41 1.87 2.38 4.44 0.4 2.39 2.23 1.07 3.53 1.96 0 2.89 2.08 0.96 2.28 1.77 2.68 1.86 1.12 2.05 1.41 0.34 1.45 2.01 2.94 1.97 1.83 3.37 2.43 1.24 2.92 0.29 2.74 1.91 1.36 2.18 2.09 1.57 1.84 3.16 1.27 1.96 1.17 3.67 
1.61 1.7 1.41 3.45 3.68 2.13 1.87 2.98 1.16 2.68 2.19 3.23 3.34 1.52 3.96 0.7 3.28 2.89 0 3.58 3.41 1.79 1.41 1.46 4.44 3.81 2.5 1.74 2.72 2.41 3.19 2.65 3.54 2.05 0.74 1.89 4.12 3.63 2.62 2.64 1.74 2 2.34 2.14 2.91 1.93 0.28 3.94 4.63 2.68 1.91 
2.38 4.18 2.38 0.43 1.58 4 4.06 0.75 2.47 1.21 4.05 2.32 0.59 2.14 2.35 3.96 4.03 2.08 3.58 0 1.28 3.93 2.2 4.14 3.59 2.93 1.17 1.95 1.81 3.38 4.07 4.79 0.12 3.62 4.28 1.94 2.26 1.02 2.18 4.62 1.85 3.11 4.04 3.89 3.62 1.66 3.85 3.06 3.57 1.11 3.18 
1.87 4.5 2.02 0.85 0.38 4.49 3.28 0.85 2.27 2 4.55 1.09 1.73 2.33 1.11 3.96 2.88 0.96 3.41 1.28 0 3.17 2.07 3.51 2.32 1.66 1.74 1.69 0.84 2.4 2.94 3.89 1.16 2.75 4.01 2.37 1.07 2.25 1.17 3.69 1.98 2.26 3.13 3.01 2.51 1.83 3.69 1.79 2.32 0.88 3.7 
1.58 3.47 1.69 3.62 3.26 3.91 0.14 3.19 1.84 3.52 3.97 2.44 3.95 2.56 3.18 2.43 1.64 2.28 1.79 3.93 3.17 0 2.06 0.54 3.17 2.73 3.22 2.09 2.33 1.01 1.52 0.98 3.85 0.52 1.73 2.98 3.41 4.41 2.02 0.9 2.53 0.93 0.58 0.42 1.4 2.64 1.89 2.81 3.41 2.83 3.56 
0.66 2.5 0.41 2.05 2.37 2.62 2.19 1.58 0.28 1.49 2.68 2.15 2.04 0.58 2.79 1.9 2.94 1.77 1.41 2.2 2.07 2.06 0 2.1 3.56 2.85 1.23 0.39 1.5 2.03 2.9 3.02 2.16 1.96 2.09 0.96 2.91 2.43 1.56 2.91 0.48 1.58 2.4 2.2 2.49 0.62 1.68 2.99 3.69 1.29 1.96 
1.77 3.1 1.79 3.87 3.65 3.58 0.54 3.42 1.84 3.58 3.64 2.88 4.09 2.53 3.63 2.03 2.16 2.68 1.46 4.14 3.51 0.54 2.1 0 3.69 3.23 3.31 2.22 2.68 1.53 2.04 1.2 4.07 1.03 1.25 2.95 3.86 4.51 2.41 1.22 2.57 1.35 1.08 0.94 1.93 2.71 1.5 3.32 3.93 3.07 3.33 
2.97 5.97 3.25 3.17 2.02 6.17 3.21 3.09 3.6 4.18 6.23 1.47 4.04 4.06 1.26 5.12 1.76 1.86 4.44 3.59 2.32 3.17 3.56 3.69 0 0.74 3.87 3.22 2.19 2.18 1.9 3.3 3.47 2.67 4.74 4.28 1.43 4.56 2.02 3.09 3.76 2.48 2.74 2.79 1.8 3.69 4.67 0.59 0.27 2.95 5.5 
2.29 5.29 2.56 2.51 1.41 5.46 2.79 2.39 2.91 3.45 5.53 0.74 3.35 3.34 0.74 4.48 1.63 1.12 3.81 2.93 1.66 2.73 2.85 3.23 0.74 0 3.14 2.5 1.45 1.72 1.75 3.06 2.81 2.21 4.17 3.55 0.99 3.88 1.3 2.84 3.03 1.93 2.39 2.39 1.48 2.96 4.05 0.15 0.85 2.22 4.78 
1.66 3.03 1.54 1.22 2.11 2.89 3.35 0.91 1.49 0.34 2.94 2.41 0.84 1.01 2.78 2.82 3.77 2.05 2.5 1.17 1.74 3.22 1.23 3.31 3.87 3.14 0 1.14 1.71 2.95 3.77 4.16 1.17 3.03 3.23 0.78 2.79 1.21 1.99 4.03 0.78 2.57 3.48 3.29 3.32 0.61 2.76 3.28 3.92 0.93 2.07 
0.53 2.88 0.44 1.74 1.99 2.98 2.22 1.27 0.59 1.45 3.04 1.8 1.88 0.84 2.42 2.28 2.75 1.41 1.74 1.95 1.69 2.09 0.39 2.22 3.22 2.5 1.14 0 1.13 1.87 2.73 3.03 1.89 1.9 2.39 1.13 2.53 2.33 1.21 2.89 0.58 1.46 2.35 2.16 2.29 0.61 2.02 2.65 3.35 0.95 2.28 
1.12 4 1.33 1.42 0.99 4.09 2.45 1.11 1.64 2.04 4.16 0.72 2.08 1.93 1.29 3.33 2.23 0.34 2.72 1.81 0.84 2.33 1.5 2.68 2.19 1.45 1.71 1.13 0 1.61 2.26 3.08 1.7 1.92 3.26 2.11 1.42 2.61 0.38 2.89 1.6 1.43 2.32 2.19 1.81 1.51 2.99 1.6 2.27 0.84 3.37 
1.38 4.06 1.62 3.01 2.41 4.39 1.08 2.64 1.92 3.28 4.45 1.51 3.55 2.6 2.21 3.1 0.93 1.45 2.41 3.38 2.4 1.01 2.03 1.53 2.18 1.72 2.95 1.87 1.61 0 0.88 1.5 3.28 0.5 2.59 2.97 2.45 4.05 1.24 1.3 2.43 0.46 0.75 0.69 0.51 2.47 2.6 1.8 2.41 2.31 3.88 
2.25 4.87 2.49 3.67 2.86 5.23 1.5 3.35 2.79 4.1 5.29 1.9 4.3 3.47 2.43 3.86 0.15 2.01 3.19 4.07 2.94 1.52 2.9 2.04 1.9 1.75 3.77 2.73 2.26 0.88 0 1.41 3.96 1.14 3.24 3.83 2.68 4.82 1.89 1.2 3.29 1.33 0.97 1.11 0.46 3.32 3.34 1.77 2.16 3.05 4.74 
2.51 4.29 2.65 4.45 3.91 4.77 0.85 4.04 2.81 4.47 4.83 2.99 4.86 3.53 3.65 3.22 1.55 2.94 2.65 4.79 3.89 0.98 3.02 1.2 3.3 3.06 4.16 3.03 3.08 1.5 1.41 0 4.7 1.18 2.39 3.95 3.91 5.34 2.72 0.22 3.49 1.68 0.77 0.9 1.59 3.6 2.69 3.11 3.56 3.69 4.49 
2.31 4.2 2.32 0.31 1.46 4.03 3.98 0.67 2.42 1.25 4.08 2.2 0.68 2.13 2.24 3.94 3.92 1.97 3.54 0.12 1.16 3.85 2.16 4.07 3.47 2.81 1.17 1.89 1.7 3.28 3.96 4.7 0 3.52 4.24 1.95 2.14 1.13 2.08 4.53 1.83 3.02 3.95 3.8 3.51 1.63 3.82 2.94 3.45 1.02 3.21 
1.38 3.74 1.56 3.28 2.81 4.11 0.59 2.87 1.8 3.35 4.18 1.95 3.7 2.52 2.68 2.73 1.24 1.83 2.05 3.62 2.75 0.52 1.96 1.03 2.67 2.21 3.03 1.9 1.92 0.5 1.14 1.18 3.52 0 2.15 2.92 2.91 4.19 1.58 1.01 2.41 0.51 0.45 0.28 0.92 2.49 2.21 2.3 2.9 2.52 3.68 
2.15 1.96 2 4.12 4.24 2.52 1.77 3.65 1.82 3.41 2.57 3.67 4.06 2.25 4.42 0.92 3.36 3.37 0.74 4.28 4.01 1.73 2.09 1.25 4.74 4.17 3.23 2.39 3.26 2.59 3.24 2.39 4.24 2.15 0 2.62 4.61 4.37 3.09 2.44 2.45 2.26 2.3 2.14 3.06 2.64 0.53 4.29 4.95 3.33 2.49 
1.59 2.26 1.36 1.98 2.73 2.15 3.11 1.61 1.15 0.82 2.2 2.82 1.54 0.43 3.33 2.1 3.86 2.43 1.89 1.94 2.37 2.98 0.96 2.95 4.28 3.55 0.78 1.13 2.11 2.97 3.83 3.95 1.95 2.92 2.62 0 3.38 1.76 2.29 3.85 0.55 2.53 3.35 3.15 3.41 0.6 2.12 3.7 4.38 1.5 1.34 
2.51 5.4 2.74 1.86 0.71 5.46 3.5 1.91 3.05 3.06 5.52 0.98 2.77 3.28 0.26 4.74 2.58 1.24 4.12 2.26 1.07 3.41 2.91 3.86 1.43 0.99 2.79 2.53 1.42 2.45 2.68 3.91 2.14 2.91 4.61 3.38 0 3.26 1.52 3.69 2.94 2.51 3.18 3.14 2.35 2.81 4.39 1.04 1.35 1.89 4.7 
2.84 3.81 2.74 1.41 2.58 3.49 4.55 1.52 2.69 0.97 3.53 3.22 0.54 2.12 3.35 3.84 4.81 2.92 3.63 1.02 2.25 4.41 2.43 4.51 4.56 3.88 1.21 2.33 2.61 4.05 4.82 5.34 1.13 4.19 4.37 1.76 3.26 0 2.96 5.2 1.97 3.71 4.64 4.46 4.37 1.81 3.87 4.01 4.56 1.79 2.69 
1.03 4.02 1.29 1.8 1.25 4.17 2.13 1.47 1.63 2.33 4.24 0.62 2.43 2.05 1.34 3.27 1.86 0.29 2.62 2.18 1.17 2.02 1.56 2.41 2.02 1.3 1.99 1.21 0.38 1.24 1.89 2.72 2.08 1.58 3.09 2.29 1.52 2.96 0 2.53 1.75 1.1 1.96 1.85 1.44 1.7 2.88 1.44 2.14 1.17 3.49 
2.37 4.3 2.53 4.27 3.71 4.77 0.79 3.87 2.72 4.34 4.83 2.78 4.71 3.44 3.44 3.24 1.34 2.74 2.64 4.62 3.69 0.9 2.91 1.22 3.09 2.84 4.03 2.89 2.89 1.3 1.2 0.22 4.53 1.01 2.44 3.85 3.69 5.2 2.53 0 3.38 1.51 0.58 0.75 1.37 3.48 2.71 2.89 3.35 3.52 4.45 
1.06 2.52 0.86 1.77 2.32 2.53 2.66 1.33 0.73 1.02 2.59 2.31 1.61 0.36 2.86 2.12 3.32 1.91 1.74 1.85 1.98 2.53 0.48 2.57 3.76 3.03 0.78 0.58 1.6 2.43 3.29 3.49 1.83 2.41 2.45 0.55 2.94 1.97 1.75 3.38 0 2 2.85 2.65 2.86 0.2 2 3.18 3.86 1.12 1.78 
0.95 3.63 1.18 2.77 2.34 3.94 1.03 2.36 1.47 2.89 4 1.54 3.21 2.15 2.29 2.69 1.39 1.36 2 3.11 2.26 0.93 1.58 1.35 2.48 1.93 2.57 1.46 1.43 0.46 1.33 1.68 3.02 0.51 2.26 2.53 2.51 3.71 1.1 1.51 2 0 0.94 0.79 0.96 2.06 2.21 2.04 2.69 2.01 3.42 
1.83 4.03 2 3.7 3.16 4.45 0.54 3.3 2.23 3.8 4.51 2.25 4.15 2.95 2.94 3 1.1 2.18 2.34 4.04 3.13 0.58 2.4 1.08 2.74 2.39 3.48 2.35 2.32 0.75 0.97 0.77 3.95 0.45 2.3 3.35 3.18 4.64 1.96 0.58 2.85 0.94 0 0.22 0.95 2.94 2.46 2.46 2.99 2.95 4.06 
1.64 3.83 1.8 3.55 3.07 4.24 0.42 3.14 2.02 3.61 4.3 2.19 3.97 2.74 2.9 2.8 1.23 2.09 2.14 3.89 3.01 0.42 2.2 0.94 2.79 2.39 3.29 2.16 2.19 0.69 1.11 0.9 3.8 0.28 2.14 3.15 3.14 4.46 1.85 0.75 2.65 0.79 0.22 0 1 2.74 2.27 2.47 3.03 2.79 3.85 
1.83 4.57 2.09 3.22 2.46 4.89 1.42 2.9 2.4 3.66 4.96 1.49 3.85 3.06 2.09 3.6 0.46 1.57 2.91 3.62 2.51 1.4 2.49 1.93 1.8 1.48 3.32 2.29 1.81 0.51 0.46 1.59 3.51 0.92 3.06 3.41 2.35 4.37 1.44 1.37 2.86 0.96 0.95 1 0 2.89 3.09 1.53 2.05 2.59 4.37 
1.12 2.69 0.96 1.58 2.18 2.67 2.78 1.15 0.89 0.88 2.73 2.23 1.43 0.53 2.74 2.31 3.34 1.84 1.93 1.66 1.83 2.64 0.62 2.71 3.69 2.96 0.61 0.61 1.51 2.47 3.32 3.6 1.63 2.49 2.64 0.6 2.81 1.81 1.7 3.48 0.2 2.06 2.94 2.74 2.89 0 2.2 3.1 3.78 0.96 1.9 
1.88 1.6 1.69 3.72 3.95 2.1 1.96 3.26 1.44 2.92 2.16 3.49 3.59 1.77 4.22 0.54 3.44 3.16 0.28 3.85 3.69 1.89 1.68 1.5 4.67 4.05 2.76 2.02 2.99 2.6 3.34 2.69 3.82 2.21 0.53 2.12 4.39 3.87 2.88 2.71 2 2.21 2.46 2.27 3.09 2.2 0 4.18 4.86 2.96 1.98 
2.43 5.43 2.7 2.63 1.52 5.61 2.87 2.53 3.05 3.6 5.67 0.88 3.49 3.48 0.81 4.61 1.64 1.27 3.94 3.06 1.79 2.81 2.99 3.32 0.59 0.15 3.28 2.65 1.6 1.8 1.77 3.11 2.94 2.3 4.29 3.7 1.04 4.01 1.44 2.89 3.18 2.04 2.46 2.47 1.53 3.1 4.18 0 0.71 2.37 4.93 
3.13 6.13 3.4 3.15 1.99 6.31 3.45 3.12 3.75 4.23 6.37 1.56 4.05 4.18 1.22 5.31 2.02 1.96 4.63 3.57 2.32 3.41 3.69 3.93 0.27 0.85 3.92 3.35 2.27 2.41 2.16 3.56 3.45 2.9 4.95 4.38 1.35 4.56 2.14 3.35 3.86 2.69 2.99 3.03 2.05 3.78 4.86 0.71 0 3 5.62 
1.3 3.64 1.35 0.82 1.23 3.62 2.96 0.36 1.53 1.24 3.68 1.51 1.26 1.47 1.87 3.17 3.02 1.17 2.68 1.11 0.88 2.83 1.29 3.07 2.95 2.22 0.93 0.95 0.84 2.31 3.05 3.69 1.02 2.52 3.33 1.5 1.89 1.79 1.17 3.52 1.12 2.01 2.95 2.79 2.59 0.96 2.96 2.37 3 0 2.83 
2.59 1.15 2.31 3.28 4.06 0.83 3.67 2.94 1.98 1.97 0.88 4.07 2.68 1.45 4.63 1.63 4.8 3.67 1.91 3.18 3.7 3.56 1.96 3.33 5.5 4.78 2.07 2.28 3.37 3.88 4.74 4.49 3.21 3.68 2.49 1.34 4.7 2.69 3.49 4.45 1.78 3.42 4.06 3.85 4.37 1.9 1.98 4.93 5.62 2.83 0 
