Number_Of_Customers: 30
Vehicle_Capacity:    50
Alpha:               0.75
Number_Of_Scenarios: 10

Location_Coordinates:
0 0 0
1 -0.978962 1.58867
2 0.73773 -0.963582
3 0.0851136 0.50391
4 -0.781281 -0.986099
5 1.63935 2.47762
6 1.40883 -1.72504
7 2.32932 -1.0535
8 -1.12281 -1.06512
9 -1.42363 -1.99569
10 -1.53278 -1.41098
11 0.607554 1.16675
12 -0.389608 1.85475
13 -2.15662 -1.2826
14 -1.61623 1.08846
15 -1.21101 1.55508
16 1.18845 -0.657948
17 1.87257 2.22521
18 -0.87658 2.32751
19 -1.46782 0.274864
20 -0.353886 2.24594
21 -2.40385 -1.49034
22 1.85938 0.671067
23 -1.37134 1.83322
24 1.00885 0.700315
25 0.202088 1.49503
26 1.95736 2.32816
27 -0.556613 -0.00241791
28 -0.637894 -1.08613
29 0.367862 -2.35113
30 -0.418474 1.70474

Demand_per_scenario:
1 7 5 4 8 8 7 7 6 7 6
2 3 1 3 5 2 1 4 3 2 3
3 8 7 7 8 8 7 5 8 7 7
4 6 6 5 5 6 4 5 6 5 5
5 6 4 4 6 6 6 6 6 7 5
6 3 6 5 5 6 5 6 4 2 5
7 7 6 5 6 5 6 7 9 7 6
8 7 9 8 7 8 7 7 8 8 8
9 7 9 8 9 8 8 7 9 7 10
10 6 6 6 6 6 5 5 7 7 6
11 7 6 6 7 5 5 7 7 4 6
12 6 6 6 6 6 5 5 7 7 8
13 6 4 3 4 6 3 3 3 5 3
14 7 5 5 6 7 4 7 7 6 6
15 3 4 4 4 3 4 4 4 4 4
16 9 7 6 8 8 7 9 8 6 7
17 5 7 6 5 4 7 6 6 8 7
18 7 5 6 6 6 6 7 5 8 6
19 5 6 7 5 4 6 6 6 7 7
20 9 9 7 9 9 7 9 6 7 9
21 4 4 6 7 5 6 6 5 5 4
22 5 6 4 8 7 6 7 4 5 4
23 6 5 8 5 7 8 5 7 5 6
24 6 7 7 5 6 4 7 4 4 6
25 2 3 2 4 2 4 2 5 5 2
26 6 6 5 6 6 7 4 5 5 7
27 8 5 9 7 6 7 7 7 6 7
28 5 8 8 4 8 6 6 8 6 5
29 5 5 6 5 6 6 6 4 4 6
30 6 2 5 3 4 6 2 4 3 4

Probability_of_each_scenario_occuring:
0.1 0.1 0.1 0.1 0.1 0.1 0.1 0.1 0.1 0.1 

Travel_Costs:
0 1.87 1.22 0.52 1.26 2.98 2.23 2.56 1.55 2.46 2.09 1.32 1.9 2.51 1.95 1.98 1.36 2.91 2.49 1.5 2.28 2.83 1.98 2.29 1.23 1.51 3.05 0.56 1.26 2.38 1.76 
1.87 0 3.08 1.52 2.59 2.77 4.09 4.24 2.66 3.62 3.06 1.65 0.65 3.11 0.82 0.24 3.13 2.93 0.75 1.41 0.91 3.4 2.99 0.47 2.18 1.19 3.03 1.65 2.7 4.17 0.58 
1.22 3.08 0 1.61 1.52 3.56 1.02 1.6 1.87 2.4 2.32 2.14 3.04 2.92 3.13 3.19 0.55 3.39 3.67 2.53 3.4 3.19 1.99 3.51 1.69 2.52 3.52 1.62 1.39 1.44 2.91 
0.52 1.52 1.61 0 1.73 2.52 2.6 2.74 1.99 2.92 2.51 0.85 1.44 2.87 1.8 1.67 1.61 2.49 2.07 1.57 1.8 3.19 1.79 1.98 0.95 1 2.62 0.82 1.75 2.87 1.31 
1.26 2.59 1.52 1.73 0 4.23 2.32 3.12 0.36 1.2 0.87 2.57 2.87 1.41 2.24 2.58 2 4.17 3.32 1.44 3.27 1.7 3.12 2.89 2.46 2.67 4.3 1.01 0.18 1.79 2.72 
2.98 2.77 3.56 2.52 4.23 0 4.21 3.6 4.5 5.43 5.02 1.67 2.13 5.35 3.54 3 3.17 0.35 2.53 3.81 2.01 5.67 1.82 3.08 1.89 1.75 0.36 3.32 4.23 5 2.2 
2.23 4.09 1.02 2.6 2.32 4.21 0 1.14 2.62 2.85 2.96 3.01 4.01 3.6 4.14 4.2 1.09 3.98 4.66 3.51 4.35 3.82 2.44 4.52 2.46 3.44 4.1 2.62 2.15 1.22 3.89 
2.56 4.24 1.6 2.74 3.12 3.6 1.14 0 3.46 3.87 3.88 2.81 3.99 4.5 4.49 4.4 1.21 3.32 4.66 4.03 4.26 4.76 1.79 4.7 2.2 3.32 3.41 3.08 2.97 2.36 3.9 
1.55 2.66 1.87 1.99 0.36 4.5 2.62 3.46 0 0.98 0.54 2.83 3.02 1.06 2.21 2.63 2.35 4.45 3.41 1.39 3.4 1.35 3.46 2.91 2.77 2.89 4.59 1.21 0.49 1.97 2.86 
2.46 3.62 2.4 2.92 1.2 5.43 2.85 3.87 0.98 0 0.6 3.76 3.99 1.03 3.1 3.56 2.94 5.36 4.36 2.28 4.38 1.11 4.23 3.83 3.64 3.86 5.49 2.18 1.21 1.83 3.84 
2.09 3.06 2.32 2.51 0.87 5.02 2.96 3.88 0.54 0.6 0 3.36 3.47 0.64 2.51 2.99 2.83 4.99 3.8 1.69 3.85 0.88 3.99 3.25 3.31 3.39 5.12 1.72 0.96 2.13 3.31 
1.32 1.65 2.14 0.85 2.57 1.67 3.01 2.81 2.83 3.76 3.36 0 1.22 3.7 2.23 1.86 1.92 1.65 1.89 2.26 1.45 4.02 1.35 2.09 0.62 0.53 1.79 1.65 2.58 3.53 1.16 
1.9 0.65 3.04 1.44 2.87 2.13 4.01 3.99 3.02 3.99 3.47 1.22 0 3.61 1.45 0.88 2.97 2.3 0.68 1.92 0.4 3.91 2.55 0.99 1.82 0.7 2.4 1.87 2.96 4.28 0.16 
2.51 3.11 2.92 2.87 1.41 5.35 3.6 4.5 1.06 1.03 0.64 3.7 3.61 0 2.44 3 3.41 5.35 3.84 1.71 3.97 0.33 4.47 3.22 3.74 3.65 5.48 2.05 1.54 2.75 3.46 
1.95 0.82 3.13 1.8 2.24 3.54 4.14 4.49 2.21 3.1 2.51 2.23 1.45 2.44 0 0.62 3.31 3.67 1.45 0.83 1.72 2.7 3.51 0.79 2.66 1.87 3.79 1.53 2.39 3.98 1.35 
1.98 0.24 3.19 1.67 2.58 3 4.2 4.4 2.63 3.56 2.99 1.86 0.88 3 0.62 0 3.27 3.16 0.85 1.31 1.11 3.28 3.2 0.33 2.38 1.42 3.27 1.69 2.71 4.22 0.81 
1.36 3.13 0.55 1.61 2 3.17 1.09 1.21 2.35 2.94 2.83 1.92 2.97 3.41 3.31 3.27 0 2.97 3.64 2.82 3.29 3.69 1.49 3.58 1.38 2.37 3.09 1.87 1.88 1.89 2.86 
2.91 2.93 3.39 2.49 4.17 0.35 3.98 3.32 4.45 5.36 4.99 1.65 2.3 5.35 3.67 3.16 2.97 0 2.76 3.87 2.23 5.67 1.56 3.27 1.76 1.83 0.14 3.3 4.16 4.82 2.35 
2.49 0.75 3.67 2.07 3.32 2.53 4.66 4.66 3.41 4.36 3.8 1.89 0.68 3.84 1.45 0.85 3.64 2.76 0 2.14 0.53 4.12 3.2 0.7 2.5 1.37 2.84 2.36 3.43 4.85 0.78 
1.5 1.41 2.53 1.57 1.44 3.81 3.51 4.03 1.39 2.28 1.69 2.26 1.92 1.71 0.83 1.31 2.82 3.87 2.14 0 2.27 2 3.36 1.57 2.52 2.07 4 0.96 1.6 3.21 1.78 
2.28 0.91 3.4 1.8 3.27 2.01 4.35 4.26 3.4 4.38 3.85 1.45 0.4 3.97 1.72 1.11 3.29 2.23 0.53 2.27 0 4.27 2.72 1.1 2.07 0.94 2.32 2.26 3.35 4.66 0.55 
2.83 3.4 3.19 3.19 1.7 5.67 3.82 4.76 1.35 1.11 0.88 4.02 3.91 0.33 2.7 3.28 3.69 5.67 4.12 2 4.27 0 4.78 3.49 4.06 3.97 5.8 2.38 1.82 2.91 3.77 
1.98 2.99 1.99 1.79 3.12 1.82 2.44 1.79 3.46 4.23 3.99 1.35 2.55 4.47 3.51 3.2 1.49 1.56 3.2 3.36 2.72 4.78 0 3.44 0.86 1.86 1.66 2.51 3.06 3.38 2.51 
2.29 0.47 3.51 1.98 2.89 3.08 4.52 4.7 2.91 3.83 3.25 2.09 0.99 3.22 0.79 0.33 3.58 3.27 0.7 1.57 1.1 3.49 3.44 0 2.64 1.61 3.37 2.01 3.02 4.54 0.97 
1.23 2.18 1.69 0.95 2.46 1.89 2.46 2.2 2.77 3.64 3.31 0.62 1.82 3.74 2.66 2.38 1.38 1.76 2.5 2.52 2.07 4.06 0.86 2.64 0 1.14 1.89 1.72 2.43 3.12 1.75 
1.51 1.19 2.52 1 2.67 1.75 3.44 3.32 2.89 3.86 3.39 0.53 0.7 3.65 1.87 1.42 2.37 1.83 1.37 2.07 0.94 3.97 1.86 1.61 1.14 0 1.95 1.68 2.72 3.85 0.66 
3.05 3.03 3.52 2.62 4.3 0.36 4.1 3.41 4.59 5.49 5.12 1.79 2.4 5.48 3.79 3.27 3.09 0.14 2.84 4 2.32 5.8 1.66 3.37 1.89 1.95 0 3.43 4.29 4.95 2.46 
0.56 1.65 1.62 0.82 1.01 3.32 2.62 3.08 1.21 2.18 1.72 1.65 1.87 2.05 1.53 1.69 1.87 3.3 2.36 0.96 2.26 2.38 2.51 2.01 1.72 1.68 3.43 0 1.09 2.53 1.72 
1.26 2.7 1.39 1.75 0.18 4.23 2.15 2.97 0.49 1.21 0.96 2.58 2.96 1.54 2.39 2.71 1.88 4.16 3.43 1.6 3.35 1.82 3.06 3.02 2.43 2.72 4.29 1.09 0 1.62 2.8 
2.38 4.17 1.44 2.87 1.79 5 1.22 2.36 1.97 1.83 2.13 3.53 4.28 2.75 3.98 4.22 1.89 4.82 4.85 3.21 4.66 2.91 3.38 4.54 3.12 3.85 4.95 2.53 1.62 0 4.14 
1.76 0.58 2.91 1.31 2.72 2.2 3.89 3.9 2.86 3.84 3.31 1.16 0.16 3.46 1.35 0.81 2.86 2.35 0.78 1.78 0.55 3.77 2.51 0.97 1.75 0.66 2.46 1.72 2.8 4.14 0 
