Number_Of_Customers: 20
Vehicle_Capacity:    50
Alpha:               0.75
Number_Of_Scenarios: 3

Location_Coordinates:
0 0 0
1 -2.43688 -1.69575
2 -0.527407 0.874662
3 0.44921 -0.121164
4 -1.39978 -1.07478
5 1.19048 -1.68524
6 1.10334 -1.1922
7 -2.38393 -1.64833
8 1.56819 1.54493
9 0.609096 2.0844
10 -2.48115 -0.672372
11 -0.552743 0.0454719
12 -0.753966 -1.90137
13 -1.39192 0.946718
14 1.48879 2.15183
15 0.741979 0.44609
16 2.4332 -0.191105
17 -1.90158 0.152187
18 -2.19439 -1.15333
19 1.01307 1.71296
20 -0.361817 -1.05798

Demand_per_scenario:
1 2 3 4
2 5 7 8
3 4 5 6
4 3 4 5
5 3 4 5
6 4 6 7
7 6 9 11
8 4 5 6
9 3 4 5
10 3 4 4
11 6 8 9
12 4 6 7
13 4 6 7
14 7 9 11
15 5 7 9
16 6 8 9
17 4 6 7
18 3 4 5
19 6 9 10
20 4 5 6

Probability_of_each_scenario_occuring:
0.333333 0.333333 0.333333 

Travel_Costs:
0 2.97 1.03 0.47 1.77 2.07 1.63 2.9 2.21 2.18 2.58 0.56 2.05 1.69 2.62 0.87 2.45 1.91 2.48 2 1.12 
2.97 0 3.21 3.29 1.21 3.63 3.58 0.08 5.16 4.86 1.03 2.57 1.7 2.85 5.5 3.84 5.1 1.93 0.6 4.85 2.18 
1.03 3.21 0 1.4 2.14 3.09 2.64 3.14 2.21 1.66 2.5 0.83 2.79 0.87 2.39 1.34 3.15 1.56 2.63 1.76 1.94 
0.47 3.29 1.4 0 2.09 1.74 1.26 3.22 2.01 2.22 2.99 1.02 2.15 2.13 2.5 0.64 1.99 2.37 2.84 1.92 1.24 
1.77 1.21 2.14 2.09 0 2.67 2.51 1.14 3.96 3.75 1.16 1.41 1.05 2.03 4.34 2.63 3.94 1.33 0.8 3.69 1.04 
2.07 3.63 3.09 1.74 2.67 0 0.51 3.58 3.26 3.82 3.81 2.46 1.96 3.69 3.85 2.18 1.95 3.6 3.43 3.41 1.68 
1.63 3.58 2.64 1.26 2.51 0.51 0 3.52 2.78 3.32 3.63 2.07 1.99 3.29 3.37 1.68 1.67 3.3 3.3 2.91 1.48 
2.9 0.08 3.14 3.22 1.14 3.58 3.52 0 5.09 4.79 0.99 2.5 1.65 2.78 5.43 3.77 5.04 1.87 0.54 4.78 2.11 
2.21 5.16 2.21 2.01 3.96 3.26 2.78 5.09 0 1.11 4.62 2.6 4.16 3.02 0.62 1.38 1.94 3.74 4.64 0.58 3.25 
2.18 4.86 1.66 2.22 3.75 3.82 3.32 4.79 1.11 0 4.15 2.35 4.22 2.31 0.89 1.65 2.92 3.17 4.29 0.55 3.29 
2.58 1.03 2.5 2.99 1.16 3.81 3.63 0.99 4.62 4.15 0 2.06 2.12 1.96 4.88 3.42 4.94 1.01 0.56 4.24 2.16 
0.56 2.57 0.83 1.02 1.41 2.46 2.07 2.5 2.6 2.35 2.06 0 1.96 1.24 2.94 1.36 3 1.36 2.04 2.29 1.12 
2.05 1.7 2.79 2.15 1.05 1.96 1.99 1.65 4.16 4.22 2.12 1.96 0 2.92 4.64 2.79 3.62 2.36 1.63 4.03 0.94 
1.69 2.85 0.87 2.13 2.03 3.69 3.29 2.78 3.02 2.31 1.96 1.24 2.92 0 3.13 2.2 4 0.95 2.25 2.53 2.26 
2.62 5.5 2.39 2.5 4.34 3.85 3.37 5.43 0.62 0.89 4.88 2.94 4.64 3.13 0 1.87 2.53 3.94 4.95 0.65 3.71 
0.87 3.84 1.34 0.64 2.63 2.18 1.68 3.77 1.38 1.65 3.42 1.36 2.79 2.2 1.87 0 1.81 2.66 3.35 1.3 1.87 
2.45 5.1 3.15 1.99 3.94 1.95 1.67 5.04 1.94 2.92 4.94 3 3.62 4 2.53 1.81 0 4.35 4.73 2.38 2.93 
1.91 1.93 1.56 2.37 1.33 3.6 3.3 1.87 3.74 3.17 1.01 1.36 2.36 0.95 3.94 2.66 4.35 0 1.34 3.31 1.96 
2.48 0.6 2.63 2.84 0.8 3.43 3.3 0.54 4.64 4.29 0.56 2.04 1.63 2.25 4.95 3.35 4.73 1.34 0 4.31 1.84 
2 4.85 1.76 1.92 3.69 3.41 2.91 4.78 0.58 0.55 4.24 2.29 4.03 2.53 0.65 1.3 2.38 3.31 4.31 0 3.1 
1.12 2.18 1.94 1.24 1.04 1.68 1.48 2.11 3.25 3.29 2.16 1.12 0.94 2.26 3.71 1.87 2.93 1.96 1.84 3.1 0 
