Number_Of_Customers: 25
Vehicle_Capacity:    50
Alpha:               0.75
Number_Of_Scenarios: 3

Location_Coordinates:
0 0 0
1 1.12764 2.31422
2 0.0520406 -0.354183
3 2.23809 0.511652
4 -0.667853 0.39947
5 -1.10114 -1.7859
6 -0.605352 0.842465
7 -0.690887 -1.74124
8 0.0207059 -1.99664
9 -2.46785 -2.21298
10 1.50117 0.0993965
11 0.557478 -0.470549
12 1.47642 -0.760995
13 -0.0457398 1.25036
14 -0.203435 0.865319
15 -1.57863 -2.06789
16 -0.0260068 -2.09593
17 -1.35876 -1.75698
18 0.511065 -0.533891
19 1.89067 1.49563
20 1.97805 0.0236573
21 -2.39221 -0.839756
22 1.21371 -1.21794
23 0.118347 -0.939268
24 -1.28285 -0.878623
25 -2.02172 1.01842

Demand_per_scenario:
1 4 5 6
2 5 7 8
3 5 7 8
4 5 7 9
5 2 3 3
6 1 1 1
7 5 6 8
8 2 3 4
9 5 7 9
10 4 6 7
11 3 4 5
12 3 4 4
13 5 7 8
14 4 5 7
15 4 5 6
16 4 6 7
17 3 4 5
18 4 5 6
19 5 7 9
20 4 5 6
21 4 6 7
22 4 5 6
23 4 6 7
24 4 5 6
25 4 5 6

Probability_of_each_scenario_occuring:
0.333333 0.333333 0.333333 

Travel_Costs:
0 2.58 0.36 2.3 0.78 2.1 1.04 1.88 2 3.32 1.51 0.73 1.67 1.26 0.89 2.61 2.1 2.23 0.74 2.42 1.98 2.54 1.72 0.95 1.56 2.27 
2.58 0 2.88 2.12 2.63 4.67 2.28 4.45 4.46 5.79 2.25 2.85 3.1 1.59 1.97 5.16 4.56 4.78 2.92 1.12 2.45 4.73 3.54 3.41 4.01 3.41 
0.36 2.88 0 2.36 1.05 1.84 1.37 1.58 1.65 3.14 1.52 0.52 1.49 1.61 1.25 2.37 1.75 1.99 0.5 2.61 1.97 2.5 1.45 0.59 1.44 2.49 
2.3 2.12 2.36 0 2.91 4.06 2.87 3.7 3.35 5.44 0.85 1.95 1.49 2.41 2.47 4.61 3.46 4.26 2.02 1.05 0.56 4.83 2.02 2.57 3.79 4.29 
0.78 2.63 1.05 2.91 0 2.23 0.45 2.15 2.5 3.18 2.19 1.51 2.44 1.06 0.66 2.64 2.58 2.27 1.51 2.79 2.68 2.13 2.49 1.56 1.42 1.49 
2.1 4.67 1.84 4.06 2.23 0 2.68 0.42 1.15 1.44 3.22 2.12 2.78 3.22 2.8 0.56 1.12 0.26 2.05 4.45 3.58 1.61 2.39 1.49 0.93 2.96 
1.04 2.28 1.37 2.87 0.45 2.68 0 2.59 2.91 3.58 2.24 1.76 2.63 0.7 0.41 3.07 3 2.71 1.78 2.59 2.72 2.46 2.75 1.93 1.85 1.43 
1.88 4.45 1.58 3.7 2.15 0.42 2.59 0 0.76 1.84 2.87 1.79 2.38 3.07 2.66 0.95 0.76 0.67 1.71 4.15 3.2 1.93 1.98 1.14 1.05 3.07 
2 4.46 1.65 3.35 2.5 1.15 2.91 0.76 0 2.5 2.57 1.62 1.91 3.25 2.88 1.61 0.11 1.41 1.55 3.97 2.82 2.68 1.43 1.07 1.72 3.65 
3.32 5.79 3.14 5.44 3.18 1.44 3.58 1.84 2.5 0 4.6 3.5 4.21 4.23 3.83 0.91 2.45 1.2 3.42 5.73 4.98 1.38 3.82 2.89 1.79 3.27 
1.51 2.25 1.52 0.85 2.19 3.22 2.24 2.87 2.57 4.6 0 1.11 0.87 1.93 1.87 3.77 2.68 3.41 1.18 1.45 0.49 4.01 1.35 1.73 2.96 3.65 
0.73 2.85 0.52 1.95 1.51 2.12 1.76 1.79 1.62 3.5 1.11 0 0.97 1.83 1.54 2.67 1.73 2.31 0.08 2.38 1.51 2.98 1 0.65 1.89 2.98 
1.67 3.1 1.49 1.49 2.44 2.78 2.63 2.38 1.91 4.21 0.87 0.97 0 2.53 2.34 3.33 2.01 3.01 1 2.3 0.94 3.87 0.53 1.37 2.77 3.93 
1.26 1.59 1.61 2.41 1.06 3.22 0.7 3.07 3.25 4.23 1.93 1.83 2.53 0 0.42 3.66 3.35 3.29 1.87 1.96 2.37 3.15 2.78 2.2 2.47 1.99 
0.89 1.97 1.25 2.47 0.66 2.8 0.41 2.66 2.88 3.83 1.87 1.54 2.34 0.42 0 3.24 2.97 2.87 1.58 2.19 2.34 2.78 2.52 1.84 2.06 1.83 
2.61 5.16 2.37 4.61 2.64 0.56 3.07 0.95 1.61 0.91 3.77 2.67 3.33 3.66 3.24 0 1.56 0.39 2.6 4.98 4.13 1.48 2.92 2.04 1.23 3.12 
2.1 4.56 1.75 3.46 2.58 1.12 3 0.76 0.11 2.45 2.68 1.73 2.01 3.35 2.97 1.56 0 1.38 1.66 4.08 2.92 2.68 1.52 1.17 1.75 3.7 
2.23 4.78 1.99 4.26 2.27 0.26 2.71 0.67 1.41 1.2 3.41 2.31 3.01 3.29 2.87 0.39 1.38 0 2.24 4.6 3.79 1.39 2.63 1.69 0.89 2.86 
0.74 2.92 0.5 2.02 1.51 2.05 1.78 1.71 1.55 3.42 1.18 0.08 1 1.87 1.58 2.6 1.66 2.24 0 2.46 1.57 2.92 0.99 0.57 1.83 2.98 
2.42 1.12 2.61 1.05 2.79 4.45 2.59 4.15 3.97 5.73 1.45 2.38 2.3 1.96 2.19 4.98 4.08 4.6 2.46 0 1.48 4.88 2.8 3.02 3.97 3.95 
1.98 2.45 1.97 0.56 2.68 3.58 2.72 3.2 2.82 4.98 0.49 1.51 0.94 2.37 2.34 4.13 2.92 3.79 1.57 1.48 0 4.46 1.46 2.1 3.39 4.13 
2.54 4.73 2.5 4.83 2.13 1.61 2.46 1.93 2.68 1.38 4.01 2.98 3.87 3.15 2.78 1.48 2.68 1.39 2.92 4.88 4.46 0 3.63 2.52 1.12 1.9 
1.72 3.54 1.45 2.02 2.49 2.39 2.75 1.98 1.43 3.82 1.35 1 0.53 2.78 2.52 2.92 1.52 2.63 0.99 2.8 1.46 3.63 0 1.14 2.52 3.94 
0.95 3.41 0.59 2.57 1.56 1.49 1.93 1.14 1.07 2.89 1.73 0.65 1.37 2.2 1.84 2.04 1.17 1.69 0.57 3.02 2.1 2.52 1.14 0 1.41 2.91 
1.56 4.01 1.44 3.79 1.42 0.93 1.85 1.05 1.72 1.79 2.96 1.89 2.77 2.47 2.06 1.23 1.75 0.89 1.83 3.97 3.39 1.12 2.52 1.41 0 2.04 
2.27 3.41 2.49 4.29 1.49 2.96 1.43 3.07 3.65 3.27 3.65 2.98 3.93 1.99 1.83 3.12 3.7 2.86 2.98 3.95 4.13 1.9 3.94 2.91 2.04 0 
