Number_Of_Customers: 30
Vehicle_Capacity:    50
Alpha:               0.75
Number_Of_Scenarios: 3

Location_Coordinates:
0 0 0
1 0.625303 -0.535488
2 0.0596851 -1.87271
3 0.364071 -1.05061
4 2.34312 0.760939
5 -0.903168 0.450517
6 1.83615 0.0994356
7 1.21493 -0.638656
8 1.10151 -1.85666
9 0.066039 -0.0831927
10 1.77955 -1.10414
11 -2.28406 1.80883
12 1.06601 1.4764
13 -1.11486 2.47317
14 1.55572 1.93085
15 1.79468 -1.81824
16 0.809788 0.10582
17 -1.48292 1.50195
18 -1.80341 0.0998017
19 2.36798 -1.28731
20 -0.772203 1.5838
21 -0.995744 -0.465698
22 -1.97841 -1.05806
23 2.15373 -2.30984
24 -1.51818 -0.96896
25 -0.314578 -2.10639
26 -2.17412 -0.425651
27 1.08469 0.457266
28 0.277333 1.13875
29 -1.09723 -1.22546
30 -1.31168 -0.380226

Demand_per_scenario:
1 5 6 7
2 5 5 7
3 5 6 7
4 4 4 6
5 6 7 9
6 5 5 7
7 4 5 6
8 4 5 7
9 6 7 9
10 5 6 8
11 4 4 6
12 6 7 9
13 4 4 6
14 4 5 6
15 4 5 6
16 2 3 3
17 3 3 4
18 3 4 5
19 6 8 10
20 6 7 9
21 5 6 7
22 6 7 10
23 4 4 5
24 3 3 4
25 4 4 5
26 4 5 6
27 5 5 7
28 5 5 7
29 4 5 7
30 4 4 6

Probability_of_each_scenario_occuring:
0.333333 0.333333 0.333333 

Travel_Costs:
0 0.83 1.88 1.12 2.47 1.01 1.84 1.38 2.16 0.11 2.1 2.92 1.83 2.72 2.48 2.56 0.82 2.12 1.81 2.7 1.77 1.1 2.25 3.16 1.81 2.13 2.22 1.18 1.18 1.65 1.37 
0.83 0 1.46 0.58 2.16 1.82 1.37 0.6 1.41 0.72 1.29 3.74 2.06 3.48 2.64 1.74 0.67 2.94 2.52 1.9 2.54 1.63 2.66 2.35 2.19 1.84 2.81 1.1 1.72 1.86 1.95 
1.88 1.46 0 0.88 3.49 2.52 2.66 1.7 1.05 1.79 1.89 4.37 3.5 4.51 4.09 1.74 2.12 3.72 2.72 2.39 3.56 1.76 2.2 2.14 1.82 0.45 2.67 2.55 3.02 1.33 2.03 
1.12 0.58 0.88 0 2.69 1.97 1.87 0.95 1.1 1.02 1.42 3.9 2.63 3.83 3.22 1.63 1.24 3.16 2.46 2.02 2.87 1.49 2.35 2.19 1.89 1.26 2.62 1.68 2.2 1.48 1.81 
2.47 2.16 3.49 2.69 0 3.27 0.84 1.8 2.9 2.43 1.95 4.75 1.47 3.86 1.42 2.64 1.67 3.9 4.2 2.05 3.23 3.56 4.69 3.08 4.24 3.91 4.68 1.3 2.11 3.98 3.83 
1.01 1.82 2.52 1.97 3.27 0 2.77 2.39 3.06 1.11 3.11 1.94 2.23 2.04 2.88 3.53 1.75 1.21 0.97 3.71 1.15 0.93 1.86 4.12 1.55 2.63 1.55 1.99 1.37 1.69 0.93 
1.84 1.37 2.66 1.87 0.84 2.77 0 0.97 2.09 1.78 1.21 4.47 1.58 3.79 1.86 1.92 1.03 3.61 3.64 1.49 3.01 2.89 3.99 2.44 3.53 3.09 4.05 0.84 1.88 3.22 3.19 
1.38 0.6 1.7 0.95 1.8 2.39 0.97 0 1.23 1.28 0.74 4.28 2.13 3.89 2.6 1.32 0.85 3.45 3.11 1.33 2.99 2.22 3.23 1.92 2.76 2.12 3.4 1.11 2.01 2.39 2.54 
2.16 1.41 1.05 1.1 2.9 3.06 2.09 1.23 0 2.06 1.02 4.99 3.34 4.87 3.82 0.7 1.99 4.24 3.51 1.39 3.92 2.52 3.19 1.15 2.77 1.44 3.58 2.32 3.11 2.29 2.83 
0.11 0.72 1.79 1.02 2.43 1.11 1.78 1.28 2.06 0 2 3.02 1.86 2.82 2.51 2.45 0.77 2.22 1.88 2.6 1.87 1.13 2.27 3.06 1.82 2.06 2.27 1.16 1.25 1.64 1.41 
2.1 1.29 1.89 1.42 1.95 3.11 1.21 0.74 1.02 2 0 5 2.68 4.61 3.05 0.72 1.56 4.18 3.78 0.62 3.71 2.85 3.76 1.27 3.31 2.33 4.02 1.71 2.7 2.88 3.18 
2.92 3.74 4.37 3.9 4.75 1.94 4.47 4.28 4.99 3.02 5 0 3.37 1.35 3.85 5.46 3.54 0.86 1.78 5.59 1.53 2.62 2.89 6.06 2.89 4.39 2.24 3.63 2.65 3.26 2.4 
1.83 2.06 3.5 2.63 1.47 2.23 1.58 2.13 3.34 1.86 2.68 3.37 0 2.4 0.67 3.38 1.4 2.55 3.19 3.06 1.85 2.84 3.97 3.94 3.56 3.84 3.76 1.02 0.86 3.47 3.02 
2.72 3.48 4.51 3.83 3.86 2.04 3.79 3.89 4.87 2.82 4.61 1.35 2.4 0 2.73 5.19 3.06 1.04 2.48 5.13 0.96 2.95 3.64 5.8 3.47 4.65 3.09 2.99 1.93 3.7 2.87 
2.48 2.64 4.09 3.22 1.42 2.88 1.86 2.6 3.82 2.51 3.05 3.85 0.67 2.73 0 3.76 1.98 3.07 3.83 3.32 2.36 3.51 4.63 4.29 4.23 4.45 4.42 1.55 1.51 4.13 3.69 
2.56 1.74 1.74 1.63 2.64 3.53 1.92 1.32 0.7 2.45 0.72 5.46 3.38 5.19 3.76 0 2.17 4.67 4.08 0.79 4.27 3.11 3.85 0.61 3.42 2.13 4.21 2.39 3.33 2.96 3.43 
0.82 0.67 2.12 1.24 1.67 1.75 1.03 0.85 1.99 0.77 1.56 3.54 1.4 3.06 1.98 2.17 0 2.69 2.62 2.1 2.17 1.9 3.03 2.77 2.57 2.49 3.04 0.45 1.17 2.33 2.18 
2.12 2.94 3.72 3.16 3.9 1.21 3.61 3.45 4.24 2.22 4.18 0.86 2.55 1.04 3.07 4.67 2.69 0 1.44 4.76 0.72 2.03 2.61 5.27 2.48 3.8 2.05 2.78 1.8 2.76 1.89 
1.81 2.52 2.72 2.46 4.2 0.97 3.64 3.11 3.51 1.88 3.78 1.78 3.19 2.48 3.83 4.08 2.62 1.44 0 4.4 1.81 0.99 1.18 4.64 1.11 2.67 0.65 2.92 2.33 1.51 0.69 
2.7 1.9 2.39 2.02 2.05 3.71 1.49 1.33 1.39 2.6 0.62 5.59 3.06 5.13 3.32 0.79 2.1 4.76 4.4 0 4.26 3.47 4.36 1.05 3.9 2.81 4.63 2.17 3.21 3.47 3.79 
1.77 2.54 3.56 2.87 3.23 1.15 3.01 2.99 3.92 1.87 3.71 1.53 1.85 0.96 2.36 4.27 2.17 0.72 1.81 4.26 0 2.07 2.91 4.88 2.66 3.72 2.46 2.18 1.15 2.83 2.04 
1.1 1.63 1.76 1.49 3.56 0.93 2.89 2.22 2.52 1.13 2.85 2.62 2.84 2.95 3.51 3.11 1.9 2.03 0.99 3.47 2.07 0 1.15 3.65 0.73 1.78 1.18 2.28 2.05 0.77 0.33 
2.25 2.66 2.2 2.35 4.69 1.86 3.99 3.23 3.19 2.27 3.76 2.89 3.97 3.64 4.63 3.85 3.03 2.61 1.18 4.36 2.91 1.15 0 4.32 0.47 1.97 0.67 3.42 3.15 0.9 0.96 
3.16 2.35 2.14 2.19 3.08 4.12 2.44 1.92 1.15 3.06 1.27 6.06 3.94 5.8 4.29 0.61 2.77 5.27 4.64 1.05 4.88 3.65 4.32 0 3.91 2.48 4.73 2.97 3.93 3.43 3.97 
1.81 2.19 1.82 1.89 4.24 1.55 3.53 2.76 2.77 1.82 3.31 2.89 3.56 3.47 4.23 3.42 2.57 2.48 1.11 3.9 2.66 0.73 0.47 3.91 0 1.66 0.86 2.97 2.77 0.5 0.63 
2.13 1.84 0.45 1.26 3.91 2.63 3.09 2.12 1.44 2.06 2.33 4.39 3.84 4.65 4.45 2.13 2.49 3.8 2.67 2.81 3.72 1.78 1.97 2.48 1.66 0 2.51 2.93 3.3 1.18 2 
2.22 2.81 2.67 2.62 4.68 1.55 4.05 3.4 3.58 2.27 4.02 2.24 3.76 3.09 4.42 4.21 3.04 2.05 0.65 4.63 2.46 1.18 0.67 4.73 0.86 2.51 0 3.38 2.91 1.35 0.87 
1.18 1.1 2.55 1.68 1.3 1.99 0.84 1.11 2.32 1.16 1.71 3.63 1.02 2.99 1.55 2.39 0.45 2.78 2.92 2.17 2.18 2.28 3.42 2.97 2.97 2.93 3.38 0 1.06 2.76 2.54 
1.18 1.72 3.02 2.2 2.11 1.37 1.88 2.01 3.11 1.25 2.7 2.65 0.86 1.93 1.51 3.33 1.17 1.8 2.33 3.21 1.15 2.05 3.15 3.93 2.77 3.3 2.91 1.06 0 2.74 2.2 
1.65 1.86 1.33 1.48 3.98 1.69 3.22 2.39 2.29 1.64 2.88 3.26 3.47 3.7 4.13 2.96 2.33 2.76 1.51 3.47 2.83 0.77 0.9 3.43 0.5 1.18 1.35 2.76 2.74 0 0.88 
1.37 1.95 2.03 1.81 3.83 0.93 3.19 2.54 2.83 1.41 3.18 2.4 3.02 2.87 3.69 3.43 2.18 1.89 0.69 3.79 2.04 0.33 0.96 3.97 0.63 2 0.87 2.54 2.2 0.88 0 
