Number_Of_Customers: 50
Vehicle_Capacity:    50
Alpha:               0.75
Number_Of_Scenarios: 50

Location_Coordinates:
0 0 0
1 -1.31741 -1.77272
2 0.821026 -1.01716
3 -0.453483 -1.68131
4 2.1701 -2.06133
5 0.279702 0.959313
6 -1.83116 -1.34613
7 0.559548 -0.676273
8 -1.11349 0.490286
9 0.244512 -0.484734
10 -1.92684 0.64397
11 -1.792 1.91077
12 -0.716555 1.85262
13 1.96277 -1.79536
14 0.335745 -2.13335
15 -0.232305 0.648622
16 1.38185 -0.261608
17 -1.8437 -2.13166
18 -1.831 1.41646
19 1.4257 1.66838
20 0.503322 -0.666416
21 -0.447102 0.55912
22 2.13525 2.08578
23 0.779877 2.39159
24 0.471539 0.155316
25 0.3992 -0.640117
26 1.55849 -1.46801
27 2.11195 0.622103
28 0.68906 1.02509
29 -1.37783 -2.21138
30 -1.70491 0.636305
31 -0.619748 -1.10465
32 -0.911771 0.866562
33 -0.685122 0.157471
34 1.61028 -0.944247
35 0.041248 -1.74438
36 2.22985 2.0802
37 1.95458 0.691416
38 0.629176 -0.446979
39 -2.37527 -1.09633
40 -1.00153 2.3092
41 0.648561 0.369587
42 1.64087 -1.83608
43 1.06028 0.0545151
44 1.2353 1.67503
45 2.3059 0.306191
46 1.15442 2.3942
47 -0.754443 0.0773802
48 0.529009 1.052
49 0.968585 -0.989798
50 -0.528088 -0.581068

Demand_per_scenario:
1 3 4 5 5 6 7 6 6 4 5 5 6 9 4 5 6 6 5 5 6 5 6 5 6 7 4 5 6 5 6 5 4 4 5 7 5 4 5 6 7 6 7 4 6 4 6 5 6 3 6
2 5 5 4 5 7 5 5 4 5 7 7 6 5 4 5 4 6 5 4 7 5 6 5 5 6 6 4 6 5 6 6 5 6 6 6 3 5 6 6 6 5 5 5 6 5 5 5 5 4 6
3 7 7 6 6 8 9 8 7 9 8 6 5 6 5 7 6 8 6 6 5 8 6 8 6 6 6 10 5 7 8 8 7 8 7 7 7 7 7 7 7 7 8 7 7 7 8 6 7 7 6
4 5 7 8 7 5 6 6 5 5 5 7 6 4 8 6 7 7 7 7 6 7 5 6 5 4 5 6 6 5 4 5 7 8 6 7 4 6 6 6 6 4 7 6 5 8 7 6 5 6 6
5 3 6 1 7 5 5 4 7 5 5 3 5 5 4 4 5 6 5 4 3 4 4 5 4 6 4 7 5 6 5 4 4 5 4 4 6 4 4 6 5 4 6 4 4 4 6 5 5 5 5
6 4 4 6 4 1 2 4 4 4 4 4 3 4 2 2 5 5 5 6 4 3 4 3 3 2 5 4 5 3 4 3 6 3 3 2 2 3 2 4 3 3 2 4 4 2 3 4 2 3 4
7 3 4 3 3 5 4 5 3 4 5 3 2 5 4 5 5 5 4 2 4 4 3 4 3 4 4 3 2 2 4 5 5 4 3 2 3 2 5 4 5 3 2 3 5 5 3 4 6 3 5
8 7 4 5 6 5 5 7 4 6 7 6 6 6 5 6 6 5 7 6 5 4 5 7 5 5 8 4 5 6 5 6 7 5 6 5 7 6 5 4 5 4 5 5 4 6 4 6 7 6 6
9 8 9 8 8 7 9 7 7 8 8 8 7 7 9 8 7 8 9 8 8 9 9 8 7 8 9 8 8 8 7 8 9 6 7 8 8 7 7 9 6 7 9 9 7 9 8 9 8 8 8
10 5 4 6 5 4 6 6 5 7 6 4 6 6 4 5 6 6 7 5 5 5 8 7 5 5 6 4 6 5 5 5 6 6 5 6 5 6 7 5 7 4 5 5 6 6 6 5 7 6 4
11 4 4 4 3 4 4 4 4 5 4 4 4 4 5 4 3 3 4 2 5 5 3 6 4 4 4 4 5 4 4 5 3 3 6 3 3 5 2 5 5 6 5 3 4 2 3 5 5 5 3
12 8 7 5 6 6 6 6 5 7 6 4 7 5 7 5 8 8 7 7 7 8 6 6 5 5 6 4 7 7 5 6 6 6 7 8 6 6 6 6 8 7 7 5 7 6 8 5 7 8 8
13 4 5 5 4 5 4 5 4 6 5 2 5 6 4 5 5 2 6 5 6 5 4 6 3 3 5 5 4 4 3 4 4 3 6 6 4 6 4 4 7 2 4 3 5 5 3 4 5 6 6
14 2 4 4 4 3 5 4 2 5 4 2 6 4 5 3 6 5 3 3 5 5 4 4 4 5 3 5 6 4 3 4 5 4 4 4 4 2 2 3 5 5 5 4 4 4 5 3 5 3 3
15 7 5 7 7 7 7 6 6 7 5 5 5 6 7 6 6 7 7 6 8 6 8 6 6 7 5 5 9 5 8 8 7 7 7 6 7 6 7 9 6 9 7 7 6 5 7 7 6 7 8
16 3 5 3 4 5 6 4 4 5 4 4 6 5 4 3 3 2 5 5 3 4 5 4 3 3 4 5 5 3 4 4 4 4 5 5 4 5 6 4 5 4 6 4 4 7 2 5 4 5 5
17 5 2 4 4 5 4 5 4 4 4 4 5 4 6 5 5 3 5 5 5 6 5 5 4 5 4 6 4 6 4 6 3 6 6 6 5 6 4 4 5 6 2 4 5 5 5 4 5 5 6
18 6 6 9 6 7 7 5 5 10 7 7 8 9 7 8 7 6 9 7 7 7 8 8 7 8 7 8 6 8 7 9 8 8 7 7 7 4 7 7 7 8 5 7 6 6 6 7 7 7 6
19 8 7 7 7 7 5 7 6 7 7 7 6 7 7 8 8 7 5 5 5 7 6 8 7 6 7 5 5 5 6 5 6 7 7 5 6 7 7 5 6 7 9 5 8 7 7 6 6 7 6
20 3 2 3 3 5 4 3 3 6 3 4 4 5 3 3 4 4 3 3 3 4 3 4 4 5 4 5 4 4 2 6 4 3 3 2 4 4 4 3 3 5 4 3 4 5 3 4 4 3 3
21 7 7 6 6 7 6 6 6 6 7 6 6 8 6 6 8 5 5 7 7 6 7 5 6 6 7 7 6 5 5 6 6 4 8 7 5 6 6 6 7 6 7 5 7 8 9 4 5 6 6
22 5 4 4 6 4 4 5 6 5 4 4 4 3 3 6 4 4 7 3 3 4 6 5 5 5 7 5 5 4 5 6 5 5 6 5 5 5 5 5 5 5 6 4 4 6 4 5 4 4 6
23 7 6 7 7 8 7 8 6 5 7 6 7 6 6 7 6 9 8 8 6 7 8 7 6 7 6 5 6 7 6 6 6 8 8 5 7 7 7 7 7 6 6 6 7 6 7 6 6 7 6
24 2 1 3 2 2 3 1 1 4 2 1 3 2 1 3 3 1 2 2 2 1 3 2 3 3 3 1 4 2 2 3 2 3 3 2 1 3 2 1 1 2 2 2 2 2 3 2 3 3 2
25 7 5 5 6 5 5 6 4 3 5 6 4 7 6 6 6 6 4 4 6 4 5 5 6 5 7 5 5 6 6 7 5 5 3 7 4 6 6 5 4 8 6 6 6 5 4 7 8 5 4
26 5 6 5 5 5 6 5 4 5 4 5 5 4 5 3 5 5 5 5 5 5 4 6 5 5 6 5 5 6 5 4 5 5 6 6 4 5 5 3 5 4 4 6 6 5 6 7 5 4 6
27 5 6 7 6 4 5 6 4 7 4 5 5 3 6 5 5 4 4 6 5 5 6 4 6 6 5 5 7 7 6 5 5 5 6 6 7 4 4 4 4 5 5 5 7 5 4 6 6 5 5
28 3 7 4 4 4 6 5 6 4 6 6 4 4 6 4 5 6 5 6 5 4 5 6 4 5 5 5 5 5 4 5 4 5 5 5 4 5 6 6 5 5 4 5 5 4 4 4 4 4 4
29 6 8 6 6 6 6 6 6 6 5 6 5 3 6 4 6 7 7 5 4 6 5 5 7 6 6 4 6 7 5 5 5 6 7 7 7 8 7 6 7 6 4 5 7 6 7 7 8 6 7
30 7 5 5 6 5 5 6 3 7 4 3 7 5 6 5 5 5 5 6 6 4 6 5 5 6 5 7 7 5 5 6 6 5 6 6 6 6 6 4 5 4 6 4 6 5 6 6 6 6 5
31 2 3 4 4 5 3 5 3 4 6 4 3 5 3 4 4 4 3 3 4 3 6 5 4 3 6 4 6 3 5 5 6 4 6 5 4 5 5 6 4 6 4 5 4 4 5 5 3 3 4
32 7 6 5 6 5 6 4 6 6 6 7 6 8 7 6 5 5 5 5 7 7 6 7 6 8 5 8 6 7 8 5 8 5 6 5 7 6 7 5 7 7 6 6 6 6 6 6 8 6 4
33 5 7 8 6 7 7 8 5 8 6 6 7 7 4 7 6 5 6 8 7 6 7 7 6 7 7 6 7 7 7 9 7 6 6 7 7 7 7 7 6 6 6 7 9 7 10 7 7 7 6
34 7 7 7 8 7 8 5 5 8 7 5 5 5 7 6 7 9 7 6 6 7 8 7 6 7 8 7 8 6 8 8 6 5 7 8 8 7 5 8 7 6 5 7 7 7 6 8 8 6 9
35 9 4 7 7 7 6 7 7 8 7 6 8 8 8 8 7 7 6 7 7 8 6 6 6 7 7 7 6 8 8 9 8 6 8 6 6 8 8 7 7 6 8 8 8 9 7 6 8 6 8
36 2 3 5 3 1 4 2 1 4 4 4 1 3 2 2 3 4 4 1 2 4 2 2 1 3 3 1 3 4 3 3 2 3 2 2 1 3 3 2 2 5 1 1 3 2 4 3 2 3 2
37 3 6 3 4 4 4 4 2 2 3 2 3 4 5 2 2 4 3 2 2 3 3 1 4 1 4 4 3 4 2 3 2 2 3 5 4 3 2 3 4 2 4 3 4 3 3 3 3 3 4
38 5 4 3 5 8 7 4 5 5 4 5 6 5 4 4 3 3 5 5 3 4 3 4 4 5 5 4 4 6 5 5 5 6 5 4 5 5 5 4 5 4 7 5 5 6 5 6 4 5 5
39 4 4 4 2 3 2 3 4 5 3 4 4 2 3 4 3 2 3 6 5 3 4 5 4 4 4 5 4 3 3 2 4 3 4 4 4 5 3 4 5 4 4 4 4 3 6 5 2 4 1
40 6 8 7 6 4 6 7 4 6 5 7 5 7 6 5 4 5 4 5 5 4 7 7 6 6 5 7 5 6 5 5 5 6 6 5 4 6 7 5 4 6 4 8 7 6 5 5 4 6 6
41 7 5 5 9 7 5 7 9 5 7 6 7 7 4 6 7 5 6 7 6 8 6 6 5 5 8 7 7 8 8 6 5 7 5 7 7 5 6 6 4 6 5 7 7 6 5 9 7 7 7
42 5 5 5 6 6 4 2 7 5 5 5 5 6 5 3 5 5 6 7 6 6 6 5 5 6 5 3 6 6 7 6 6 4 4 6 5 5 6 4 5 6 6 5 6 6 6 4 4 4 6
43 9 10 9 7 9 8 8 7 10 8 9 11 9 9 9 7 6 8 8 8 7 10 9 9 8 9 8 8 8 9 8 10 8 7 10 8 8 9 9 6 7 10 7 8 8 10 7 7 10 7
44 6 7 5 7 6 7 7 7 6 5 7 7 5 6 7 8 4 8 6 7 5 6 6 6 4 7 8 6 8 6 8 7 8 7 6 7 5 7 6 7 5 7 6 7 6 6 6 6 8 7
45 4 6 3 3 5 4 6 4 4 5 5 3 2 6 4 5 3 3 4 5 4 3 4 5 5 3 3 4 5 3 4 4 4 3 5 4 4 3 3 4 5 3 3 4 5 6 4 4 3 4
46 5 4 4 5 5 4 4 5 7 4 3 4 5 5 4 5 4 4 5 5 4 5 4 5 4 4 5 4 6 5 4 5 3 6 6 4 5 3 5 5 4 6 5 5 6 4 6 5 5 4
47 2 3 3 3 3 3 3 3 3 3 4 2 4 2 4 3 4 4 4 3 4 3 3 2 3 2 3 4 3 3 4 2 2 4 2 5 3 4 1 3 3 4 3 2 2 3 4 3 5 2
48 6 7 7 8 9 8 8 10 7 9 8 9 11 11 8 9 9 9 8 8 8 9 8 7 8 9 8 10 8 9 9 9 7 8 8 7 11 8 10 10 8 9 7 9 7 8 8 8 9 9
49 7 8 7 7 7 6 8 6 9 7 7 8 8 5 9 7 8 7 7 8 7 9 8 8 8 8 7 7 6 6 6 7 7 6 8 8 7 6 9 9 7 6 6 6 7 7 7 7 7 5
50 7 6 7 7 7 8 8 9 6 7 6 7 8 7 6 7 6 7 7 8 7 8 6 7 8 7 7 5 7 7 6 7 6 7 7 8 6 7 10 7 6 6 6 6 8 8 9 8 8 7

Probability_of_each_scenario_occuring:
0.02 0.02 0.02 0.02 0.02 0.02 0.02 0.02 0.02 0.02 0.02 0.02 0.02 0.02 0.02 0.02 0.02 0.02 0.02 0.02 0.02 0.02 0.02 0.02 0.02 0.02 0.02 0.02 0.02 0.02 0.02 0.02 0.02 0.02 0.02 0.02 0.02 0.02 0.02 0.02 0.02 0.02 0.02 0.02 0.02 0.02 0.02 0.02 0.02 0.02 

Travel_Costs:
0 2.21 1.31 1.75 3 1 2.28 0.88 1.22 0.55 2.04 2.62 1.99 2.67 2.16 0.69 1.41 2.82 2.32 2.2 0.84 0.72 2.99 2.52 0.5 0.76 2.15 2.21 1.24 2.61 1.82 1.27 1.26 0.71 1.87 1.75 3.05 2.08 0.78 2.62 2.52 0.75 2.47 1.07 2.09 2.33 2.66 0.76 1.18 1.39 0.79 
2.21 0 2.27 0.87 3.5 3.17 0.67 2.18 2.28 2.03 2.5 3.72 3.68 3.29 1.7 2.66 3.1 0.64 3.24 4.41 2.14 2.49 5.18 4.67 2.64 2.06 2.9 4.19 3.45 0.45 2.44 0.97 2.68 2.04 3.05 1.36 5.24 4.1 2.36 1.26 4.1 2.91 2.96 3 4.29 4.18 4.85 1.94 3.38 2.42 1.43 
1.31 2.27 0 1.44 1.71 2.05 2.68 0.43 2.46 0.79 3.22 3.93 3.26 1.39 1.22 1.98 0.95 2.89 3.6 2.76 0.48 2.03 3.37 3.41 1.23 0.57 0.87 2.09 2.05 2.51 3.02 1.45 2.56 1.92 0.8 1.07 3.41 2.06 0.61 3.2 3.8 1.4 1.16 1.1 2.73 1.99 3.43 1.92 2.09 0.16 1.42 
1.75 0.87 1.44 0 2.66 2.75 1.42 1.43 2.27 1.39 2.76 3.84 3.55 2.42 0.91 2.35 2.33 1.47 3.4 3.85 1.4 2.25 4.58 4.26 2.06 1.35 2.03 3.45 2.94 1.07 2.64 0.61 2.59 1.86 2.2 0.5 4.63 3.39 1.65 2.01 4.03 2.33 2.11 2.31 3.76 3.41 4.39 1.79 2.91 1.59 1.11 
3 3.5 1.71 2.66 0 3.57 4.07 2.13 4.16 2.49 4.91 5.62 4.87 0.34 1.84 3.63 1.97 4.02 5.31 3.81 2.18 3.71 4.15 4.67 2.8 2.28 0.86 2.69 3.43 3.56 4.73 2.95 4.26 3.62 1.25 2.16 4.15 2.77 2.24 4.65 5.41 2.87 0.58 2.39 3.86 2.38 4.57 3.63 3.52 1.61 3.08 
1 3.17 2.05 2.75 3.57 0 3.13 1.66 1.48 1.45 2.23 2.28 1.34 3.23 3.1 0.6 1.65 3.76 2.16 1.35 1.65 0.83 2.18 1.52 0.83 1.61 2.75 1.87 0.42 3.58 2.02 2.26 1.2 1.26 2.33 2.72 2.25 1.7 1.45 3.36 1.87 0.7 3.11 1.2 1.2 2.13 1.69 1.36 0.27 2.07 1.74 
2.28 0.67 2.68 1.42 4.07 3.13 0 2.49 1.98 2.25 2 3.26 3.39 3.83 2.31 2.56 3.4 0.79 2.77 4.44 2.44 2.36 5.25 4.56 2.75 2.34 3.4 4.41 3.47 0.98 1.99 1.24 2.4 1.9 3.47 1.92 5.32 4.3 2.62 0.6 3.75 3.02 3.51 3.22 4.31 4.46 4.79 1.79 3.37 2.83 1.52 
0.88 2.18 0.43 1.43 2.13 1.66 2.49 0 2.04 0.37 2.82 3.5 2.84 1.8 1.48 1.55 0.93 2.81 3.18 2.5 0.06 1.6 3.18 3.08 0.84 0.17 1.28 2.03 1.71 2.48 2.62 1.26 2.14 1.5 1.09 1.19 3.23 1.96 0.24 2.97 3.37 1.05 1.59 0.89 2.45 2.01 3.13 1.52 1.73 0.52 1.1 
1.22 2.28 2.46 2.27 4.16 1.48 1.98 2.04 0 1.68 0.83 1.58 1.42 3.84 3 0.9 2.61 2.73 1.18 2.8 1.99 0.67 3.62 2.69 1.63 1.89 3.32 3.23 1.89 2.72 0.61 1.67 0.43 0.55 3.08 2.52 3.71 3.08 1.98 2.03 1.83 1.77 3.61 2.22 2.64 3.43 2.97 0.55 1.74 2.56 1.23 
0.55 2.03 0.79 1.39 2.49 1.45 2.25 0.37 1.68 0 2.45 3.15 2.53 2.17 1.66 1.23 1.16 2.66 2.82 2.46 0.32 1.26 3.2 2.93 0.68 0.22 1.65 2.18 1.58 2.37 2.25 1.07 1.78 1.13 1.45 1.28 3.25 2.08 0.39 2.7 3.06 0.95 1.95 0.98 2.38 2.21 3.02 1.15 1.57 0.89 0.78 
2.04 2.5 3.22 2.76 4.91 2.23 2 2.82 0.83 2.45 0 1.28 1.72 4.6 3.59 1.7 3.44 2.78 0.78 3.51 2.77 1.49 4.32 3.23 2.45 2.66 4.08 4.04 2.65 2.91 0.23 2.19 1.04 1.34 3.88 3.1 4.4 3.89 2.78 1.8 1.91 2.59 4.35 3.05 3.33 4.25 3.55 1.31 2.49 3.33 1.86 
2.62 3.72 3.93 3.84 5.62 2.28 3.26 3.5 1.58 3.15 1.28 0 1.08 5.28 4.57 2.01 3.85 4.05 0.5 3.23 3.46 1.91 3.94 2.62 2.87 3.37 4.76 4.12 2.64 4.15 1.28 3.24 1.37 2.08 4.45 4.09 4.03 3.95 3.38 3.07 0.89 2.89 5.09 3.41 3.04 4.41 2.99 2.11 2.48 4.01 2.8 
1.99 3.68 3.26 3.55 4.87 1.34 3.39 2.84 1.42 2.53 1.72 1.08 0 4.53 4.13 1.3 2.98 4.15 1.2 2.16 2.8 1.33 2.87 1.6 2.08 2.74 4.03 3.09 1.64 4.12 1.57 2.96 1.01 1.7 3.64 3.68 2.96 2.92 2.67 3.39 0.54 2.02 4.38 2.53 1.96 3.4 1.95 1.78 1.49 3.31 2.45 
2.67 3.29 1.39 2.42 0.34 3.23 3.83 1.8 3.84 2.17 4.6 5.28 4.53 0 1.67 3.29 1.65 3.83 4.98 3.51 1.85 3.37 3.89 4.36 2.46 1.95 0.53 2.43 3.1 3.37 4.41 2.68 3.92 3.3 0.93 1.93 3.89 2.49 1.9 4.4 5.07 2.54 0.33 2.06 3.55 2.13 4.27 3.31 3.19 1.28 2.78 
2.16 1.7 1.22 0.91 1.84 3.1 2.31 1.48 3 1.66 3.59 4.57 4.13 1.67 0 2.84 2.15 2.18 4.16 3.96 1.48 2.81 4.59 4.55 2.3 1.5 1.4 3.28 3.18 1.72 3.45 1.41 3.25 2.51 1.75 0.49 4.62 3.26 1.72 2.91 4.64 2.53 1.34 2.31 3.92 3.14 4.61 2.47 3.2 1.31 1.78 
0.69 2.66 1.98 2.35 3.63 0.6 2.56 1.55 0.9 1.23 1.7 2.01 1.3 3.29 2.84 0 1.86 3.22 1.78 1.95 1.51 0.24 2.77 2.02 0.86 1.44 2.78 2.35 1 3.09 1.48 1.8 0.72 0.67 2.44 2.41 2.85 2.19 1.4 2.77 1.84 0.93 3.12 1.43 1.8 2.57 2.23 0.78 0.87 2.04 1.27 
1.41 3.1 0.95 2.33 1.97 1.65 3.4 0.93 2.61 1.16 3.44 3.85 2.98 1.65 2.15 1.86 0 3.73 3.63 1.94 0.97 2.01 2.47 2.73 1.01 1.06 1.22 1.15 1.47 3.38 3.22 2.18 2.56 2.11 0.72 2 2.5 1.12 0.78 3.85 3.51 0.97 1.6 0.46 1.95 1.09 2.67 2.17 1.57 0.84 1.94 
2.82 0.64 2.89 1.47 4.02 3.76 0.79 2.81 2.73 2.66 2.78 4.05 4.15 3.83 2.18 3.22 3.73 0 3.55 5.02 2.77 3.04 5.8 5.23 3.26 2.7 3.47 4.82 4.05 0.48 2.78 1.6 3.14 2.57 3.66 1.93 5.86 4.74 3 1.17 4.53 3.54 3.5 3.64 4.9 4.82 5.43 2.47 3.98 3.04 2.04 
2.32 3.24 3.6 3.4 5.31 2.16 2.77 3.18 1.18 2.82 0.78 0.5 1.2 4.98 4.16 1.78 3.63 3.55 0 3.27 3.13 1.63 4.03 2.79 2.63 3.04 4.46 4.03 2.56 3.66 0.8 2.8 1.08 1.71 4.18 3.68 4.12 3.86 3.09 2.58 1.22 2.7 4.76 3.2 3.08 4.29 3.15 1.72 2.39 3.7 2.39 
2.2 4.41 2.76 3.85 3.81 1.35 4.44 2.5 2.8 2.46 3.51 3.23 2.16 3.51 3.96 1.95 1.94 5.02 3.27 0 2.52 2.18 0.83 0.97 1.79 2.53 3.14 1.26 0.98 4.79 3.3 3.45 2.48 2.6 2.62 3.69 0.91 1.12 2.27 4.71 2.52 1.52 3.52 1.66 0.2 1.63 0.78 2.7 1.09 2.7 2.98 
0.84 2.14 0.48 1.4 2.18 1.65 2.44 0.06 1.99 0.32 2.77 3.46 2.8 1.85 1.48 1.51 0.97 2.77 3.13 2.52 0 1.56 3.2 3.08 0.83 0.11 1.33 2.07 1.71 2.44 2.57 1.21 2.09 1.45 1.15 1.18 3.25 1.99 0.26 2.92 3.34 1.05 1.64 0.92 2.46 2.05 3.13 1.47 1.72 0.57 1.04 
0.72 2.49 2.03 2.25 3.71 0.83 2.36 1.6 0.67 1.26 1.49 1.91 1.33 3.37 2.81 0.24 2.01 3.04 1.63 2.18 1.56 0 3 2.21 1.01 1.47 2.86 2.56 1.23 2.93 1.27 1.68 0.56 0.47 2.55 2.36 3.08 2.41 1.48 2.55 1.84 1.12 3.18 1.59 2.02 2.77 2.44 0.58 1.1 2.1 1.15 
2.99 5.18 3.37 4.58 4.15 2.18 5.25 3.18 3.62 3.2 4.32 3.94 2.87 3.89 4.59 2.77 2.47 5.8 4.03 0.83 3.2 3 0 1.39 2.55 3.24 3.61 1.47 1.8 5.56 4.11 4.22 3.29 3.42 3.08 4.37 0.1 1.41 2.95 5.53 3.15 2.28 3.96 2.3 0.99 1.79 1.03 3.52 1.92 3.29 3.77 
2.52 4.67 3.41 4.26 4.67 1.52 4.56 3.08 2.69 2.93 3.23 2.62 1.6 4.36 4.55 2.02 2.73 5.23 2.79 0.97 3.08 2.21 1.39 0 2.26 3.06 3.94 2.22 1.37 5.09 3.05 3.77 2.28 2.68 3.44 4.21 1.49 2.07 2.85 4.71 1.79 2.03 4.32 2.36 0.85 2.59 0.38 2.78 1.37 3.39 3.25 
0.5 2.64 1.23 2.06 2.8 0.83 2.75 0.84 1.63 0.68 2.45 2.87 2.08 2.46 2.3 0.86 1.01 3.26 2.63 1.79 0.83 1.01 2.55 2.26 0 0.8 1.96 1.71 0.9 3.01 2.23 1.67 1.56 1.16 1.59 1.95 2.61 1.58 0.63 3.11 2.61 0.28 2.31 0.6 1.71 1.85 2.35 1.23 0.9 1.25 1.25 
0.76 2.06 0.57 1.35 2.28 1.61 2.34 0.17 1.89 0.22 2.66 3.37 2.74 1.95 1.5 1.44 1.06 2.7 3.04 2.53 0.11 1.47 3.24 3.06 0.8 0 1.43 2.13 1.7 2.38 2.47 1.12 2 1.35 1.25 1.17 3.28 2.05 0.31 2.82 3.27 1.05 1.73 0.96 2.47 2.13 3.13 1.36 1.7 0.67 0.93 
2.15 2.9 0.87 2.03 0.86 2.75 3.4 1.28 3.32 1.65 4.08 4.76 4.03 0.53 1.4 2.78 1.22 3.47 4.46 3.14 1.33 2.86 3.61 3.94 1.96 1.43 0 2.17 2.65 3.03 3.89 2.21 3.4 2.78 0.53 1.55 3.62 2.2 1.39 3.96 4.57 2.06 0.38 1.61 3.16 1.93 3.89 2.79 2.73 0.76 2.27 
2.21 4.19 2.09 3.45 2.69 1.87 4.41 2.03 3.23 2.18 4.04 4.12 3.09 2.43 3.28 2.35 1.15 4.82 4.03 1.26 2.07 2.56 1.47 2.22 1.71 2.13 2.17 0 1.48 4.5 3.82 3.24 3.04 2.84 1.65 3.15 1.47 0.18 1.83 4.81 3.55 1.49 2.51 1.2 1.38 0.38 2.02 2.92 1.65 1.98 2.91 
1.24 3.45 2.05 2.94 3.43 0.42 3.47 1.71 1.89 1.58 2.65 2.64 1.64 3.1 3.18 1 1.47 4.05 2.56 0.98 1.71 1.23 1.8 1.37 0.9 1.7 2.65 1.48 0 3.85 2.43 2.5 1.61 1.63 2.18 2.85 1.87 1.31 1.48 3.73 2.13 0.66 3.02 1.04 0.85 1.77 1.45 1.73 0.17 2.04 2.02 
2.61 0.45 2.51 1.07 3.56 3.58 0.98 2.48 2.72 2.37 2.91 4.15 4.12 3.37 1.72 3.09 3.38 0.48 3.66 4.79 2.44 2.93 5.56 5.09 3.01 2.38 3.03 4.5 3.85 0 2.87 1.35 3.12 2.47 3.25 1.5 5.61 4.42 2.68 1.5 4.54 3.29 3.05 3.33 4.69 4.47 5.26 2.38 3.78 2.65 1.84 
1.82 2.44 3.02 2.64 4.73 2.02 1.99 2.62 0.61 2.25 0.23 1.28 1.57 4.41 3.45 1.48 3.22 2.78 0.8 3.3 2.57 1.27 4.11 3.05 2.23 2.47 3.89 3.82 2.43 2.87 0 2.06 0.83 1.13 3.68 2.96 4.2 3.66 2.58 1.86 1.82 2.37 4.17 2.83 3.12 4.03 3.36 1.11 2.28 3.13 1.7 
1.27 0.97 1.45 0.61 2.95 2.26 1.24 1.26 1.67 1.07 2.19 3.24 2.96 2.68 1.41 1.8 2.18 1.6 2.8 3.45 1.21 1.68 4.22 3.77 1.67 1.12 2.21 3.24 2.5 1.35 2.06 0 2 1.27 2.24 0.92 4.28 3.14 1.42 1.76 3.44 1.95 2.38 2.05 3.35 3.25 3.93 1.19 2.45 1.6 0.54 
1.26 2.68 2.56 2.59 4.26 1.2 2.4 2.14 0.43 1.78 1.04 1.37 1.01 3.92 3.25 0.72 2.56 3.14 1.08 2.48 2.09 0.56 3.29 2.28 1.56 2 3.4 3.04 1.61 3.12 0.83 2 0 0.75 3.11 2.78 3.37 2.88 2.03 2.45 1.45 1.64 3.72 2.14 2.3 3.27 2.57 0.81 1.46 2.65 1.5 
0.71 2.04 1.92 1.86 3.62 1.26 1.9 1.5 0.55 1.13 1.34 2.08 1.7 3.3 2.51 0.67 2.11 2.57 1.71 2.6 1.45 0.47 3.42 2.68 1.16 1.35 2.78 2.84 1.63 2.47 1.13 1.27 0.75 0 2.55 2.04 3.5 2.7 1.45 2.11 2.18 1.36 3.07 1.75 2.45 3 2.9 0.11 1.51 2.02 0.76 
1.87 3.05 0.8 2.2 1.25 2.33 3.47 1.09 3.08 1.45 3.88 4.45 3.64 0.93 1.75 2.44 0.72 3.66 4.18 2.62 1.15 2.55 3.08 3.44 1.59 1.25 0.53 1.65 2.18 3.25 3.68 2.24 3.11 2.55 0 1.77 3.09 1.68 1.1 3.99 4.18 1.63 0.9 1.15 2.65 1.44 3.37 2.58 2.28 0.65 2.17 
1.75 1.36 1.07 0.5 2.16 2.72 1.92 1.19 2.52 1.28 3.1 4.09 3.68 1.93 0.49 2.41 2 1.93 3.68 3.69 1.18 2.36 4.37 4.21 1.95 1.17 1.55 3.15 2.85 1.5 2.96 0.92 2.78 2.04 1.77 0 4.41 3.1 1.43 2.51 4.19 2.2 1.61 2.07 3.63 3.06 4.29 1.99 2.84 1.2 1.3 
3.05 5.24 3.41 4.63 4.15 2.25 5.32 3.23 3.71 3.25 4.4 4.03 2.96 3.89 4.62 2.85 2.5 5.86 4.12 0.91 3.25 3.08 0.1 1.49 2.61 3.28 3.62 1.47 1.87 5.61 4.2 4.28 3.37 3.5 3.09 4.41 0 1.42 3 5.6 3.24 2.33 3.97 2.34 1.08 1.78 1.13 3.6 1.99 3.32 3.84 
2.08 4.1 2.06 3.39 2.77 1.7 4.3 1.96 3.08 2.08 3.89 3.95 2.92 2.49 3.26 2.19 1.12 4.74 3.86 1.12 1.99 2.41 1.41 2.07 1.58 2.05 2.2 0.18 1.31 4.42 3.66 3.14 2.88 2.7 1.68 3.1 1.42 0 1.75 4.69 3.37 1.35 2.55 1.1 1.22 0.53 1.89 2.78 1.48 1.95 2.79 
0.78 2.36 0.61 1.65 2.24 1.45 2.62 0.24 1.98 0.39 2.78 3.38 2.67 1.9 1.72 1.4 0.78 3 3.09 2.27 0.26 1.48 2.95 2.85 0.63 0.31 1.39 1.83 1.48 2.68 2.58 1.42 2.03 1.45 1.1 1.43 3 1.75 0 3.08 3.21 0.82 1.72 0.67 2.21 1.84 2.89 1.48 1.51 0.65 1.17 
2.62 1.26 3.2 2.01 4.65 3.36 0.6 2.97 2.03 2.7 1.8 3.07 3.39 4.4 2.91 2.77 3.85 1.17 2.58 4.71 2.92 2.55 5.53 4.71 3.11 2.82 3.96 4.81 3.73 1.5 1.86 1.76 2.45 2.11 3.99 2.51 5.6 4.69 3.08 0 3.68 3.37 4.09 3.63 4.56 4.89 4.97 2.01 3.62 3.35 1.92 
2.52 4.1 3.8 4.03 5.41 1.87 3.75 3.37 1.83 3.06 1.91 0.89 0.54 5.07 4.64 1.84 3.51 4.53 1.22 2.52 3.34 1.84 3.15 1.79 2.61 3.27 4.57 3.55 2.13 4.54 1.82 3.44 1.45 2.18 4.18 4.19 3.24 3.37 3.21 3.68 0 2.55 4.92 3.06 2.33 3.87 2.16 2.25 1.99 3.85 2.93 
0.75 2.91 1.4 2.33 2.87 0.7 3.02 1.05 1.77 0.95 2.59 2.89 2.02 2.54 2.53 0.93 0.97 3.54 2.7 1.52 1.05 1.12 2.28 2.03 0.28 1.05 2.06 1.49 0.66 3.29 2.37 1.95 1.64 1.36 1.63 2.2 2.33 1.35 0.82 3.37 2.55 0 2.42 0.52 1.44 1.66 2.09 1.44 0.7 1.4 1.52 
2.47 2.96 1.16 2.11 0.58 3.11 3.51 1.59 3.61 1.95 4.35 5.09 4.38 0.33 1.34 3.12 1.6 3.5 4.76 3.52 1.64 3.18 3.96 4.32 2.31 1.73 0.38 2.51 3.02 3.05 4.17 2.38 3.72 3.07 0.9 1.61 3.97 2.55 1.72 4.09 4.92 2.42 0 1.98 3.54 2.25 4.26 3.07 3.1 1.09 2.51 
1.07 3 1.1 2.31 2.39 1.2 3.22 0.89 2.22 0.98 3.05 3.41 2.53 2.06 2.31 1.43 0.46 3.64 3.2 1.66 0.92 1.59 2.3 2.36 0.6 0.96 1.61 1.2 1.04 3.33 2.83 2.05 2.14 1.75 1.15 2.07 2.34 1.1 0.67 3.63 3.06 0.52 1.98 0 1.63 1.28 2.35 1.82 1.14 1.05 1.72 
2.09 4.29 2.73 3.76 3.86 1.2 4.31 2.45 2.64 2.38 3.33 3.04 1.96 3.55 3.92 1.8 1.95 4.9 3.08 0.2 2.46 2.02 0.99 0.85 1.71 2.47 3.16 1.38 0.85 4.69 3.12 3.35 2.3 2.45 2.65 3.63 1.08 1.22 2.21 4.56 2.33 1.44 3.54 1.63 0 1.74 0.73 2.56 0.95 2.68 2.87 
2.33 4.18 1.99 3.41 2.38 2.13 4.46 2.01 3.43 2.21 4.25 4.41 3.4 2.13 3.14 2.57 1.09 4.82 4.29 1.63 2.05 2.77 1.79 2.59 1.85 2.13 1.93 0.38 1.77 4.47 4.03 3.25 3.27 3 1.44 3.06 1.78 0.53 1.84 4.89 3.87 1.66 2.25 1.28 1.74 0 2.39 3.07 1.93 1.87 2.97 
2.66 4.85 3.43 4.39 4.57 1.69 4.79 3.13 2.97 3.02 3.55 2.99 1.95 4.27 4.61 2.23 2.67 5.43 3.15 0.78 3.13 2.44 1.03 0.38 2.35 3.13 3.89 2.02 1.45 5.26 3.36 3.93 2.57 2.9 3.37 4.29 1.13 1.89 2.89 4.97 2.16 2.09 4.26 2.35 0.73 2.39 0 3.01 1.49 3.39 3.42 
0.76 1.94 1.92 1.79 3.63 1.36 1.79 1.52 0.55 1.15 1.31 2.11 1.78 3.31 2.47 0.78 2.17 2.47 1.72 2.7 1.47 0.58 3.52 2.78 1.23 1.36 2.79 2.92 1.73 2.38 1.11 1.19 0.81 0.11 2.58 1.99 3.6 2.78 1.48 2.01 2.25 1.44 3.07 1.82 2.56 3.07 3.01 0 1.62 2.03 0.7 
1.18 3.38 2.09 2.91 3.52 0.27 3.37 1.73 1.74 1.57 2.49 2.48 1.49 3.19 3.2 0.87 1.57 3.98 2.39 1.09 1.72 1.1 1.92 1.37 0.9 1.7 2.73 1.65 0.17 3.78 2.28 2.45 1.46 1.51 2.28 2.84 1.99 1.48 1.51 3.62 1.99 0.7 3.1 1.14 0.95 1.93 1.49 1.62 0 2.09 1.95 
1.39 2.42 0.16 1.59 1.61 2.07 2.83 0.52 2.56 0.89 3.33 4.01 3.31 1.28 1.31 2.04 0.84 3.04 3.7 2.7 0.57 2.1 3.29 3.39 1.25 0.67 0.76 1.98 2.04 2.65 3.13 1.6 2.65 2.02 0.65 1.2 3.32 1.95 0.65 3.35 3.85 1.4 1.09 1.05 2.68 1.87 3.39 2.03 2.09 0 1.56 
0.79 1.43 1.42 1.11 3.08 1.74 1.52 1.1 1.23 0.78 1.86 2.8 2.45 2.78 1.78 1.27 1.94 2.04 2.39 2.98 1.04 1.15 3.77 3.25 1.25 0.93 2.27 2.91 2.02 1.84 1.7 0.54 1.5 0.76 2.17 1.3 3.84 2.79 1.17 1.92 2.93 1.52 2.51 1.72 2.87 2.97 3.42 0.7 1.95 1.56 0 
