Number_Of_Customers: 50
Vehicle_Capacity:    50
Alpha:               0.75
Number_Of_Scenarios: 10

Location_Coordinates:
0 0 0
1 0.259183 1.08421
2 2.27715 1.98117
3 2.45599 -2.21512
4 0.457996 -2.45323
5 -1.41309 0.144397
6 1.87961 0.550249
7 -1.96902 1.62653
8 2.09395 -2.063
9 2.1288 -1.25699
10 -1.28273 1.23485
11 -0.899717 -1.54235
12 -2.3049 1.62424
13 -1.37653 -0.402931
14 -2.05442 1.31279
15 -0.974389 -1.55075
16 1.5245 2.33621
17 -0.391303 -1.63229
18 1.07908 1.01725
19 1.94159 2.27635
20 -1.37414 -0.202589
21 0.0828191 1.94038
22 1.89449 0.683397
23 0.859058 -1.81649
24 0.198509 1.3387
25 -0.493602 -0.97417
26 2.12212 1.55079
27 -0.864115 1.82236
28 -1.63161 -2.46958
29 -1.17958 -0.241109
30 -2.31687 0.328459
31 0.404866 -0.410851
32 -0.17752 1.4131
33 -0.0385844 1.51129
34 0.233707 -2.08119
35 1.38652 -1.76575
36 -1.89379 1.12217
37 0.3444 -1.66932
38 -1.28676 -1.59093
39 1.19383 -0.28017
40 1.17706 -2.07685
41 -0.657397 1.1339
42 2.46681 -0.31856
43 0.961126 -1.35743
44 0.628006 -0.107288
45 1.80865 -2.002
46 2.34807 -0.957218
47 2.03495 1.47098
48 -2.25978 -0.165323
49 1.4241 -0.174264
50 1.14368 1.86768

Demand_per_scenario:
1 6 8 5 7 7 6 6 7 6 5
2 7 4 5 6 7 6 7 6 6 7
3 5 6 6 8 7 6 6 6 5 7
4 4 6 7 4 5 5 7 6 4 7
5 3 5 3 4 2 3 4 4 1 3
6 5 5 7 4 5 3 4 5 4 6
7 6 5 4 6 6 5 6 6 5 6
8 5 4 7 4 6 4 5 2 3 3
9 5 6 5 6 6 6 4 4 4 6
10 7 8 6 8 8 8 7 8 7 8
11 5 6 4 4 4 4 3 5 5 4
12 8 7 9 8 5 9 7 6 5 8
13 8 7 6 7 7 9 6 6 6 5
14 4 5 7 7 6 3 5 7 6 6
15 8 7 6 8 5 4 7 7 8 7
16 7 7 5 9 7 7 7 7 8 7
17 8 8 7 6 10 6 7 9 10 8
18 5 6 5 6 5 6 6 6 6 7
19 7 5 5 5 9 5 7 7 6 6
20 1 2 2 1 2 2 2 2 2 3
21 8 5 8 7 7 7 6 4 6 4
22 5 8 8 7 7 6 5 7 7 6
23 7 8 9 7 7 8 7 7 8 6
24 8 8 10 9 7 8 8 9 8 7
25 6 8 8 7 5 7 7 8 8 7
26 7 6 7 8 8 8 7 8 7 9
27 5 4 2 3 1 3 3 5 6 7
28 4 5 6 5 5 6 6 5 5 5
29 6 10 8 9 7 8 8 8 8 8
30 4 3 3 1 4 3 5 4 3 4
31 6 7 8 6 5 6 6 6 6 4
32 4 5 5 4 6 6 6 4 5 6
33 1 2 3 1 2 2 3 3 2 3
34 6 5 6 3 7 5 5 4 5 6
35 2 5 4 3 4 5 4 4 4 5
36 7 8 6 7 7 7 8 7 8 5
37 2 3 5 3 4 4 1 3 3 5
38 4 4 4 5 3 5 5 4 4 5
39 5 2 5 3 3 3 5 3 4 2
40 7 7 6 6 9 5 7 7 8 6
41 4 5 6 7 5 6 3 7 5 5
42 6 6 5 7 6 4 3 4 5 2
43 6 8 6 5 7 6 8 6 6 5
44 6 5 4 6 5 5 6 4 3 6
45 5 7 5 6 6 5 4 5 5 6
46 9 8 9 7 10 8 8 9 9 8
47 9 6 6 7 8 6 6 9 7 4
48 4 5 5 6 7 7 6 6 7 7
49 5 3 1 4 4 4 5 3 2 4
50 8 8 6 7 5 7 6 8 8 6

Probability_of_each_scenario_occuring:
0.1 0.1 0.1 0.1 0.1 0.1 0.1 0.1 0.1 0.1 

Travel_Costs:
0 1.12 3.02 3.31 2.5 1.43 1.96 2.56 2.94 2.48 1.79 1.79 2.82 1.44 2.44 1.84 2.79 1.68 1.49 3 1.39 1.95 2.02 2.01 1.36 1.1 2.63 2.02 2.96 1.21 2.35 0.58 1.43 1.52 2.1 2.25 2.21 1.71 2.05 1.23 2.39 1.32 2.49 1.67 0.64 2.7 2.54 2.52 2.27 1.44 2.2 
1.12 0 2.21 3.97 3.55 1.92 1.71 2.3 3.65 3 1.55 2.88 2.63 2.22 2.33 2.91 1.79 2.8 0.83 2.07 2.08 0.88 1.69 2.97 0.27 2.2 1.93 1.35 4.03 1.96 2.69 1.51 0.55 0.53 3.17 3.07 2.16 2.76 3.09 1.66 3.3 0.92 2.62 2.55 1.25 3.46 2.93 1.82 2.82 1.72 1.19 
3.02 2.21 0 4.21 4.8 4.13 1.49 4.27 4.05 3.25 3.64 4.75 4.6 4.37 4.39 4.81 0.84 4.5 1.54 0.45 4.26 2.2 1.36 4.06 2.18 4.06 0.46 3.15 5.93 4.11 4.89 3.04 2.52 2.37 4.55 3.86 4.26 4.14 5.05 2.51 4.21 3.06 2.31 3.59 2.67 4.02 2.94 0.57 5.02 2.32 1.14 
3.31 3.97 4.21 0 2.02 4.54 2.83 5.86 0.4 1.02 5.09 3.43 6.12 4.24 5.73 3.5 4.65 2.91 3.52 4.53 4.33 4.79 2.96 1.65 4.22 3.21 3.79 5.23 4.1 4.14 5.41 2.74 4.49 4.49 2.23 1.17 5.49 2.19 3.8 2.32 1.29 4.58 1.9 1.73 2.8 0.69 1.27 3.72 5.15 2.29 4.29 
2.5 3.55 4.8 2.02 0 3.21 3.33 4.75 1.69 2.06 4.08 1.64 4.93 2.76 4.53 1.7 4.91 1.19 3.53 4.96 2.91 4.41 3.45 0.76 3.81 1.76 4.34 4.48 2.09 2.76 3.93 2.05 3.92 4 0.44 1.16 4.28 0.8 1.95 2.3 0.82 3.76 2.94 1.21 2.36 1.43 2.42 4.23 3.56 2.48 4.38 
1.43 1.92 4.13 4.54 3.21 0 3.32 1.59 4.15 3.81 1.1 1.77 1.73 0.55 1.34 1.76 3.67 2.05 2.65 3.98 0.35 2.34 3.36 3.01 2.01 1.45 3.81 1.77 2.63 0.46 0.93 1.91 1.78 1.94 2.77 3.39 1.09 2.53 1.74 2.65 3.42 1.25 3.91 2.81 2.06 3.88 3.92 3.7 0.91 2.86 3.09 
1.96 1.71 1.49 2.83 3.33 3.32 0 4 2.63 1.83 3.24 3.48 4.33 3.4 4.01 3.55 1.83 3.15 0.93 1.73 3.34 2.28 0.14 2.58 1.86 2.83 1.03 3.03 4.64 3.16 4.21 1.77 2.24 2.15 3.11 2.37 3.82 2.7 3.83 1.08 2.72 2.61 1.05 2.12 1.42 2.56 1.58 0.94 4.21 0.86 1.51 
2.56 2.3 4.27 5.86 4.75 1.59 4 0 5.49 5.02 0.8 3.35 0.34 2.12 0.33 3.33 3.57 3.63 3.11 3.97 1.93 2.08 3.98 4.46 2.19 3 4.1 1.13 4.11 2.03 1.35 3.13 1.81 1.94 4.32 4.78 0.51 4.03 3.29 3.7 4.86 1.41 4.85 4.19 3.13 5.24 5.04 4.01 1.82 3.85 3.13 
2.94 3.65 4.05 0.4 1.69 4.15 2.63 5.49 0 0.81 4.72 3.04 5.74 3.85 5.35 3.12 4.44 2.53 3.25 4.35 3.94 4.49 2.76 1.26 3.9 2.81 3.62 4.89 3.75 3.75 5.02 2.37 4.16 4.17 1.87 0.77 5.11 1.8 3.42 2 0.92 4.22 1.79 1.34 2.45 0.3 1.14 3.54 4.75 2.01 4.05 
2.48 3 3.25 1.02 2.06 3.81 1.83 5.02 0.81 0 4.23 3.05 5.29 3.61 4.91 3.12 3.65 2.55 2.51 3.54 3.66 3.8 1.96 1.39 3.24 2.64 2.81 4.3 3.96 3.47 4.72 1.93 3.53 3.52 2.07 0.9 4.68 1.84 3.44 1.36 1.26 3.68 1 1.18 1.9 0.82 0.38 2.73 4.53 1.3 3.28 
1.79 1.55 3.64 5.09 4.08 1.1 3.24 0.8 4.72 4.23 0 2.81 1.1 1.65 0.78 2.81 3.02 3.01 2.38 3.39 1.45 1.54 3.23 3.73 1.49 2.35 3.42 0.73 3.73 1.48 1.38 2.36 1.12 1.28 3.65 4.02 0.63 3.33 2.83 2.91 4.13 0.64 4.06 3.43 2.34 4.48 4.25 3.33 1.71 3.06 2.51 
1.79 2.88 4.75 3.43 1.64 1.77 3.48 3.35 3.04 3.05 2.81 0 3.47 1.24 3.08 0.08 4.58 0.52 3.24 4.76 1.43 3.62 3.58 1.79 3.09 0.7 4.33 3.37 1.19 1.34 2.35 1.73 3.05 3.18 1.26 2.3 2.85 1.26 0.4 2.45 2.15 2.69 3.59 1.88 2.1 2.75 3.31 4.21 1.94 2.7 3.98 
2.82 2.63 4.6 6.12 4.93 1.73 4.33 0.34 5.74 5.29 1.1 3.47 0 2.23 0.4 3.45 3.9 3.78 3.44 4.3 2.06 2.41 4.31 4.68 2.52 3.17 4.43 1.46 4.15 2.18 1.3 3.39 2.14 2.27 4.5 5.02 0.65 4.23 3.38 3.99 5.09 1.72 5.16 4.43 3.41 5.49 5.33 4.35 1.8 4.15 3.46 
1.44 2.22 4.37 4.24 2.76 0.55 3.4 2.12 3.85 3.61 1.65 1.24 2.23 0 1.85 1.22 3.99 1.58 2.84 4.27 0.21 2.77 3.45 2.65 2.35 1.06 4.01 2.29 2.09 0.26 1.2 1.79 2.18 2.34 2.33 3.09 1.62 2.14 1.2 2.58 3.06 1.7 3.85 2.53 2.03 3.57 3.77 3.9 0.92 2.81 3.4 
2.44 2.33 4.39 5.73 4.53 1.34 4.01 0.33 5.35 4.91 0.78 3.08 0.4 1.85 0 3.07 3.73 3.39 3.15 4.12 1.67 2.23 4 4.28 2.26 2.77 4.19 1.3 3.81 1.79 1.02 3.01 1.88 2.03 4.1 4.62 0.25 3.83 3.01 3.62 4.69 1.41 4.81 4.03 3.04 5.1 4.96 4.1 1.5 3.79 3.25 
1.84 2.91 4.81 3.5 1.7 1.76 3.55 3.33 3.12 3.12 2.81 0.08 3.45 1.22 3.07 0 4.63 0.59 3.29 4.82 1.41 3.65 3.64 1.86 3.12 0.76 4.39 3.38 1.13 1.33 2.31 1.79 3.07 3.21 1.32 2.38 2.83 1.33 0.32 2.52 2.22 2.71 3.66 1.95 2.16 2.82 3.38 4.27 1.89 2.77 4.03 
2.79 1.79 0.84 4.65 4.91 3.67 1.83 3.57 4.44 3.65 3.02 4.58 3.9 3.99 3.73 4.63 0 4.41 1.4 0.43 3.86 1.5 1.7 4.21 1.66 3.88 0.99 2.45 5.75 3.74 4.34 2.97 1.94 1.77 4.61 4.11 3.63 4.18 4.83 2.64 4.43 2.5 2.82 3.74 2.61 4.35 3.4 1.01 4.54 2.52 0.61 
1.68 2.8 4.5 2.91 1.19 2.05 3.15 3.63 2.53 2.55 3.01 0.52 3.78 1.58 3.39 0.59 4.41 0 3.04 4.56 1.74 3.61 3.26 1.27 3.03 0.67 4.06 3.49 1.5 1.6 2.75 1.46 3.06 3.17 0.77 1.79 3.14 0.74 0.9 2.09 1.64 2.78 3.15 1.39 1.84 2.24 2.83 3.94 2.38 2.33 3.83 
1.49 0.83 1.54 3.52 3.53 2.65 0.93 3.11 3.25 2.51 2.38 3.24 3.44 2.84 3.15 3.29 1.4 3.04 0 1.53 2.74 1.36 0.89 2.85 0.94 2.54 1.18 2.11 4.42 2.59 3.47 1.58 1.32 1.23 3.22 2.8 2.98 2.79 3.53 1.31 3.1 1.75 1.93 2.38 1.22 3.11 2.35 1.06 3.55 1.25 0.86 
3 2.07 0.45 4.53 4.96 3.98 1.73 3.97 4.35 3.54 3.39 4.76 4.3 4.27 4.12 4.82 0.43 4.56 1.53 0 4.14 1.89 1.6 4.24 1.98 4.07 0.75 2.85 5.95 4.01 4.69 3.1 2.29 2.13 4.69 4.09 4.01 4.26 5.04 2.67 4.42 2.84 2.65 3.77 2.73 4.29 3.26 0.82 4.86 2.51 0.9 
1.39 2.08 4.26 4.33 2.91 0.35 3.34 1.93 3.94 3.66 1.45 1.43 2.06 0.21 1.67 1.41 3.86 1.74 2.74 4.14 0 2.6 3.39 2.76 2.21 1.18 3.92 2.09 2.29 0.2 1.09 1.8 2.02 2.18 2.48 3.18 1.43 2.26 1.4 2.57 3.17 1.52 3.85 2.61 2.01 3.66 3.8 3.8 0.89 2.8 3.26 
1.95 0.88 2.2 4.79 4.41 2.34 2.28 2.08 4.49 3.8 1.54 3.62 2.41 2.77 2.23 3.65 1.5 3.61 1.36 1.89 2.6 0 2.21 3.84 0.62 2.98 2.08 0.96 4.74 2.53 2.9 2.38 0.59 0.45 4.03 3.93 2.14 3.62 3.79 2.49 4.17 1.1 3.29 3.42 2.12 4.31 3.68 2.01 3.15 2.51 1.07 
2.02 1.69 1.36 2.96 3.45 3.36 0.14 3.98 2.76 1.96 3.23 3.58 4.31 3.45 4 3.64 1.7 3.26 0.89 1.6 3.39 2.21 0 2.71 1.82 2.91 0.9 2.99 4.74 3.22 4.23 1.85 2.2 2.11 3.23 2.51 3.82 2.82 3.92 1.2 2.86 2.6 1.16 2.25 1.5 2.69 1.71 0.81 4.25 0.98 1.41 
2.01 2.97 4.06 1.65 0.76 3.01 2.58 4.46 1.26 1.39 3.73 1.79 4.68 2.65 4.28 1.86 4.21 1.27 2.85 4.24 2.76 3.84 2.71 0 3.23 1.6 3.6 4.03 2.58 2.58 3.84 1.48 3.4 3.45 0.68 0.53 4.03 0.54 2.16 1.58 0.42 3.32 2.2 0.48 1.73 0.97 1.72 3.5 3.53 1.74 3.7 
1.36 0.27 2.18 4.22 3.81 2.01 1.86 2.19 3.9 3.24 1.49 3.09 2.52 2.35 2.26 3.12 1.66 3.03 0.94 1.98 2.21 0.62 1.82 3.23 0 2.42 1.94 1.17 4.23 2.1 2.72 1.77 0.39 0.3 3.43 3.33 2.11 3.02 3.29 1.91 3.56 0.89 2.81 2.81 1.51 3.71 3.15 1.85 2.89 1.95 1.09 
1.1 2.2 4.06 3.21 1.76 1.45 2.83 3 2.81 2.64 2.35 0.7 3.17 1.06 2.77 0.76 3.88 0.67 2.54 4.07 1.18 2.98 2.91 1.6 2.42 0 3.64 2.83 1.88 1.01 2.25 1.07 2.41 2.53 1.33 2.04 2.53 1.09 1.01 1.83 2.01 2.12 3.04 1.51 1.42 2.53 2.85 3.52 1.95 2.08 3.28 
2.63 1.93 0.46 3.79 4.34 3.81 1.03 4.1 3.62 2.81 3.42 4.33 4.43 4.01 4.19 4.39 0.99 4.06 1.18 0.75 3.92 2.08 0.9 3.6 1.94 3.64 0 3 5.51 3.76 4.61 2.61 2.31 2.17 4.1 3.4 4.04 3.68 4.64 2.06 3.75 2.82 1.91 3.14 2.24 3.57 2.52 0.12 4.71 1.87 1.03 
2.02 1.35 3.15 5.23 4.48 1.77 3.03 1.13 4.89 4.3 0.73 3.37 1.46 2.29 1.3 3.38 2.45 3.49 2.11 2.85 2.09 0.96 2.99 4.03 1.17 2.83 3 0 4.37 2.09 2.09 2.57 0.8 0.89 4.06 4.24 1.25 3.7 3.44 2.95 4.41 0.72 3.96 3.67 2.44 4.67 4.25 2.93 2.43 3.04 2.01 
2.96 4.03 5.93 4.1 2.09 2.63 4.64 4.11 3.75 3.96 3.73 1.19 4.15 2.09 3.81 1.13 5.75 1.5 4.42 5.95 2.29 4.74 4.74 2.58 4.23 1.88 5.51 4.37 0 2.28 2.89 2.9 4.15 4.29 1.91 3.1 3.61 2.14 0.95 3.58 2.84 3.74 4.63 2.83 3.27 3.48 4.26 5.39 2.39 3.83 5.15 
1.21 1.96 4.11 4.14 2.76 0.46 3.16 2.03 3.75 3.47 1.48 1.34 2.18 0.26 1.79 1.33 3.74 1.6 2.59 4.01 0.2 2.53 3.22 2.58 2.1 1.01 3.76 2.09 2.28 0 1.28 1.6 1.94 2.1 2.33 2.99 1.54 2.09 1.36 2.38 2.99 1.48 3.65 2.42 1.82 3.47 3.6 3.65 1.09 2.61 3.14 
2.35 2.69 4.89 5.41 3.93 0.93 4.21 1.35 5.02 4.72 1.38 2.35 1.3 1.2 1.02 2.31 4.34 2.75 3.47 4.69 1.09 2.9 4.23 3.84 2.72 2.25 4.61 2.09 2.89 1.28 0 2.83 2.4 2.57 3.51 4.26 0.9 3.33 2.18 3.57 4.25 1.85 4.83 3.69 2.98 4.74 4.84 4.5 0.5 3.78 3.79 
0.58 1.51 3.04 2.74 2.05 1.91 1.77 3.13 2.37 1.93 2.36 1.73 3.39 1.79 3.01 1.79 2.97 1.46 1.58 3.1 1.8 2.38 1.85 1.48 1.77 1.07 2.61 2.57 2.9 1.6 2.83 0 1.92 1.98 1.68 1.68 2.77 1.26 2.07 0.8 1.84 1.88 2.07 1.1 0.38 2.13 2.02 2.49 2.68 1.05 2.4 
1.43 0.55 2.52 4.49 3.92 1.78 2.24 1.81 4.16 3.53 1.12 3.05 2.14 2.18 1.88 3.07 1.94 3.06 1.32 2.29 2.02 0.59 2.2 3.4 0.39 2.41 2.31 0.8 4.15 1.94 2.4 1.92 0 0.18 3.52 3.55 1.75 3.13 3.21 2.18 3.75 0.56 3.17 3 1.73 3.96 3.47 2.22 2.62 2.26 1.4 
1.52 0.53 2.37 4.49 4 1.94 2.15 1.94 4.17 3.52 1.28 3.18 2.27 2.34 2.03 3.21 1.77 3.17 1.23 2.13 2.18 0.45 2.11 3.45 0.3 2.53 2.17 0.89 4.29 2.1 2.57 1.98 0.18 0 3.61 3.58 1.9 3.21 3.35 2.18 3.79 0.73 3.11 3.04 1.76 3.97 3.44 2.08 2.79 2.24 1.24 
2.1 3.17 4.55 2.23 0.44 2.77 3.11 4.32 1.87 2.07 3.65 1.26 4.5 2.33 4.1 1.32 4.61 0.77 3.22 4.69 2.48 4.03 3.23 0.68 3.43 1.33 4.1 4.06 1.91 2.33 3.51 1.68 3.52 3.61 0 1.2 3.85 0.43 1.6 2.05 0.95 3.34 2.85 1.03 2.02 1.58 2.4 3.99 3.15 2.25 4.06 
2.25 3.07 3.86 1.17 1.16 3.39 2.37 4.78 0.77 0.9 4.02 2.3 5.02 3.09 4.62 2.38 4.11 1.79 2.8 4.09 3.18 3.93 2.51 0.53 3.33 2.04 3.4 4.24 3.1 2.99 4.26 1.68 3.55 3.58 1.2 0 4.38 1.05 2.68 1.5 0.38 3.55 1.81 0.59 1.83 0.49 1.26 3.31 3.99 1.6 3.65 
2.21 2.16 4.26 5.49 4.28 1.09 3.82 0.51 5.11 4.68 0.63 2.85 0.65 1.62 0.25 2.83 3.63 3.14 2.98 4.01 1.43 2.14 3.82 4.03 2.11 2.53 4.04 1.25 3.61 1.54 0.9 2.77 1.75 1.9 3.85 4.38 0 3.58 2.79 3.4 4.44 1.24 4.6 3.79 2.81 4.85 4.73 3.95 1.34 3.57 3.13 
1.71 2.76 4.14 2.19 0.8 2.53 2.7 4.03 1.8 1.84 3.33 1.26 4.23 2.14 3.83 1.33 4.18 0.74 2.79 4.26 2.26 3.62 2.82 0.54 3.02 1.09 3.68 3.7 2.14 2.09 3.33 1.26 3.13 3.21 0.43 1.05 3.58 0 1.64 1.63 0.93 2.98 2.52 0.7 1.59 1.51 2.13 3.57 3.01 1.85 3.63 
2.05 3.09 5.05 3.8 1.95 1.74 3.83 3.29 3.42 3.44 2.83 0.4 3.38 1.2 3.01 0.32 4.83 0.9 3.53 5.04 1.4 3.79 3.92 2.16 3.29 1.01 4.64 3.44 0.95 1.36 2.18 2.07 3.21 3.35 1.6 2.68 2.79 1.64 0 2.81 2.52 2.8 3.97 2.26 2.43 3.13 3.69 4.52 1.73 3.06 4.23 
1.23 1.66 2.51 2.32 2.3 2.65 1.08 3.7 2 1.36 2.91 2.45 3.99 2.58 3.62 2.52 2.64 2.09 1.31 2.67 2.57 2.49 1.2 1.58 1.91 1.83 2.06 2.95 3.58 2.38 3.57 0.8 2.18 2.18 2.05 1.5 3.4 1.63 2.81 0 1.8 2.33 1.28 1.11 0.6 1.83 1.34 1.95 3.46 0.26 2.15 
2.39 3.3 4.21 1.29 0.82 3.42 2.72 4.86 0.92 1.26 4.13 2.15 5.09 3.06 4.69 2.22 4.43 1.64 3.1 4.42 3.17 4.17 2.86 0.42 3.56 2.01 3.75 4.41 2.84 2.99 4.25 1.84 3.75 3.79 0.95 0.38 4.44 0.93 2.52 1.8 0 3.7 2.19 0.76 2.05 0.64 1.63 3.66 3.94 1.92 3.95 
1.32 0.92 3.06 4.58 3.76 1.25 2.61 1.41 4.22 3.68 0.64 2.69 1.72 1.7 1.41 2.71 2.5 2.78 1.75 2.84 1.52 1.1 2.6 3.32 0.89 2.12 2.82 0.72 3.74 1.48 1.85 1.88 0.56 0.73 3.34 3.55 1.24 2.98 2.8 2.33 3.7 0 3.45 2.98 1.79 3.99 3.67 2.72 2.07 2.46 1.95 
2.49 2.62 2.31 1.9 2.94 3.91 1.05 4.85 1.79 1 4.06 3.59 5.16 3.85 4.81 3.66 2.82 3.15 1.93 2.65 3.85 3.29 1.16 2.2 2.81 3.04 1.91 3.96 4.63 3.65 4.83 2.07 3.17 3.11 2.85 1.81 4.6 2.52 3.97 1.28 2.19 3.45 0 1.83 1.86 1.81 0.65 1.85 4.73 1.06 2.56 
1.67 2.55 3.59 1.73 1.21 2.81 2.12 4.19 1.34 1.18 3.43 1.88 4.43 2.53 4.03 1.95 3.74 1.39 2.38 3.77 2.61 3.42 2.25 0.48 2.81 1.51 3.14 3.67 2.83 2.42 3.69 1.1 3 3.04 1.03 0.59 3.79 0.7 2.26 1.11 0.76 2.98 1.83 0 1.3 1.07 1.45 3.03 3.44 1.28 3.24 
0.64 1.25 2.67 2.8 2.36 2.06 1.42 3.13 2.45 1.9 2.34 2.1 3.41 2.03 3.04 2.16 2.61 1.84 1.22 2.73 2.01 2.12 1.5 1.73 1.51 1.42 2.24 2.44 3.27 1.82 2.98 0.38 1.73 1.76 2.02 1.83 2.81 1.59 2.43 0.6 2.05 1.79 1.86 1.3 0 2.24 1.92 2.12 2.89 0.8 2.05 
2.7 3.46 4.02 0.69 1.43 3.88 2.56 5.24 0.3 0.82 4.48 2.75 5.49 3.57 5.1 2.82 4.35 2.24 3.11 4.29 3.66 4.31 2.69 0.97 3.71 2.53 3.57 4.67 3.48 3.47 4.74 2.13 3.96 3.97 1.58 0.49 4.85 1.51 3.13 1.83 0.64 3.99 1.81 1.07 2.24 0 1.18 3.49 4.47 1.87 3.93 
2.54 2.93 2.94 1.27 2.42 3.92 1.58 5.04 1.14 0.38 4.25 3.31 5.33 3.77 4.96 3.38 3.4 2.83 2.35 3.26 3.8 3.68 1.71 1.72 3.15 2.85 2.52 4.25 4.26 3.6 4.84 2.02 3.47 3.44 2.4 1.26 4.73 2.13 3.69 1.34 1.63 3.67 0.65 1.45 1.92 1.18 0 2.45 4.68 1.22 3.08 
2.52 1.82 0.57 3.72 4.23 3.7 0.94 4.01 3.54 2.73 3.33 4.21 4.35 3.9 4.1 4.27 1.01 3.94 1.06 0.82 3.8 2.01 0.81 3.5 1.85 3.52 0.12 2.93 5.39 3.65 4.5 2.49 2.22 2.08 3.99 3.31 3.95 3.57 4.52 1.95 3.66 2.72 1.85 3.03 2.12 3.49 2.45 0 4.6 1.76 0.98 
2.27 2.82 5.02 5.15 3.56 0.91 4.21 1.82 4.75 4.53 1.71 1.94 1.8 0.92 1.5 1.89 4.54 2.38 3.55 4.86 0.89 3.15 4.25 3.53 2.89 1.95 4.71 2.43 2.39 1.09 0.5 2.68 2.62 2.79 3.15 3.99 1.34 3.01 1.73 3.46 3.94 2.07 4.73 3.44 2.89 4.47 4.68 4.6 0 3.69 3.97 
1.44 1.72 2.32 2.29 2.48 2.86 0.86 3.85 2.01 1.3 3.06 2.7 4.15 2.81 3.79 2.77 2.52 2.33 1.25 2.51 2.8 2.51 0.98 1.74 1.95 2.08 1.87 3.04 3.83 2.61 3.78 1.05 2.26 2.24 2.25 1.6 3.57 1.85 3.06 0.26 1.92 2.46 1.06 1.28 0.8 1.87 1.22 1.76 3.69 0 2.07 
2.2 1.19 1.14 4.29 4.38 3.09 1.51 3.13 4.05 3.28 2.51 3.98 3.46 3.4 3.25 4.03 0.61 3.83 0.86 0.9 3.26 1.07 1.41 3.7 1.09 3.28 1.03 2.01 5.15 3.14 3.79 2.4 1.4 1.24 4.06 3.65 3.13 3.63 4.23 2.15 3.95 1.95 2.56 3.24 2.05 3.93 3.08 0.98 3.97 2.07 0 
