Number_Of_Customers: 50
Vehicle_Capacity:    50
Alpha:               0.75
Number_Of_Scenarios: 3

Location_Coordinates:
0 0 0
1 -2.42628 1.56679
2 -1.96545 1.7512
3 2.47455 -0.184196
4 -0.789722 2.14632
5 -1.74641 -1.96911
6 0.0919749 0.822135
7 -2.37655 2.30418
8 1.40693 1.29482
9 1.96172 0.700923
10 0.414874 -2.21447
11 1.4544 -0.941687
12 -1.93317 -0.780995
13 -1.1773 -1.9398
14 -2.16623 2.10264
15 -0.887516 -1.48302
16 -0.194733 2.1195
17 2.422 1.60588
18 0.103294 1.06579
19 -2.21854 -2.07771
20 -0.133519 0.948684
21 -0.473441 -2.12157
22 -2.28723 -1.40602
23 -0.916822 0.980509
24 -0.581369 -1.06391
25 -1.10458 0.356023
26 -1.32714 -0.178979
27 1.89234 -0.424927
28 -1.74565 0.798629
29 -2.44889 1.45463
30 -2.01758 0.456116
31 0.949527 -1.29441
32 -0.110795 -2.12501
33 0.0379894 -1.5128
34 -0.66162 0.149827
35 -1.85636 0.193876
36 -1.5244 -0.613348
37 1.4623 1.80989
38 -1.13228 -0.301444
39 -1.36111 -1.10976
40 -1.74141 2.11689
41 -1.46217 0.289453
42 -0.171424 -1.12693
43 -0.327507 0.593524
44 0.353551 2.13097
45 0.133824 -0.821551
46 2.19383 1.7242
47 -1.42485 -2.44908
48 -1.73062 -1.58198
49 1.64604 -0.0676642
50 -2.23236 0.689962

Demand_per_scenario:
1 5 6 7
2 6 8 9
3 5 6 7
4 6 8 9
5 6 8 10
6 6 8 9
7 6 8 9
8 4 5 6
9 4 5 6
10 5 7 8
11 5 7 8
12 4 6 7
13 5 7 8
14 6 7 8
15 5 6 7
16 6 8 9
17 6 8 9
18 6 7 9
19 4 5 6
20 4 5 6
21 3 4 5
22 5 6 7
23 4 5 5
24 3 4 4
25 5 7 8
26 4 5 5
27 3 4 5
28 4 6 6
29 5 6 7
30 3 4 4
31 3 3 4
32 5 7 8
33 5 6 7
34 3 4 5
35 5 6 7
36 4 5 6
37 7 9 10
38 5 6 7
39 4 5 6
40 5 7 7
41 4 5 6
42 5 7 8
43 3 4 4
44 5 6 7
45 4 5 6
46 5 6 7
47 4 5 6
48 3 4 5
49 4 6 6
50 4 5 6

Probability_of_each_scenario_occuring:
0.333333 0.333333 0.333333 

Travel_Costs:
0 2.89 2.64 2.49 2.29 2.64 0.83 3.32 1.92 2.09 2.26 1.74 2.09 2.27 3.02 1.73 2.13 2.91 1.08 3.04 0.96 2.18 2.69 1.35 1.22 1.17 1.34 1.94 1.92 2.85 2.07 1.61 2.13 1.52 0.68 1.87 1.65 2.33 1.18 1.76 2.75 1.5 1.14 0.68 2.17 0.84 2.8 2.84 2.35 1.65 2.34 
2.89 0 0.5 5.21 1.74 3.61 2.63 0.74 3.85 4.48 4.73 4.63 2.4 3.73 0.6 3.42 2.3 4.85 2.58 3.66 2.38 4.18 2.98 1.62 3.22 1.8 2.07 4.76 1.03 0.12 1.19 4.43 4.36 3.95 2.27 1.49 2.36 3.9 2.28 2.89 0.88 1.61 3.52 2.32 2.84 3.51 4.63 4.14 3.23 4.39 0.9 
2.64 0.5 0 4.85 1.25 3.73 2.26 0.69 3.41 4.07 4.63 4.36 2.54 3.78 0.41 3.41 1.81 4.39 2.18 3.84 2 4.16 3.18 1.31 3.14 1.64 2.04 4.43 0.98 0.57 1.3 4.22 4.3 3.83 2.07 1.57 2.41 3.43 2.22 2.93 0.43 1.55 3.4 2.01 2.35 3.33 4.16 4.24 3.35 4.05 1.1 
2.49 5.21 4.85 0 4.02 4.59 2.59 5.46 1.83 1.03 2.9 1.28 4.45 4.06 5.18 3.61 3.53 1.8 2.69 5.07 2.85 3.53 4.92 3.59 3.19 3.62 3.81 0.64 4.34 5.19 4.54 1.89 3.24 2.78 3.16 4.35 4.03 2.24 3.61 3.95 4.81 3.97 2.81 2.91 3.14 2.43 1.93 4.51 4.44 0.84 4.79 
2.29 1.74 1.25 4.02 0 4.23 1.6 1.6 2.36 3.11 4.53 3.82 3.15 4.11 1.38 3.64 0.6 3.26 1.41 4.46 1.37 4.28 3.86 1.18 3.22 1.82 2.39 3.72 1.66 1.8 2.09 3.86 4.33 3.76 2.01 2.23 2.86 2.28 2.48 3.31 0.96 1.98 3.34 1.63 1.15 3.11 3.02 4.64 3.85 3.3 2.05 
2.64 3.61 3.73 4.59 4.23 0 3.35 4.32 4.54 4.57 2.18 3.37 1.21 0.57 4.1 0.99 4.38 5.5 3.56 0.49 3.34 1.29 0.79 3.07 1.48 2.42 1.84 3.96 2.77 3.5 2.45 2.78 1.65 1.85 2.39 2.17 1.38 4.96 1.78 0.95 4.09 2.28 1.79 2.93 4.61 2.21 5.41 0.58 0.39 3.89 2.71 
0.83 2.63 2.26 2.59 1.6 3.35 0 2.88 1.4 1.88 3.06 2.23 2.59 3.04 2.6 2.51 1.33 2.46 0.25 3.71 0.26 3 3.26 1.03 2.01 1.29 1.74 2.2 1.84 2.62 2.15 2.29 2.96 2.34 1.01 2.05 2.17 1.69 1.67 2.42 2.25 1.65 1.97 0.48 1.34 1.65 2.29 3.61 3.02 1.8 2.33 
3.32 0.74 0.69 5.46 1.6 4.32 2.88 0 3.92 4.63 5.32 5.03 3.12 4.42 0.3 4.07 2.19 4.85 2.78 4.39 2.63 4.82 3.72 1.98 3.82 2.33 2.7 5.07 1.64 0.86 1.89 4.91 4.98 4.52 2.76 2.18 3.04 3.88 2.89 3.57 0.67 2.22 4.08 2.67 2.74 4.01 4.61 4.85 3.94 4.67 1.63 
1.92 3.85 3.41 1.83 2.36 4.54 1.4 3.92 0 0.82 3.65 2.24 3.94 4.15 3.67 3.61 1.81 1.07 1.33 4.96 1.58 3.9 4.58 2.35 3.09 2.69 3.11 1.79 3.2 3.86 3.53 2.63 3.75 3.13 2.37 3.45 3.5 0.52 3 3.67 3.26 3.05 2.9 1.88 1.35 2.47 0.9 4.7 4.26 1.39 3.69 
2.09 4.48 4.07 1.03 3.11 4.57 1.88 4.63 0.82 0 3.31 1.72 4.17 4.11 4.36 3.59 2.59 1.02 1.9 5.02 2.11 3.73 4.75 2.9 3.1 3.09 3.41 1.13 3.71 4.48 3.99 2.24 3.51 2.94 2.69 3.86 3.73 1.22 3.26 3.79 3.97 3.45 2.81 2.3 2.16 2.38 1.05 4.63 4.35 0.84 4.2 
2.26 4.73 4.63 2.9 4.53 2.18 3.06 5.32 3.65 3.31 0 1.65 2.76 1.62 5.03 1.5 4.38 4.32 3.3 2.64 3.22 0.9 2.83 3.47 1.53 2.99 2.68 2.33 3.71 4.66 3.62 1.07 0.54 0.8 2.6 3.32 2.52 4.16 2.47 2.1 4.84 3.13 1.24 2.91 4.35 1.43 4.33 1.86 2.24 2.48 3.93 
1.74 4.63 4.36 1.28 3.82 3.37 2.23 5.03 2.24 1.72 1.65 0 3.4 2.82 4.74 2.41 3.48 2.73 2.42 3.85 2.47 2.27 3.78 3.06 2.04 2.87 2.89 0.68 3.65 4.59 3.75 0.62 1.97 1.53 2.39 3.51 3 2.76 2.67 2.83 4.43 3.17 1.64 2.36 3.27 1.33 2.77 3.25 3.25 0.9 4.04 
2.09 2.4 2.54 4.45 3.15 1.21 2.59 3.12 3.94 4.17 2.76 3.4 0 1.39 2.9 1.26 3.39 4.97 2.75 1.33 2.5 1.99 0.72 2.04 1.39 1.41 0.86 3.85 1.6 2.3 1.24 2.93 2.27 2.11 1.58 0.98 0.45 4.28 0.94 0.66 2.91 1.17 1.8 2.12 3.71 2.07 4.83 1.75 0.83 3.65 1.51 
2.27 3.73 3.78 4.06 4.11 0.57 3.04 4.42 4.15 4.11 1.62 2.82 1.39 0 4.17 0.55 4.18 5.06 3.27 1.06 3.08 0.73 1.24 2.94 1.06 2.3 1.77 3.43 2.8 3.63 2.54 2.23 1.09 1.29 2.16 2.24 1.38 4.59 1.64 0.86 4.1 2.25 1.3 2.68 4.35 1.73 4.98 0.57 0.66 3.39 2.84 
3.02 0.6 0.41 5.18 1.38 4.1 2.6 0.3 3.67 4.36 5.03 4.74 2.9 4.17 0 3.81 1.98 4.62 2.5 4.19 2.34 4.56 3.52 1.68 3.55 2.05 2.44 4.79 1.38 0.71 1.66 4.61 4.71 4.24 2.47 1.94 2.8 3.65 2.62 3.32 0.43 1.95 3.8 2.38 2.52 3.73 4.38 4.62 3.72 4.39 1.42 
1.73 3.42 3.41 3.61 3.64 0.99 2.51 4.07 3.61 3.59 1.5 2.41 1.26 0.55 3.81 0 3.67 4.53 2.74 1.46 2.55 0.77 1.41 2.47 0.52 1.86 1.38 2.98 2.44 3.33 2.25 1.85 1.01 0.93 1.65 1.94 1.08 4.05 1.21 0.61 3.7 1.87 0.8 2.16 3.83 1.22 4.45 1.11 0.85 2.91 2.56 
2.13 2.3 1.81 3.53 0.6 4.38 1.33 2.19 1.81 2.59 4.38 3.48 3.39 4.18 1.98 3.67 0 2.67 1.1 4.66 1.18 4.26 4.1 1.35 3.21 1.99 2.57 3.3 2.04 2.36 2.47 3.61 4.25 3.64 2.03 2.55 3.04 1.69 2.6 3.44 1.55 2.23 3.25 1.54 0.55 2.96 2.43 4.74 4.01 2.86 2.49 
2.91 4.85 4.39 1.8 3.26 5.5 2.46 4.85 1.07 1.02 4.32 2.73 4.97 5.06 4.62 4.53 2.67 0 2.39 5.93 2.64 4.72 5.6 3.4 4.02 3.75 4.16 2.1 4.25 4.88 4.59 3.26 4.51 3.93 3.42 4.51 4.53 0.99 4.04 4.66 4.2 4.11 3.77 2.93 2.14 3.34 0.26 5.59 5.24 1.85 4.75 
1.08 2.58 2.18 2.69 1.41 3.56 0.25 2.78 1.33 1.9 3.3 2.42 2.75 3.27 2.5 2.74 1.1 2.39 0 3.91 0.27 3.24 3.44 1.03 2.24 1.41 1.9 2.33 1.87 2.59 2.21 2.51 3.2 2.58 1.2 2.15 2.34 1.55 1.85 2.63 2.13 1.75 2.21 0.64 1.1 1.89 2.2 3.84 3.23 1.92 2.37 
3.04 3.66 3.84 5.07 4.46 0.49 3.71 4.39 4.96 5.02 2.64 3.85 1.33 1.06 4.19 1.46 4.66 5.93 3.91 0 3.68 1.75 0.68 3.33 1.93 2.68 2.1 4.44 2.92 3.54 2.55 3.27 2.11 2.33 2.72 2.31 1.63 5.36 2.09 1.3 4.23 2.49 2.26 3.28 4.94 2.67 5.83 0.88 0.7 4.36 2.77 
0.96 2.38 2 2.85 1.37 3.34 0.26 2.63 1.58 2.11 3.22 2.47 2.5 3.08 2.34 2.55 1.18 2.64 0.27 3.68 0 3.09 3.2 0.79 2.07 1.14 1.65 2.45 1.62 2.38 1.95 2.5 3.08 2.47 0.96 1.89 2.1 1.82 1.61 2.4 1.99 1.49 2.08 0.41 1.28 1.8 2.46 3.64 3 2.05 2.12 
2.18 4.18 4.16 3.53 4.28 1.29 3 4.82 3.9 3.73 0.9 2.27 1.99 0.73 4.56 0.77 4.26 4.72 3.24 1.75 3.09 0 1.95 3.14 1.07 2.56 2.13 2.92 3.19 4.09 3.01 1.65 0.37 0.8 2.28 2.7 1.84 4.39 1.94 1.35 4.43 2.61 1.04 2.72 4.34 1.44 4.69 1.01 1.37 2.96 3.32 
2.69 2.98 3.18 4.92 3.86 0.79 3.26 3.72 4.58 4.75 2.83 3.78 0.72 1.24 3.52 1.41 4.1 5.6 3.44 0.68 3.2 1.95 0 2.76 1.74 2.13 1.56 4.3 2.28 2.87 1.89 3.24 2.3 2.33 2.26 1.66 1.11 4.94 1.6 0.98 3.57 1.89 2.14 2.8 4.42 2.5 5.47 1.36 0.59 4.16 2.1 
1.35 1.62 1.31 3.59 1.18 3.07 1.03 1.98 2.35 2.9 3.47 3.06 2.04 2.94 1.68 2.47 1.35 3.4 1.03 3.33 0.79 3.14 2.76 0 2.08 0.66 1.23 3.15 0.85 1.61 1.22 2.95 3.21 2.67 0.87 1.23 1.71 2.52 1.3 2.14 1.41 0.89 2.24 0.71 1.72 2.09 3.2 3.47 2.69 2.77 1.35 
1.22 3.22 3.14 3.19 3.22 1.48 2.01 3.82 3.09 3.1 1.53 2.04 1.39 1.06 3.55 0.52 3.21 4.02 2.24 1.93 2.07 1.07 1.74 2.08 0 1.52 1.16 2.56 2.2 3.14 2.1 1.55 1.17 0.77 1.22 1.8 1.05 3.53 0.95 0.79 3.39 1.62 0.42 1.68 3.33 0.76 3.94 1.63 1.27 2.45 2.41 
1.17 1.8 1.64 3.62 1.82 2.42 1.29 2.33 2.69 3.09 2.99 2.87 1.41 2.3 2.05 1.86 1.99 3.75 1.41 2.68 1.14 2.56 2.13 0.66 1.52 0 0.58 3.1 0.78 1.74 0.92 2.64 2.68 2.2 0.49 0.77 1.06 2.96 0.66 1.49 1.88 0.37 1.76 0.82 2.3 1.71 3.58 2.83 2.04 2.79 1.18 
1.34 2.07 2.04 3.81 2.39 1.84 1.74 2.7 3.11 3.41 2.68 2.89 0.86 1.77 2.44 1.38 2.57 4.16 1.9 2.1 1.65 2.13 1.56 1.23 1.16 0.58 0 3.23 1.07 1.99 0.94 2.54 2.3 1.91 0.75 0.65 0.48 3.43 0.24 0.94 2.34 0.49 1.5 1.27 2.86 1.6 4.01 2.28 1.46 2.98 1.26 
1.94 4.76 4.43 0.64 3.72 3.96 2.2 5.07 1.79 1.13 2.33 0.68 3.85 3.43 4.79 2.98 3.3 2.1 2.33 4.44 2.45 2.92 4.3 3.15 2.56 3.1 3.23 0 3.84 4.74 4.01 1.29 2.63 2.15 2.62 3.8 3.43 2.28 3.03 3.33 4.44 3.43 2.18 2.45 2.99 1.81 2.18 3.89 3.81 0.44 4.28 
1.92 1.03 0.98 4.34 1.66 2.77 1.84 1.64 3.2 3.71 3.71 3.65 1.6 2.8 1.38 2.44 2.04 4.25 1.87 2.92 1.62 3.19 2.28 0.85 2.2 0.78 1.07 3.84 0 0.97 0.44 3.42 3.35 2.92 1.27 0.62 1.43 3.37 1.26 1.95 1.32 0.59 2.49 1.44 2.49 2.49 4.05 3.27 2.39 3.51 0.5 
2.85 0.12 0.57 5.19 1.8 3.5 2.62 0.86 3.86 4.48 4.66 4.59 2.3 3.63 0.71 3.33 2.36 4.88 2.59 3.54 2.38 4.09 2.87 1.61 3.14 1.74 1.99 4.74 0.97 0 1.09 4.38 4.28 3.88 2.22 1.4 2.27 3.93 2.2 2.79 0.97 1.53 3.45 2.29 2.89 3.45 4.66 4.04 3.13 4.37 0.8 
2.07 1.19 1.3 4.54 2.09 2.45 2.15 1.89 3.53 3.99 3.62 3.75 1.24 2.54 1.66 2.25 2.47 4.59 2.21 2.55 1.95 3.01 1.89 1.22 2.1 0.92 0.94 4.01 0.44 1.09 0 3.45 3.21 2.85 1.4 0.31 1.18 3.74 1.17 1.7 1.69 0.58 2.44 1.7 2.91 2.51 4.4 2.97 2.06 3.71 0.32 
1.61 4.43 4.22 1.89 3.86 2.78 2.29 4.91 2.63 2.24 1.07 0.62 2.93 2.23 4.61 1.85 3.61 3.26 2.51 3.27 2.5 1.65 3.24 2.95 1.55 2.64 2.54 1.29 3.42 4.38 3.45 0 1.35 0.94 2.17 3.18 2.57 3.15 2.31 2.32 4.35 2.89 1.14 2.28 3.48 0.95 3.27 2.65 2.7 1.42 3.75 
2.13 4.36 4.3 3.24 4.33 1.65 2.96 4.98 3.75 3.51 0.54 1.97 2.27 1.09 4.71 1.01 4.25 4.51 3.2 2.11 3.08 0.37 2.3 3.21 1.17 2.68 2.3 2.63 3.35 4.28 3.21 1.35 0 0.64 2.35 2.91 2.07 4.24 2.1 1.62 4.55 2.77 1 2.73 4.29 1.33 4.49 1.36 1.71 2.71 3.53 
1.52 3.95 3.83 2.78 3.76 1.85 2.34 4.52 3.13 2.94 0.8 1.53 2.11 1.29 4.24 0.93 3.64 3.93 2.58 2.33 2.47 0.8 2.33 2.67 0.77 2.2 1.91 2.15 2.92 3.88 2.85 0.94 0.64 0 1.81 2.55 1.81 3.62 1.69 1.46 4.05 2.35 0.44 2.14 3.66 0.7 3.89 1.74 1.77 2.17 3.17 
0.68 2.27 2.07 3.16 2.01 2.39 1.01 2.76 2.37 2.69 2.6 2.39 1.58 2.16 2.47 1.65 2.03 3.42 1.2 2.72 0.96 2.28 2.26 0.87 1.22 0.49 0.75 2.62 1.27 2.22 1.4 2.17 2.35 1.81 0 1.2 1.16 2.7 0.66 1.45 2.25 0.82 1.37 0.56 2.23 1.26 3.27 2.71 2.04 2.32 1.67 
1.87 1.49 1.57 4.35 2.23 2.17 2.05 2.18 3.45 3.86 3.32 3.51 0.98 2.24 1.94 1.94 2.55 4.51 2.15 2.31 1.89 2.7 1.66 1.23 1.8 0.77 0.65 3.8 0.62 1.4 0.31 3.18 2.91 2.55 1.2 0 0.88 3.7 0.88 1.4 1.93 0.41 2.15 1.59 2.94 2.24 4.33 2.68 1.79 3.52 0.63 
1.65 2.36 2.41 4.03 2.86 1.38 2.17 3.04 3.5 3.73 2.52 3 0.45 1.38 2.8 1.08 3.04 4.53 2.34 1.63 2.1 1.84 1.11 1.71 1.05 1.06 0.48 3.43 1.43 2.27 1.18 2.57 2.07 1.81 1.16 0.88 0 3.85 0.51 0.53 2.74 0.91 1.45 1.7 3.33 1.68 4.4 1.84 1 3.22 1.49 
2.33 3.9 3.43 2.24 2.28 4.96 1.69 3.88 0.52 1.22 4.16 2.76 4.28 4.59 3.65 4.05 1.69 0.99 1.55 5.36 1.82 4.39 4.94 2.52 3.53 2.96 3.43 2.28 3.37 3.93 3.74 3.15 4.24 3.62 2.7 3.7 3.85 0 3.35 4.07 3.22 3.3 3.37 2.17 1.16 2.95 0.74 5.15 4.66 1.89 3.87 
1.18 2.28 2.22 3.61 2.48 1.78 1.67 2.89 3 3.26 2.47 2.67 0.94 1.64 2.62 1.21 2.6 4.04 1.85 2.09 1.61 1.94 1.6 1.3 0.95 0.66 0.24 3.03 1.26 2.2 1.17 2.31 2.1 1.69 0.66 0.88 0.51 3.35 0 0.85 2.5 0.68 1.27 1.21 2.86 1.37 3.9 2.17 1.42 2.79 1.49 
1.76 2.89 2.93 3.95 3.31 0.95 2.42 3.57 3.67 3.79 2.1 2.83 0.66 0.86 3.32 0.61 3.44 4.66 2.63 1.3 2.4 1.35 0.98 2.14 0.79 1.49 0.94 3.33 1.95 2.79 1.7 2.32 1.62 1.46 1.45 1.4 0.53 4.07 0.85 0 3.25 1.41 1.19 2 3.67 1.53 4.55 1.35 0.6 3.19 2 
2.75 0.88 0.43 4.81 0.96 4.09 2.25 0.67 3.26 3.97 4.84 4.43 2.91 4.1 0.43 3.7 1.55 4.2 2.13 4.23 1.99 4.43 3.57 1.41 3.39 1.88 2.34 4.44 1.32 0.97 1.69 4.35 4.55 4.05 2.25 1.93 2.74 3.22 2.5 3.25 0 1.85 3.61 2.08 2.1 3.49 3.96 4.58 3.7 4.04 1.51 
1.5 1.61 1.55 3.97 1.98 2.28 1.65 2.22 3.05 3.45 3.13 3.17 1.17 2.25 1.95 1.87 2.23 4.11 1.75 2.49 1.49 2.61 1.89 0.89 1.62 0.37 0.49 3.43 0.59 1.53 0.58 2.89 2.77 2.35 0.82 0.41 0.91 3.3 0.68 1.41 1.85 0 1.92 1.18 2.59 1.95 3.93 2.74 1.9 3.13 0.87 
1.14 3.52 3.4 2.81 3.34 1.79 1.97 4.08 2.9 2.81 1.24 1.64 1.8 1.3 3.8 0.8 3.25 3.77 2.21 2.26 2.08 1.04 2.14 2.24 0.42 1.76 1.5 2.18 2.49 3.45 2.44 1.14 1 0.44 1.37 2.15 1.45 3.37 1.27 1.19 3.61 1.92 0 1.73 3.3 0.44 3.71 1.83 1.63 2.11 2.75 
0.68 2.32 2.01 2.91 1.63 2.93 0.48 2.67 1.88 2.3 2.91 2.36 2.12 2.68 2.38 2.16 1.54 2.93 0.64 3.28 0.41 2.72 2.8 0.71 1.68 0.82 1.27 2.45 1.44 2.29 1.7 2.28 2.73 2.14 0.56 1.59 1.7 2.17 1.21 2 2.08 1.18 1.73 0 1.69 1.49 2.77 3.24 2.59 2.09 1.91 
2.17 2.84 2.35 3.14 1.15 4.61 1.34 2.74 1.35 2.16 4.35 3.27 3.71 4.35 2.52 3.83 0.55 2.14 1.1 4.94 1.28 4.34 4.42 1.72 3.33 2.3 2.86 2.99 2.49 2.89 2.91 3.48 4.29 3.66 2.23 2.94 3.33 1.16 2.86 3.67 2.1 2.59 3.3 1.69 0 2.97 1.89 4.92 4.26 2.56 2.97 
0.84 3.51 3.33 2.43 3.11 2.21 1.65 4.01 2.47 2.38 1.43 1.33 2.07 1.73 3.73 1.22 2.96 3.34 1.89 2.67 1.8 1.44 2.5 2.09 0.76 1.71 1.6 1.81 2.49 3.45 2.51 0.95 1.33 0.7 1.26 2.24 1.68 2.95 1.37 1.53 3.49 1.95 0.44 1.49 2.97 0 3.28 2.26 2.02 1.69 2.81 
2.8 4.63 4.16 1.93 3.02 5.41 2.29 4.61 0.9 1.05 4.33 2.77 4.83 4.98 4.38 4.45 2.43 0.26 2.2 5.83 2.46 4.69 5.47 3.2 3.94 3.58 4.01 2.18 4.05 4.66 4.4 3.27 4.49 3.89 3.27 4.33 4.4 0.74 3.9 4.55 3.96 3.93 3.71 2.77 1.89 3.28 0 5.53 5.14 1.88 4.55 
2.84 4.14 4.24 4.51 4.64 0.58 3.61 4.85 4.7 4.63 1.86 3.25 1.75 0.57 4.62 1.11 4.74 5.59 3.84 0.88 3.64 1.01 1.36 3.47 1.63 2.83 2.28 3.89 3.27 4.04 2.97 2.65 1.36 1.74 2.71 2.68 1.84 5.15 2.17 1.35 4.58 2.74 1.83 3.24 4.92 2.26 5.53 0 0.92 3.89 3.25 
2.35 3.23 3.35 4.44 3.85 0.39 3.02 3.94 4.26 4.35 2.24 3.25 0.83 0.66 3.72 0.85 4.01 5.24 3.23 0.7 3 1.37 0.59 2.69 1.27 2.04 1.46 3.81 2.39 3.13 2.06 2.7 1.71 1.77 2.04 1.79 1 4.66 1.42 0.6 3.7 1.9 1.63 2.59 4.26 2.02 5.14 0.92 0 3.71 2.33 
1.65 4.39 4.05 0.84 3.3 3.89 1.8 4.67 1.39 0.84 2.48 0.9 3.65 3.39 4.39 2.91 2.86 1.85 1.92 4.36 2.05 2.96 4.16 2.77 2.45 2.79 2.98 0.44 3.51 4.37 3.71 1.42 2.71 2.17 2.32 3.52 3.22 1.89 2.79 3.19 4.04 3.13 2.11 2.09 2.56 1.69 1.88 3.89 3.71 0 3.96 
2.34 0.9 1.1 4.79 2.05 2.71 2.33 1.63 3.69 4.2 3.93 4.04 1.51 2.84 1.42 2.56 2.49 4.75 2.37 2.77 2.12 3.32 2.1 1.35 2.41 1.18 1.26 4.28 0.5 0.8 0.32 3.75 3.53 3.17 1.67 0.63 1.49 3.87 1.49 2 1.51 0.87 2.75 1.91 2.97 2.81 4.55 3.25 2.33 3.96 0 
