Number_Of_Customers: 25
Vehicle_Capacity:    50
Alpha:               0.75
Number_Of_Scenarios: 3

Location_Coordinates:
0 0 0
1 1.66653 -0.704951
2 1.88034 -2.11778
3 1.46607 0.154686
4 -0.186434 1.60915
5 0.0239013 1.70955
6 2.45732 0.185043
7 0.0229526 0.763639
8 -0.52451 -0.434716
9 -1.27484 -1.1719
10 -1.10829 -1.95847
11 -0.980867 -0.426935
12 -0.496049 -2.10127
13 -1.0623 0.918975
14 0.211635 1.95579
15 0.981787 0.894893
16 0.465158 -2.096
17 -2.40347 -0.0786259
18 -1.46537 1.55325
19 0.455984 -1.27136
20 2.22745 1.76693
21 1.72706 1.67903
22 -0.561106 -0.512363
23 -1.29088 -0.797442
24 2.39079 2.09107
25 -0.39725 -1.57397

Demand_per_scenario:
1 5 6 8
2 5 6 7
3 3 4 5
4 4 5 6
5 3 4 5
6 5 6 8
7 6 8 10
8 8 9 12
9 6 8 10
10 4 5 7
11 3 4 5
12 6 7 9
13 3 4 6
14 4 5 7
15 5 6 8
16 5 7 9
17 3 3 4
18 4 5 6
19 6 8 11
20 1 2 2
21 6 8 10
22 7 8 11
23 3 3 4
24 3 3 4
25 4 5 7

Probability_of_each_scenario_occuring:
0.333333 0.333333 0.333333 

Travel_Costs:
0 1.81 2.84 1.48 1.62 1.71 2.47 0.77 0.69 1.74 2.26 1.07 2.16 1.41 1.97 1.33 2.15 2.41 2.14 1.36 2.85 2.41 0.76 1.52 3.18 1.63 
1.81 0 1.43 0.89 2.97 2.93 1.2 2.21 2.21 2.98 3.05 2.67 2.58 3.18 3.04 1.75 1.84 4.12 3.87 1.34 2.54 2.39 2.24 2.96 2.89 2.24 
2.84 1.43 0 2.31 4.27 4.26 2.38 3.43 2.94 3.3 3 3.33 2.38 4.23 4.41 3.15 1.42 4.75 4.97 1.66 3.91 3.8 2.93 3.44 4.24 2.35 
1.48 0.89 2.31 0 2.21 2.13 1 1.57 2.08 3.05 3.34 2.52 2.99 2.65 2.2 0.89 2.47 3.88 3.25 1.75 1.79 1.55 2.14 2.92 2.15 2.55 
1.62 2.97 4.27 2.21 0 0.24 3.01 0.88 2.08 2.99 3.69 2.19 3.73 1.12 0.53 1.37 3.77 2.79 1.29 2.96 2.42 1.92 2.16 2.65 2.63 3.2 
1.71 2.93 4.26 2.13 0.24 0 2.88 0.95 2.22 3.17 3.84 2.37 3.85 1.35 0.31 1.26 3.84 3.02 1.5 3.02 2.21 1.71 2.3 2.84 2.4 3.32 
2.47 1.2 2.38 1 3.01 2.88 0 2.51 3.05 3.98 4.17 3.5 3.74 3.6 2.86 1.64 3.03 4.87 4.16 2.48 1.6 1.67 3.1 3.88 1.91 3.36 
0.77 2.21 3.43 1.57 0.88 0.95 2.51 0 1.32 2.34 2.95 1.56 2.92 1.1 1.21 0.97 2.9 2.57 1.69 2.09 2.43 1.94 1.41 2.05 2.72 2.38 
0.69 2.21 2.94 2.08 2.08 2.22 3.05 1.32 0 1.06 1.64 0.46 1.67 1.46 2.51 2.01 1.94 1.92 2.2 1.29 3.53 3.09 0.09 0.85 3.86 1.15 
1.74 2.98 3.3 3.05 2.99 3.17 3.98 2.34 1.06 0 0.81 0.81 1.22 2.11 3.47 3.07 1.98 1.58 2.74 1.74 4.58 4.14 0.98 0.38 4.91 0.97 
2.26 3.05 3 3.34 3.69 3.84 4.17 2.95 1.64 0.81 0 1.54 0.63 2.88 4.14 3.54 1.58 2.29 3.53 1.71 5.01 4.62 1.55 1.18 5.36 0.81 
1.07 2.67 3.33 2.52 2.19 2.37 3.5 1.56 0.46 0.81 1.54 0 1.75 1.35 2.67 2.37 2.21 1.47 2.04 1.67 3.89 3.44 0.43 0.49 4.21 1.29 
2.16 2.58 2.38 2.99 3.73 3.85 3.74 2.92 1.67 1.22 0.63 1.75 0 3.08 4.12 3.35 0.97 2.79 3.79 1.27 4.74 4.39 1.6 1.53 5.1 0.54 
1.41 3.18 4.23 2.65 1.12 1.35 3.6 1.1 1.46 2.11 2.88 1.35 3.08 0 1.65 2.05 3.38 1.68 0.76 2.67 3.4 2.9 1.52 1.74 3.65 2.59 
1.97 3.04 4.41 2.2 0.53 0.31 2.86 1.21 2.51 3.47 4.14 2.67 4.12 1.65 0 1.32 4.06 3.32 1.73 3.24 2.03 1.55 2.59 3.14 2.19 3.59 
1.33 1.75 3.15 0.89 1.37 1.26 1.64 0.97 2.01 3.07 3.54 2.37 3.35 2.05 1.32 0 3.04 3.53 2.54 2.23 1.53 1.09 2.09 2.84 1.85 2.83 
2.15 1.84 1.42 2.47 3.77 3.84 3.03 2.9 1.94 1.98 1.58 2.21 0.97 3.38 4.06 3.04 0 3.51 4.13 0.83 4.25 3.99 1.89 2.19 4.61 1.01 
2.41 4.12 4.75 3.88 2.79 3.02 4.87 2.57 1.92 1.58 2.29 1.47 2.79 1.68 3.32 3.53 3.51 0 1.89 3.1 4.99 4.49 1.9 1.33 5.27 2.51 
2.14 3.87 4.97 3.25 1.29 1.5 4.16 1.69 2.2 2.74 3.53 2.04 3.79 0.76 1.73 2.54 4.13 1.89 0 3.42 3.7 3.2 2.26 2.36 3.9 3.31 
1.36 1.34 1.66 1.75 2.96 3.02 2.48 2.09 1.29 1.74 1.71 1.67 1.27 2.67 3.24 2.23 0.83 3.1 3.42 0 3.52 3.22 1.27 1.82 3.88 0.91 
2.85 2.54 3.91 1.79 2.42 2.21 1.6 2.43 3.53 4.58 5.01 3.89 4.74 3.4 2.03 1.53 4.25 4.99 3.7 3.52 0 0.51 3.61 4.36 0.37 4.25 
2.41 2.39 3.8 1.55 1.92 1.71 1.67 1.94 3.09 4.14 4.62 3.44 4.39 2.9 1.55 1.09 3.99 4.49 3.2 3.22 0.51 0 3.17 3.91 0.79 3.89 
0.76 2.24 2.93 2.14 2.16 2.3 3.1 1.41 0.09 0.98 1.55 0.43 1.6 1.52 2.59 2.09 1.89 1.9 2.26 1.27 3.61 3.17 0 0.79 3.94 1.08 
1.52 2.96 3.44 2.92 2.65 2.84 3.88 2.05 0.85 0.38 1.18 0.49 1.53 1.74 3.14 2.84 2.19 1.33 2.36 1.82 4.36 3.91 0.79 0 4.68 1.19 
3.18 2.89 4.24 2.15 2.63 2.4 1.91 2.72 3.86 4.91 5.36 4.21 5.1 3.65 2.19 1.85 4.61 5.27 3.9 3.88 0.37 0.79 3.94 4.68 0 4.61 
1.63 2.24 2.35 2.55 3.2 3.32 3.36 2.38 1.15 0.97 0.81 1.29 0.54 2.59 3.59 2.83 1.01 2.51 3.31 0.91 4.25 3.89 1.08 1.19 4.61 0 
