Number_Of_Customers: 50
Vehicle_Capacity:    50
Alpha:               0.75
Number_Of_Scenarios: 100

Location_Coordinates:
0 0 0
1 -2.42091 1.70465
2 0.0481566 -0.632012
3 -2.22606 1.64253
4 0.951056 -0.599811
5 -1.0293 0.596187
6 0.113105 0.949001
7 -0.13617 1.38843
8 0.318298 -0.36205
9 0.0284041 2.38722
10 1.9651 -2.48159
11 1.87235 -1.47666
12 1.74963 1.01012
13 2.01978 1.37157
14 1.95098 0.142475
15 -0.414928 1.3097
16 2.1196 -0.811585
17 -0.315331 0.224514
18 -1.59943 -1.65306
19 2.01064 -2.16364
20 0.715281 1.72536
21 -1.93496 -0.868336
22 0.869159 -2.0382
23 -1.09414 0.709661
24 2.26973 2.31141
25 -2.16335 0.585239
26 1.11403 -1.52322
27 -0.823747 0.282639
28 0.315489 2.41829
29 -0.720268 -0.541741
30 -0.0340927 2.00437
31 2.42276 -0.699353
32 0.972552 0.678659
33 1.22794 -1.98027
34 -2.38534 -0.331586
35 2.04056 0.613514
36 1.32463 -1.86122
37 -1.59051 -1.67983
38 2.11051 1.38122
39 -0.905979 -1.78553
40 0.515808 -0.822672
41 -1.65629 -2.30006
42 -2.06757 0.362175
43 2.06738 1.45938
44 -2.1939 2.10717
45 0.202324 0.462372
46 1.09292 -1.22191
47 -1.63174 0.365571
48 -0.847161 1.77072
49 0.470136 1.58292
50 -0.895664 1.57786

Demand_per_scenario:
1 7 7 6 8 7 7 7 6 6 9 8 7 6 6 6 5 5 6 5 7 7 6 5 6 6 6 5 6 7 6 5 8 7 6 9 7 7 6 6 6 7 7 7 7 6 8 8 6 8 7 7 6 6 6 7 8 7 6 4 9 6 5 7 8 6 7 8 7 7 9 7 6 7 8 6 6 8 7 7 8 6 5 7 7 8 7 4 6 8 8 7 6 7 7 6 6 5 7 6 6
2 8 8 8 8 9 8 8 7 7 7 9 8 6 8 7 9 8 10 8 7 8 6 8 9 9 10 8 10 8 8 8 8 6 8 8 10 7 9 7 7 9 8 9 8 7 8 7 8 10 7 6 7 8 8 10 8 10 9 8 8 8 7 9 7 7 8 8 7 6 8 7 8 7 9 9 9 6 9 8 8 7 6 9 8 7 9 7 9 9 9 8 6 7 8 7 8 8 8 8 7
3 6 5 5 5 6 8 6 6 6 5 8 7 5 7 7 7 8 6 6 6 6 7 6 5 6 6 6 6 7 6 5 5 7 4 6 8 6 6 5 5 7 5 6 7 7 6 6 7 8 7 6 5 6 5 5 8 6 6 5 6 6 8 7 7 5 5 4 5 5 7 6 4 6 7 5 6 6 6 6 8 7 7 7 6 8 7 5 5 4 7 7 7 6 7 5 6 4 5 8 6
4 3 1 3 3 3 2 3 2 4 2 4 2 3 2 3 2 1 3 3 3 4 2 2 2 4 3 5 3 3 2 4 3 2 3 4 3 3 3 3 3 1 3 2 3 2 4 5 4 2 5 3 4 1 3 5 4 3 4 3 4 4 3 5 5 4 3 2 3 3 3 5 3 3 2 2 2 2 2 2 4 5 3 4 1 3 4 3 4 4 3 5 4 5 5 2 2 2 2 3 3
5 8 11 10 11 8 9 11 12 10 10 10 9 9 10 9 9 11 9 11 10 10 9 11 10 11 9 9 9 9 8 7 9 9 10 9 10 10 9 13 11 8 10 8 8 11 9 9 10 10 11 10 9 8 10 9 9 11 10 8 10 9 9 9 10 8 10 8 8 8 10 11 10 11 9 11 9 10 10 10 9 8 9 9 10 11 10 9 10 9 10 11 11 9 11 10 9 10 8 10 11
6 10 8 11 9 8 7 10 9 9 8 10 11 7 10 9 9 9 8 8 10 10 8 8 9 11 8 9 8 7 10 9 10 9 10 9 8 10 10 9 11 9 9 8 10 10 8 9 10 9 9 9 10 8 11 9 9 10 8 10 9 10 9 10 8 11 8 8 9 10 9 9 7 8 10 8 9 9 10 7 10 9 7 10 10 12 11 9 9 9 8 10 11 9 11 9 9 9 8 9 8
7 5 5 3 6 4 4 7 5 4 4 3 4 4 4 5 6 5 4 5 5 4 3 5 5 5 4 5 2 4 4 4 5 2 5 5 6 4 6 5 6 5 4 6 4 6 4 3 4 4 5 5 4 5 4 4 4 3 4 3 7 6 5 5 4 4 4 6 4 3 4 6 5 3 5 4 5 3 4 5 4 5 6 4 6 4 4 5 3 4 5 4 5 5 4 5 5 7 4 5 5
8 3 4 4 4 3 4 2 4 4 4 4 3 3 5 4 5 5 5 5 3 3 5 6 2 2 4 2 4 4 3 4 3 4 4 4 4 5 3 1 3 3 3 3 3 4 2 4 3 4 5 5 4 4 4 4 5 5 4 5 2 3 5 4 4 4 3 4 4 4 2 3 3 4 4 5 2 3 5 3 5 4 3 4 4 5 4 5 3 4 3 4 5 2 4 5 4 4 4 4 4
9 3 4 4 4 5 5 3 4 3 5 5 3 5 5 5 4 2 3 3 4 3 4 4 4 5 3 5 4 4 5 3 4 5 3 2 4 3 5 3 3 5 5 2 3 5 3 5 4 3 3 3 5 5 5 2 3 4 5 5 5 6 5 4 3 5 3 5 3 3 4 4 2 4 5 4 4 4 4 5 4 6 4 4 5 4 3 4 4 5 3 4 4 3 3 4 3 2 3 3 3
10 6 6 6 5 5 5 5 6 5 6 6 6 6 7 6 5 5 5 7 7 5 4 6 4 6 4 7 5 5 7 4 6 7 6 5 5 6 5 6 7 5 4 5 6 5 6 5 4 5 5 6 9 7 6 6 5 6 5 6 6 6 5 4 5 5 5 6 7 5 6 5 6 4 5 6 5 8 5 5 4 7 3 4 5 6 5 6 6 4 6 6 6 6 7 6 7 5 4 6 6
11 3 3 3 4 2 4 2 5 3 5 3 5 4 3 4 4 3 2 4 4 4 4 3 5 3 2 4 5 4 4 3 3 3 2 2 5 3 3 2 4 3 4 5 4 2 4 4 4 4 2 2 2 5 1 3 5 3 4 4 5 3 3 5 4 4 3 2 4 2 5 3 5 4 4 2 1 4 1 4 3 4 4 5 5 4 4 4 3 4 4 4 5 3 4 2 5 2 4 4 4
12 4 4 5 4 5 4 3 4 4 4 4 5 3 5 5 3 4 3 3 5 5 3 5 5 3 4 3 5 4 4 4 5 5 5 3 5 4 5 4 4 5 3 4 4 4 5 4 6 4 4 5 4 2 3 6 6 6 5 5 3 3 4 3 4 5 4 3 4 4 4 6 4 3 6 5 3 6 5 4 3 4 3 4 4 4 5 5 5 5 5 3 4 3 6 3 7 3 4 4 4
13 4 3 4 3 4 6 4 4 5 5 3 4 4 4 3 5 5 3 3 3 3 3 4 4 6 3 6 4 5 3 2 3 3 3 4 5 3 4 2 3 5 5 3 2 4 4 6 4 3 3 4 4 4 2 4 4 4 3 2 4 3 4 4 4 3 4 1 5 4 4 5 5 5 3 4 6 3 3 5 3 5 4 4 5 4 4 3 3 4 4 3 3 4 6 4 3 2 5 3 3
14 9 9 7 7 7 5 6 8 7 5 6 6 7 7 7 7 5 8 7 7 6 7 6 8 7 7 5 8 6 7 7 7 8 5 8 6 8 5 5 5 7 7 8 6 8 7 8 5 7 6 7 8 7 7 5 8 6 8 5 7 6 6 7 7 6 7 8 6 5 7 7 9 8 7 7 6 6 7 7 6 9 8 8 6 8 8 6 6 8 6 7 8 6 10 8 8 8 6 6 8
15 3 3 4 2 2 3 4 5 4 4 5 3 5 3 3 5 4 4 3 3 2 4 3 4 4 2 3 3 3 4 3 2 4 3 5 3 4 4 2 5 4 6 3 4 3 4 4 3 4 3 4 5 2 2 3 2 4 3 3 1 2 3 3 4 3 2 5 3 4 4 3 4 2 4 4 2 3 3 5 3 3 4 4 4 5 4 6 3 4 5 5 3 3 3 3 3 4 4 4 5
16 7 6 7 9 8 6 9 8 8 9 8 6 9 7 6 9 7 7 5 6 9 9 8 7 9 7 8 7 9 7 9 7 8 7 9 8 8 8 7 9 8 8 7 8 9 8 8 9 11 7 7 9 8 8 6 7 6 8 8 8 7 8 8 8 8 9 10 8 6 10 9 8 7 8 8 9 9 8 7 10 9 7 8 5 8 8 9 6 8 9 7 7 8 8 7 8 9 8 8 8
17 8 8 8 7 9 7 6 7 6 8 7 6 8 8 8 8 5 6 6 5 8 8 8 7 8 7 9 7 9 8 8 8 7 7 6 6 7 8 7 5 7 9 8 7 8 7 6 8 7 6 8 7 9 6 8 6 7 6 7 7 7 9 8 7 6 6 6 8 8 8 6 8 7 7 7 7 8 8 7 8 7 7 7 6 7 7 7 7 6 8 7 8 7 7 6 8 8 8 7 6
18 7 6 6 7 5 6 8 7 7 7 8 6 6 7 7 8 8 8 6 6 6 6 6 5 6 5 6 6 6 5 7 8 7 8 7 9 6 5 7 5 6 7 6 7 6 5 7 6 7 6 7 7 7 6 8 8 5 6 6 6 6 7 8 7 5 5 7 7 6 6 6 6 6 6 8 7 7 7 9 7 6 7 5 6 6 7 8 5 7 8 6 7 8 6 7 8 5 5 5 8
19 4 4 5 6 5 3 3 2 4 3 3 4 3 3 6 3 3 4 4 3 4 4 4 3 4 5 4 3 4 4 2 2 3 6 3 3 5 3 4 3 3 5 5 3 5 4 4 4 4 3 4 3 2 6 4 2 3 5 3 4 3 5 4 4 4 5 3 3 3 4 4 4 3 4 4 4 4 4 6 4 3 3 2 3 4 4 3 6 4 4 3 4 5 3 4 4 4 4 4 5
20 5 5 8 7 5 5 4 5 7 6 6 7 6 5 5 9 8 7 8 6 7 6 5 8 7 8 7 5 6 6 7 5 6 6 6 6 5 5 6 8 6 6 5 7 6 6 5 6 6 6 6 5 7 7 7 6 5 6 6 5 5 7 6 7 5 6 6 7 5 4 7 6 6 5 7 6 6 6 5 7 6 6 6 8 6 4 6 5 7 5 5 6 6 4 5 5 7 6 6 7
21 2 4 5 4 3 3 4 3 2 3 4 3 3 5 3 4 4 4 3 4 4 6 4 3 4 3 3 3 3 3 4 4 4 3 3 3 4 3 2 4 4 4 4 4 4 4 5 3 5 2 3 3 4 3 3 5 2 4 3 3 5 4 2 5 3 1 4 4 5 3 4 4 2 3 3 5 3 4 3 2 2 2 2 4 3 2 2 3 3 5 3 5 6 2 3 4 1 4 3 4
22 3 7 3 5 5 5 5 4 4 4 3 4 4 8 5 7 6 4 7 4 3 4 4 4 5 4 5 6 6 6 4 5 6 5 7 4 5 5 6 3 3 4 6 6 5 3 4 7 6 4 5 4 4 4 4 6 4 5 6 5 7 5 4 6 3 5 5 6 3 5 3 5 4 3 5 5 4 5 3 4 4 5 4 5 5 4 5 4 5 4 5 5 4 7 4 5 4 6 4 6
23 5 5 6 5 5 7 8 5 4 5 5 6 5 5 3 6 6 4 6 5 6 5 7 5 3 5 6 4 6 6 7 6 7 4 4 3 3 4 4 4 6 6 3 5 5 5 3 5 5 7 3 6 5 5 5 8 3 4 5 6 4 5 5 6 5 4 5 4 7 6 5 6 6 6 5 5 2 3 5 6 4 5 4 4 4 5 5 6 4 6 4 5 4 6 5 6 6 6 6 6
24 6 8 5 7 5 8 6 8 9 7 6 7 9 7 9 8 7 7 6 7 5 9 7 7 7 8 4 7 8 5 6 4 6 6 8 7 5 6 8 8 7 6 8 8 9 7 8 9 6 8 6 7 7 7 7 7 8 6 6 6 7 9 6 7 6 6 5 7 6 6 8 6 6 7 6 9 6 6 8 5 6 7 8 4 5 5 8 6 7 6 7 7 7 8 7 6 7 7 6 5
25 5 6 6 5 5 7 6 5 6 7 7 5 5 7 4 5 5 5 3 4 5 6 7 4 2 6 6 6 7 5 8 6 4 6 4 7 7 5 6 4 6 6 5 3 6 4 6 5 6 5 4 4 6 5 3 6 5 6 7 7 6 4 8 6 5 6 6 5 4 6 5 4 4 4 5 5 5 5 6 5 4 7 4 4 5 5 5 7 4 7 6 5 6 8 6 5 3 5 5 7
26 3 4 4 5 6 4 5 5 5 5 4 4 4 4 6 5 5 4 4 4 6 4 4 7 5 6 3 3 4 5 4 5 7 6 5 5 7 4 5 6 3 6 6 4 4 6 5 4 6 5 4 6 4 5 5 6 6 5 5 4 6 5 4 6 5 4 6 6 4 6 3 5 4 8 4 4 6 5 4 5 5 7 5 4 4 6 6 7 4 5 5 5 4 5 5 4 6 5 4 3
27 6 6 4 5 6 5 8 7 5 8 5 4 6 7 6 5 6 7 6 6 7 6 4 7 5 5 5 8 7 8 5 6 6 6 7 6 5 7 5 7 5 8 6 6 7 7 6 6 5 4 5 6 7 6 7 6 5 6 5 6 5 6 7 5 5 5 5 5 6 6 6 5 7 6 4 7 4 7 5 8 5 6 5 6 5 6 5 7 6 6 7 6 9 4 5 6 7 4 6 6
28 7 6 4 5 6 5 6 5 5 6 5 6 6 6 7 4 6 4 6 7 5 7 6 5 6 6 6 6 5 6 5 6 5 6 5 6 5 7 7 6 5 6 5 5 7 6 5 5 8 5 6 6 4 5 5 5 4 5 6 6 5 6 6 6 4 6 6 5 6 5 6 4 4 5 5 7 4 6 4 6 6 6 7 5 7 6 4 6 6 5 2 5 5 5 6 6 5 6 7 5
29 5 6 5 3 6 6 4 6 5 5 5 3 6 4 7 7 7 4 4 5 6 5 5 6 6 6 5 5 5 4 6 4 4 4 5 5 7 6 5 5 4 6 4 5 5 4 4 7 5 3 4 5 5 4 5 4 4 3 5 4 5 8 4 6 5 4 5 5 4 5 3 6 4 5 4 4 5 5 5 5 7 6 3 5 5 4 6 7 4 5 5 3 6 3 6 5 5 6 6 5
30 6 7 7 7 7 7 6 5 8 7 7 7 6 8 8 8 7 8 6 8 9 7 8 7 8 8 8 4 9 6 9 7 7 7 8 9 7 6 8 10 8 9 6 8 8 8 7 7 8 8 7 7 8 9 7 7 8 9 8 6 8 7 9 8 7 8 8 7 6 9 7 8 8 7 6 8 9 9 8 8 6 5 6 7 8 9 9 7 6 9 9 7 9 7 7 8 9 6 8 7
31 9 5 6 7 6 7 7 7 5 6 7 7 6 6 7 8 6 6 7 5 5 5 7 8 8 6 7 7 8 7 8 8 7 7 4 5 8 7 6 7 6 7 7 6 6 5 7 8 7 7 8 7 5 6 7 6 8 6 8 7 4 7 6 8 7 6 6 7 7 6 7 7 6 8 7 5 8 6 6 7 7 8 8 7 6 6 5 6 7 5 5 5 6 6 6 7 7 7 6 7
32 1 2 1 1 2 1 1 1 3 2 2 4 1 2 2 3 1 1 3 2 2 3 2 2 1 2 1 1 3 1 2 3 2 3 3 4 1 1 1 3 1 3 2 2 2 1 2 3 1 1 2 1 3 2 1 2 3 1 1 2 3 2 3 2 1 3 2 2 4 1 1 4 1 1 2 2 2 1 2 4 1 2 1 1 2 2 3 3 3 2 1 2 1 2 4 1 1 4 1 2
33 8 10 10 7 7 9 8 9 8 8 8 7 6 7 9 7 8 8 9 7 8 7 8 7 10 10 8 8 9 10 7 7 10 9 8 10 8 7 9 8 9 9 6 8 9 8 8 10 6 8 9 8 8 10 6 9 8 9 11 9 9 8 9 10 7 7 9 8 9 8 6 9 9 9 9 8 8 9 9 8 7 8 7 9 10 9 9 8 10 6 8 9 9 9 8 9 9 10 8 9
34 6 7 6 7 10 7 7 7 8 8 6 7 7 8 8 8 7 8 8 8 8 7 7 6 8 7 7 7 7 8 9 7 7 4 5 7 6 6 7 8 9 5 8 8 8 8 7 6 7 8 8 7 8 8 6 7 7 7 6 7 7 8 7 8 7 7 4 7 7 6 7 7 8 7 8 8 8 7 7 7 8 8 6 9 6 7 7 7 7 7 8 8 8 8 9 6 7 6 7 7
35 6 5 7 7 5 5 5 6 5 6 6 6 6 4 6 5 6 5 8 6 6 8 5 7 6 4 6 6 8 7 7 6 7 6 7 7 6 5 7 6 5 6 6 7 6 6 7 5 6 6 7 5 6 6 5 5 8 8 5 6 5 5 7 6 5 5 6 6 6 6 6 5 6 6 6 5 7 7 7 7 4 6 6 8 4 5 7 7 6 6 7 7 7 6 4 6 7 5 7 6
36 5 5 6 4 4 5 5 6 5 3 6 3 5 5 4 5 4 4 4 4 3 5 4 4 5 4 5 6 4 7 4 5 4 6 5 4 3 4 3 5 4 6 3 5 4 5 4 5 5 7 4 5 5 3 4 6 5 6 5 6 7 6 4 6 6 7 5 5 4 5 6 5 6 4 5 4 5 4 3 6 5 6 4 3 6 7 6 6 6 5 5 4 7 4 5 5 4 5 4 6
37 7 5 7 6 7 6 7 7 8 7 6 8 7 5 8 6 6 8 7 7 7 6 9 6 5 6 8 7 8 6 7 8 5 7 7 8 7 9 7 8 7 6 8 6 6 6 7 7 6 7 8 6 7 8 7 8 5 8 7 6 8 6 6 7 5 6 7 6 8 5 9 6 6 9 8 6 9 7 7 7 6 6 6 8 7 7 9 7 7 6 7 7 7 7 7 7 6 8 6 9
38 4 4 5 3 4 3 1 4 3 2 5 3 5 3 3 4 4 5 3 4 5 3 5 3 4 5 3 5 4 4 4 3 4 4 3 4 5 6 2 4 4 5 2 3 5 4 3 5 5 3 4 4 3 4 4 4 3 3 5 5 3 6 3 4 3 2 3 3 2 3 3 4 4 3 3 3 5 3 2 4 2 3 3 2 4 4 5 4 4 4 4 2 3 5 3 6 2 3 4 5
39 6 6 4 7 7 5 6 7 5 6 9 6 5 5 6 5 7 5 8 7 7 4 6 6 4 7 6 5 8 5 5 7 7 5 5 6 4 5 7 6 6 7 5 6 5 5 8 6 7 5 5 7 7 5 6 7 5 5 7 7 6 6 7 7 7 7 6 5 7 5 6 7 6 6 7 6 6 7 7 4 6 6 6 5 5 4 6 5 7 7 7 5 5 4 7 6 9 6 5 7
40 7 11 8 9 7 9 8 8 7 7 10 8 7 10 8 9 8 10 9 8 8 10 9 8 9 11 10 9 9 10 8 10 7 8 8 7 9 9 8 7 8 7 8 8 9 7 8 8 8 9 8 8 8 8 8 10 9 10 9 9 10 10 10 9 9 9 6 7 8 9 8 8 10 8 6 9 9 9 9 9 7 9 10 9 7 8 8 10 10 8 7 6 9 9 7 8 8 8 8 9
41 7 8 9 7 9 9 8 8 8 7 8 8 7 10 7 7 8 8 8 9 9 9 6 7 9 7 10 8 8 7 8 8 8 8 8 6 7 8 8 10 8 7 9 9 8 8 8 6 8 8 8 8 7 8 8 10 8 8 8 10 8 10 8 7 10 9 8 8 9 10 6 8 7 8 6 8 7 7 6 9 7 7 7 6 7 7 8 8 7 9 8 9 7 7 6 8 9 10 7 8
42 5 5 5 8 4 5 5 4 5 6 4 6 4 3 5 6 6 5 5 6 4 5 4 4 6 6 5 7 4 4 6 4 5 6 7 4 5 4 6 5 4 4 5 6 7 5 6 5 4 5 5 6 6 6 4 5 6 5 4 5 7 6 6 6 4 4 4 4 5 4 4 3 4 6 8 5 5 5 4 5 5 5 6 4 3 4 5 5 5 4 4 5 6 4 5 5 5 4 3 6
43 5 4 6 6 5 5 6 6 4 6 5 6 7 5 3 5 5 5 5 5 6 5 5 4 3 5 3 5 4 5 6 4 5 4 4 6 6 4 5 5 5 4 4 5 4 5 5 7 6 5 4 5 5 2 5 6 5 6 4 5 3 6 3 3 4 5 3 6 5 4 6 4 7 5 7 4 3 5 5 5 5 6 6 4 5 5 7 2 3 4 3 5 5 5 3 6 4 4 5 3
44 7 6 6 7 9 6 7 8 7 5 5 6 6 5 6 8 7 4 7 6 6 7 6 7 7 7 7 7 6 7 5 6 7 5 6 5 7 6 7 4 6 7 7 7 7 7 6 8 7 5 4 7 8 5 5 5 7 5 6 6 8 6 8 6 5 6 5 5 6 5 7 7 5 5 6 8 7 8 6 6 7 7 7 7 6 6 5 8 6 6 6 6 7 6 6 8 6 5 8 8
45 8 7 5 7 8 6 5 7 4 8 6 7 8 8 7 8 7 6 7 7 7 5 7 7 5 6 8 7 8 6 6 8 5 8 7 7 7 6 7 9 8 8 7 7 5 8 7 6 6 7 7 6 7 7 8 7 6 8 6 8 6 7 6 7 8 8 8 6 6 8 5 7 7 6 6 7 8 7 7 6 6 7 8 7 8 6 6 7 8 5 6 8 7 7 6 7 8 7 7 6
46 6 8 7 8 7 7 7 6 7 8 7 8 7 6 6 8 9 9 9 9 9 8 9 8 8 9 8 8 6 9 7 8 9 7 7 6 6 8 6 7 8 7 7 6 8 6 6 7 8 8 8 8 7 7 8 7 9 9 7 7 6 7 7 5 8 8 7 11 8 7 7 8 7 5 6 9 6 7 7 8 7 8 9 6 8 7 8 9 7 8 9 6 9 6 7 8 8 8 6 7
47 6 6 6 6 6 4 7 5 6 4 7 5 7 7 7 5 5 7 8 6 6 5 5 4 6 5 8 5 4 6 7 4 6 7 6 5 6 5 8 5 6 5 6 6 6 8 8 7 7 6 6 5 9 7 7 6 8 8 9 7 6 7 6 7 6 5 7 6 7 6 5 5 8 7 6 7 7 8 8 5 9 5 6 5 7 9 6 5 5 8 6 6 5 6 7 5 6 6 4 6
48 5 6 7 6 6 4 5 4 6 4 5 7 6 6 7 7 6 7 5 6 6 6 7 6 3 5 6 8 6 5 7 5 6 2 4 6 5 5 7 3 4 7 5 5 7 7 5 8 6 6 6 6 4 6 4 5 7 5 7 5 8 5 6 4 5 4 6 4 5 5 6 5 6 5 6 7 6 6 5 6 6 6 6 4 7 6 5 5 5 7 6 6 7 7 6 6 5 5 7 6
49 4 1 3 3 2 3 3 2 3 3 2 2 4 3 1 2 4 3 3 2 3 3 3 3 1 4 2 4 2 1 3 2 2 1 3 3 1 4 4 2 2 3 1 1 1 3 4 3 3 3 3 2 3 4 4 3 2 3 1 1 3 5 3 3 1 1 4 2 4 3 4 2 2 3 3 3 3 3 3 4 1 2 2 1 1 3 4 3 4 5 3 2 2 4 2 3 3 3 2 4
50 3 5 5 6 7 5 5 4 3 4 4 5 4 5 5 4 4 4 4 6 5 5 4 5 4 5 4 3 2 4 5 5 4 3 2 6 4 4 4 5 5 4 7 5 3 6 4 5 4 4 8 6 4 5 6 6 5 4 4 4 5 6 4 3 5 5 6 4 5 3 2 5 4 5 5 5 6 5 5 5 5 6 4 4 4 6 5 5 3 5 6 5 5 4 4 5 3 6 3 3

Probability_of_each_scenario_occuring:
0.01 0.01 0.01 0.01 0.01 0.01 0.01 0.01 0.01 0.01 0.01 0.01 0.01 0.01 0.01 0.01 0.01 0.01 0.01 0.01 0.01 0.01 0.01 0.01 0.01 0.01 0.01 0.01 0.01 0.01 0.01 0.01 0.01 0.01 0.01 0.01 0.01 0.01 0.01 0.01 0.01 0.01 0.01 0.01 0.01 0.01 0.01 0.01 0.01 0.01 0.01 0.01 0.01 0.01 0.01 0.01 0.01 0.01 0.01 0.01 0.01 0.01 0.01 0.01 0.01 0.01 0.01 0.01 0.01 0.01 0.01 0.01 0.01 0.01 0.01 0.01 0.01 0.01 0.01 0.01 0.01 0.01 0.01 0.01 0.01 0.01 0.01 0.01 0.01 0.01 0.01 0.01 0.01 0.01 0.01 0.01 0.01 0.01 0.01 0.01 

Travel_Costs:
0 2.97 0.64 2.77 1.13 1.19 0.96 1.4 0.49 2.39 3.17 2.39 2.03 2.45 1.96 1.38 2.27 0.39 2.31 2.96 1.87 2.13 2.22 1.31 3.24 2.25 1.89 0.88 2.44 0.91 2.01 2.53 1.19 2.34 2.41 2.14 2.29 2.32 2.53 2.01 0.98 2.84 2.1 2.54 3.05 0.51 1.64 1.68 1.97 1.66 1.82 
2.97 0 3.4 0.21 4.09 1.78 2.65 2.31 3.44 2.55 6.07 5.35 4.23 4.46 4.65 2.05 5.2 2.58 3.46 5.89 3.14 2.62 4.99 1.66 4.73 1.15 4.79 2.14 2.83 2.82 2.41 5.41 3.55 5.19 2.04 4.6 5.18 3.49 4.55 3.81 3.88 4.08 1.39 4.5 0.47 2.91 4.58 1.56 1.58 2.9 1.54 
0.64 3.4 0 3.22 0.91 1.64 1.59 2.03 0.39 3.02 2.67 2.02 2.37 2.82 2.06 2 2.08 0.94 1.94 2.49 2.45 2 1.63 1.77 3.69 2.53 1.39 1.27 3.07 0.78 2.64 2.38 1.61 1.8 2.46 2.35 1.78 1.95 2.89 1.5 0.51 2.39 2.34 2.91 3.54 1.11 1.2 1.96 2.57 2.26 2.41 
2.77 0.21 3.22 0 3.89 1.59 2.44 2.11 3.24 2.38 5.88 5.16 4.03 4.26 4.44 1.85 5 2.38 3.36 5.7 2.95 2.53 4.81 1.47 4.55 1.06 4.61 1.96 2.66 2.66 2.23 5.21 3.35 5.01 1.99 4.39 4.99 3.39 4.35 3.68 3.69 3.99 1.3 4.3 0.47 2.7 4.39 1.41 1.39 2.7 1.34 
1.13 4.09 0.91 3.89 0 2.32 1.77 2.27 0.68 3.13 2.14 1.28 1.8 2.25 1.25 2.35 1.19 1.52 2.76 1.89 2.34 2.9 1.45 2.43 3.2 3.34 0.94 1.99 3.09 1.68 2.79 1.48 1.28 1.41 3.35 1.64 1.32 2.77 2.3 2.21 0.49 3.12 3.17 2.35 4.15 1.3 0.64 2.76 2.98 2.24 2.86 
1.19 1.78 1.64 1.59 2.32 0 1.2 1.2 1.66 2.09 4.3 3.57 2.81 3.15 3.02 0.95 3.45 0.81 2.33 4.11 2.08 1.73 3.25 0.14 3.72 1.14 3.02 0.38 2.27 1.18 1.73 3.69 2.01 3.43 1.65 3.07 3.41 2.35 3.24 2.39 2.1 2.97 1.07 3.22 1.91 1.24 2.8 0.65 1.19 1.8 1 
0.96 2.65 1.59 2.44 1.77 1.2 0 0.51 1.33 1.45 3.9 3 1.64 1.96 2.01 0.64 2.67 0.85 3.12 3.65 0.99 2.74 3.09 1.24 2.56 2.31 2.67 1.15 1.49 1.71 1.07 2.84 0.91 3.14 2.81 1.96 3.07 3.14 2.05 2.92 1.82 3.7 2.26 2.02 2.59 0.5 2.39 1.84 1.27 0.73 1.19 
1.4 2.31 2.03 2.11 2.27 1.2 0.51 0 1.81 1.02 4.41 3.5 1.93 2.16 2.44 0.29 3.16 1.18 3.38 4.16 0.92 2.89 3.58 1.18 2.58 2.19 3.17 1.31 1.13 2.02 0.63 3.31 1.32 3.64 2.84 2.32 3.57 3.4 2.25 3.27 2.31 3.99 2.19 2.21 2.18 0.99 2.89 1.82 0.81 0.64 0.79 
0.49 3.44 0.39 3.24 0.68 1.66 1.33 1.81 0 2.77 2.69 1.92 1.99 2.43 1.71 1.83 1.86 0.87 2.32 2.48 2.13 2.31 1.77 1.78 3.31 2.66 1.41 1.32 2.79 1.06 2.4 2.14 1.23 1.86 2.71 1.98 1.81 2.32 2.51 1.88 0.51 2.77 2.5 2.53 3.53 0.84 1.16 2.09 2.44 1.96 2.29 
2.39 2.55 3.02 2.38 3.13 2.09 1.45 1.02 2.77 0 5.24 4.29 2.21 2.24 2.96 1.17 3.83 2.19 4.36 4.97 0.96 3.81 4.51 2.02 2.25 2.84 4.06 2.28 0.29 3.03 0.39 3.91 1.96 4.53 3.64 2.69 4.45 4.38 2.32 4.28 3.25 4.99 2.92 2.25 2.24 1.94 3.77 2.62 1.08 0.92 1.23 
3.17 6.07 2.67 5.88 2.14 4.3 3.9 4.41 2.69 5.24 0 1.01 3.5 3.86 2.63 4.48 1.68 3.54 3.66 0.33 4.39 4.23 1.19 4.43 4.81 5.15 1.29 3.93 5.18 3.32 4.92 1.85 3.32 0.9 4.86 3.1 0.9 3.65 3.87 2.96 2.21 3.63 4.94 3.95 6.2 3.44 1.54 4.59 5.1 4.34 4.97 
2.39 5.35 2.02 5.16 1.28 3.57 3 3.5 1.92 4.29 1.01 0 2.49 2.86 1.63 3.61 0.71 2.78 3.48 0.71 3.41 3.86 1.15 3.69 3.81 4.54 0.76 3.22 4.2 2.76 3.97 0.96 2.34 0.82 4.41 2.1 0.67 3.47 2.87 2.8 1.51 3.63 4.35 2.95 5.43 2.56 0.82 3.96 4.24 3.37 4.13 
2.03 4.23 2.37 4.03 1.8 2.81 1.64 1.93 1.99 2.21 3.5 2.49 0 0.46 0.9 2.19 1.86 2.21 4.28 3.19 1.26 4.14 3.18 2.86 1.41 3.94 2.62 2.68 2.01 2.92 2.05 1.84 0.85 3.04 4.35 0.5 2.91 4.29 0.52 3.86 2.21 4.75 3.88 0.56 4.1 1.65 2.33 3.45 2.71 1.41 2.71 
2.45 4.46 2.82 4.26 2.25 3.15 1.96 2.16 2.43 2.24 3.86 2.86 0.46 0 1.24 2.44 2.19 2.61 4.72 3.54 1.36 4.55 3.6 3.19 0.98 4.26 3.04 3.05 2.01 3.35 2.15 2.11 1.26 3.45 4.73 0.76 3.31 4.73 0.1 4.31 2.67 5.2 4.22 0.1 4.28 2.04 2.76 3.79 2.9 1.57 2.93 
1.96 4.65 2.06 4.44 1.25 3.02 2.01 2.44 1.71 2.96 2.63 1.63 0.9 1.24 0 2.64 0.97 2.27 3.98 2.31 2.01 4.02 2.44 3.1 2.2 4.14 1.87 2.78 2.81 2.76 2.73 0.97 1.12 2.25 4.37 0.48 2.1 3.99 1.25 3.45 1.73 4.36 4.03 1.33 4.59 1.78 1.62 3.59 3.24 2.07 3.19 
1.38 2.05 2 1.85 2.35 0.95 0.64 0.29 1.83 1.17 4.48 3.61 2.19 2.44 2.64 0 3.31 1.09 3.2 4.24 1.21 2.66 3.59 0.91 2.87 1.9 3.22 1.11 1.33 1.88 0.8 3.48 1.53 3.68 2.57 2.56 3.62 3.22 2.53 3.14 2.33 3.82 1.91 2.49 1.95 1.05 2.95 1.55 0.64 0.93 0.56 
2.27 5.2 2.08 5 1.19 3.45 2.67 3.16 1.86 3.83 1.68 0.71 1.86 2.19 0.97 3.31 0 2.65 3.82 1.36 2.9 4.06 1.76 3.56 3.13 4.51 1.24 3.15 3.7 2.86 3.55 0.33 1.89 1.47 4.54 1.43 1.32 3.82 2.2 3.18 1.61 4.06 4.35 2.28 5.21 2.31 1.11 3.94 3.94 2.91 3.85 
0.39 2.58 0.94 2.38 1.52 0.81 0.85 1.18 0.87 2.19 3.54 2.78 2.21 2.61 2.27 1.09 2.65 0 2.28 3.34 1.83 1.96 2.56 0.92 3.33 1.89 2.26 0.52 2.29 0.87 1.81 2.89 1.37 2.7 2.15 2.39 2.66 2.3 2.69 2.1 1.34 2.86 1.76 2.69 2.66 0.57 2.02 1.33 1.64 1.57 1.48 
2.31 3.46 1.94 3.36 2.76 2.33 3.12 3.38 2.32 4.36 3.66 3.48 4.28 4.72 3.98 3.2 3.82 2.28 0 3.65 4.1 0.86 2.5 2.42 5.54 2.31 2.72 2.09 4.5 1.42 3.98 4.14 3.48 2.85 1.54 4.29 2.94 0.03 4.8 0.71 2.28 0.65 2.07 4.81 3.81 2.78 2.73 2.02 3.51 3.85 3.31 
2.96 5.89 2.49 5.7 1.89 4.11 3.65 4.16 2.48 4.97 0.33 0.71 3.19 3.54 2.31 4.24 1.36 3.34 3.65 0 4.1 4.16 1.15 4.24 4.49 5 1.11 3.75 4.89 3.18 4.65 1.53 3.03 0.81 4.77 2.78 0.75 3.64 3.55 2.95 2.01 3.67 4.8 3.63 6 3.19 1.32 4.44 4.87 4.06 4.74 
1.87 3.14 2.45 2.95 2.34 2.08 0.99 0.92 2.13 0.96 4.39 3.41 1.26 1.36 2.01 1.21 2.9 1.83 4.1 4.1 0 3.71 3.77 2.08 1.67 3.1 3.28 2.11 0.8 2.69 0.8 2.97 1.08 3.75 3.73 1.73 3.64 4.12 1.44 3.87 2.56 4.68 3.1 1.38 2.94 1.37 2.98 2.72 1.57 0.29 1.62 
2.13 2.62 2 2.53 2.9 1.73 2.74 2.89 2.31 3.81 4.23 3.86 4.14 4.55 4.02 2.66 4.06 1.96 0.86 4.16 3.71 0 3.04 1.79 5.28 1.48 3.12 1.6 3.99 1.26 3.45 4.37 3.3 3.36 0.71 4.25 3.41 0.89 4.63 1.38 2.46 1.46 1.24 4.64 2.99 2.52 3.05 1.28 2.86 3.44 2.66 
2.22 4.99 1.63 4.81 1.45 3.25 3.09 3.58 1.77 4.51 1.19 1.15 3.18 3.6 2.44 3.59 1.76 2.56 2.5 1.15 3.77 3.04 0 3.38 4.57 4.01 0.58 2.88 4.5 2.19 4.15 2.06 2.72 0.37 3.68 2.9 0.49 2.49 3.64 1.8 1.27 2.54 3.8 3.7 5.16 2.59 0.85 3.47 4.18 3.65 4.03 
1.31 1.66 1.77 1.47 2.43 0.14 1.24 1.18 1.78 2.02 4.43 3.69 2.86 3.19 3.1 0.91 3.56 0.92 2.42 4.24 2.08 1.79 3.38 0 3.73 1.08 3.15 0.51 2.22 1.31 1.68 3.79 2.07 3.56 1.66 3.14 3.53 2.45 3.28 2.51 2.23 3.07 1.04 3.25 1.78 1.32 2.92 0.64 1.09 1.8 0.9 
3.24 4.73 3.69 4.55 3.2 3.72 2.56 2.58 3.31 2.25 4.81 3.81 1.41 0.98 2.2 2.87 3.13 3.33 5.54 4.49 1.67 5.28 4.57 3.73 0 4.76 4.01 3.7 1.96 4.14 2.33 3.02 2.09 4.42 5.36 1.72 4.28 5.56 0.95 5.19 3.6 6.06 4.76 0.88 4.47 2.78 3.73 4.36 3.17 1.95 3.25 
2.25 1.15 2.53 1.06 3.34 1.14 2.31 2.19 2.66 2.84 5.15 4.54 3.94 4.26 4.14 1.9 4.51 1.89 2.31 5 3.1 1.48 4.01 1.08 4.76 0 3.9 1.38 3.09 1.84 2.56 4.77 3.14 4.26 0.95 4.21 4.27 2.34 4.35 2.69 3.03 2.93 0.25 4.33 1.53 2.37 3.73 0.58 1.78 2.82 1.62 
1.89 4.79 1.39 4.61 0.94 3.02 2.67 3.17 1.41 4.06 1.29 0.76 2.62 3.04 1.87 3.22 1.24 2.26 2.72 1.11 3.28 3.12 0.58 3.15 4.01 3.9 0 2.65 4.03 2.09 3.71 1.55 2.21 0.48 3.7 2.33 0.4 2.71 3.08 2.04 0.93 2.88 3.7 3.14 4.92 2.19 0.31 3.34 3.84 3.18 3.7 
0.88 2.14 1.27 1.96 1.99 0.38 1.15 1.31 1.32 2.28 3.93 3.22 2.68 3.05 2.78 1.11 3.15 0.52 2.09 3.75 2.11 1.6 2.88 0.51 3.7 1.38 2.65 0 2.43 0.84 1.9 3.4 1.84 3.06 1.68 2.89 3.04 2.11 3.14 2.07 1.74 2.72 1.25 3.13 2.29 1.05 2.44 0.82 1.49 1.84 1.3 
2.44 2.83 3.07 2.66 3.09 2.27 1.49 1.13 2.79 0.29 5.18 4.2 2.01 2.01 2.81 1.33 3.7 2.29 4.5 4.89 0.8 3.99 4.5 2.22 1.96 3.09 4.03 2.43 0 3.14 0.55 3.77 1.86 4.5 3.86 2.5 4.4 4.52 2.08 4.38 3.25 5.12 3.15 2 2.53 1.96 3.73 2.83 1.34 0.85 1.48 
0.91 2.82 0.78 2.66 1.68 1.18 1.71 2.02 1.06 3.03 3.32 2.76 2.92 3.35 2.76 1.88 2.86 0.87 1.42 3.18 2.69 1.26 2.19 1.31 4.14 1.84 2.09 0.84 3.14 0 2.64 3.15 2.09 2.43 1.68 3 2.44 1.44 3.43 1.26 1.27 2 1.63 3.44 3.04 1.37 1.94 1.29 2.32 2.44 2.13 
2.01 2.41 2.64 2.23 2.79 1.73 1.07 0.63 2.4 0.39 4.92 3.97 2.05 2.15 2.73 0.8 3.55 1.81 3.98 4.65 0.8 3.45 4.15 1.68 2.33 2.56 3.71 1.9 0.55 2.64 0 3.66 1.67 4.18 3.32 2.5 4.1 4 2.24 3.89 2.89 4.6 2.62 2.18 2.17 1.57 3.42 2.29 0.85 0.66 0.97 
2.53 5.41 2.38 5.21 1.48 3.69 2.84 3.31 2.14 3.91 1.85 0.96 1.84 2.11 0.97 3.48 0.33 2.89 4.14 1.53 2.97 4.37 2.06 3.79 3.02 4.77 1.55 3.4 3.77 3.15 3.66 0 2.01 1.76 4.83 1.37 1.6 4.14 2.11 3.51 1.92 4.39 4.62 2.19 5.41 2.51 1.43 4.2 4.1 3.01 4.03 
1.19 3.55 1.61 3.35 1.28 2.01 0.91 1.32 1.23 1.96 3.32 2.34 0.85 1.26 1.12 1.53 1.89 1.37 3.48 3.03 1.08 3.3 2.72 2.07 2.09 3.14 2.21 1.84 1.86 2.09 1.67 2.01 0 2.68 3.51 1.07 2.57 3.49 1.34 3.1 1.57 3.98 3.06 1.35 3.48 0.81 1.91 2.63 2.13 1.04 2.08 
2.34 5.19 1.8 5.01 1.41 3.43 3.14 3.64 1.86 4.53 0.9 0.82 3.04 3.45 2.25 3.68 1.47 2.7 2.85 0.81 3.75 3.36 0.37 3.56 4.42 4.26 0.48 3.06 4.5 2.43 4.18 1.76 2.68 0 3.98 2.72 0.16 2.84 3.48 2.15 1.36 2.91 4.05 3.55 5.34 2.65 0.78 3.7 4.29 3.65 4.15 
2.41 2.04 2.46 1.99 3.35 1.65 2.81 2.84 2.71 3.64 4.86 4.41 4.35 4.73 4.37 2.57 4.54 2.15 1.54 4.77 3.73 0.71 3.68 1.66 5.36 0.95 3.7 1.68 3.86 1.68 3.32 4.83 3.51 3.98 0 4.53 4.02 1.57 4.82 2.08 2.95 2.1 0.77 4.8 2.45 2.71 3.6 1.03 2.61 3.44 2.43 
2.14 4.6 2.35 4.39 1.64 3.07 1.96 2.32 1.98 2.69 3.1 2.1 0.5 0.76 0.48 2.56 1.43 2.39 4.29 2.78 1.73 4.25 2.9 3.14 1.72 4.21 2.33 2.89 2.5 3 2.5 1.37 1.07 2.72 4.53 0 2.58 4.3 0.78 3.8 2.1 4.71 4.12 0.85 4.5 1.85 2.07 3.69 3.12 1.85 3.1 
2.29 5.18 1.78 4.99 1.32 3.41 3.07 3.57 1.81 4.45 0.9 0.67 2.91 3.31 2.1 3.62 1.32 2.66 2.94 0.75 3.64 3.41 0.49 3.53 4.28 4.27 0.4 3.04 4.4 2.44 4.1 1.6 2.57 0.16 4.02 2.58 0 2.93 3.34 2.24 1.32 3.02 4.06 3.41 5.31 2.59 0.69 3.71 4.24 3.55 4.1 
2.32 3.49 1.95 3.39 2.77 2.35 3.14 3.4 2.32 4.38 3.65 3.47 4.29 4.73 3.99 3.22 3.82 2.3 0.03 3.64 4.12 0.89 2.49 2.45 5.56 2.34 2.71 2.11 4.52 1.44 4 4.14 3.49 2.84 1.57 4.3 2.93 0 4.81 0.7 2.28 0.63 2.1 4.83 3.84 2.8 2.73 2.05 3.53 3.86 3.34 
2.53 4.55 2.89 4.35 2.3 3.24 2.05 2.25 2.51 2.32 3.87 2.87 0.52 0.1 1.25 2.53 2.2 2.69 4.8 3.55 1.44 4.63 3.64 3.28 0.95 4.35 3.08 3.14 2.08 3.43 2.24 2.11 1.34 3.48 4.82 0.78 3.34 4.81 0 4.38 2.73 5.27 4.31 0.09 4.37 2.12 2.8 3.88 2.99 1.66 3.02 
2.01 3.81 1.5 3.68 2.21 2.39 2.92 3.27 1.88 4.28 2.96 2.8 3.86 4.31 3.45 3.14 3.18 2.1 0.71 2.95 3.87 1.38 1.8 2.51 5.19 2.69 2.04 2.07 4.38 1.26 3.89 3.51 3.1 2.15 2.08 3.8 2.24 0.7 4.38 0 1.72 0.91 2.45 4.41 4.11 2.51 2.08 2.28 3.56 3.64 3.37 
0.98 3.88 0.51 3.69 0.49 2.1 1.82 2.31 0.51 3.25 2.21 1.51 2.21 2.67 1.73 2.33 1.61 1.34 2.28 2.01 2.56 2.46 1.27 2.23 3.6 3.03 0.93 1.74 3.25 1.27 2.89 1.92 1.57 1.36 2.95 2.1 1.32 2.28 2.73 1.72 0 2.63 2.85 2.76 4 1.33 0.71 2.46 2.93 2.41 2.79 
2.84 4.08 2.39 3.99 3.12 2.97 3.7 3.99 2.77 4.99 3.63 3.63 4.75 5.2 4.36 3.82 4.06 2.86 0.65 3.67 4.68 1.46 2.54 3.07 6.06 2.93 2.88 2.72 5.12 2 4.6 4.39 3.98 2.91 2.1 4.71 3.02 0.63 5.27 0.91 2.63 0 2.7 5.3 4.44 3.33 2.96 2.67 4.16 4.43 3.96 
2.1 1.39 2.34 1.3 3.17 1.07 2.26 2.19 2.5 2.92 4.94 4.35 3.88 4.22 4.03 1.91 4.35 1.76 2.07 4.8 3.1 1.24 3.8 1.04 4.76 0.25 3.7 1.25 3.15 1.63 2.62 4.62 3.06 4.05 0.77 4.12 4.06 2.1 4.31 2.45 2.85 2.7 0 4.28 1.75 2.28 3.54 0.44 1.87 2.82 1.69 
2.54 4.5 2.91 4.3 2.35 3.22 2.02 2.21 2.53 2.25 3.95 2.95 0.56 0.1 1.33 2.49 2.28 2.69 4.81 3.63 1.38 4.64 3.7 3.25 0.88 4.33 3.14 3.13 2 3.44 2.18 2.19 1.35 3.55 4.8 0.85 3.41 4.83 0.09 4.41 2.76 5.3 4.28 0 4.32 2.12 2.86 3.86 2.94 1.61 2.97 
3.05 0.47 3.54 0.47 4.15 1.91 2.59 2.18 3.53 2.24 6.2 5.43 4.1 4.28 4.59 1.95 5.21 2.66 3.81 6 2.94 2.99 5.16 1.78 4.47 1.53 4.92 2.29 2.53 3.04 2.17 5.41 3.48 5.34 2.45 4.5 5.31 3.84 4.37 4.11 4 4.44 1.75 4.32 0 2.91 4.68 1.84 1.39 2.72 1.41 
0.51 2.91 1.11 2.7 1.3 1.24 0.5 0.99 0.84 1.94 3.44 2.56 1.65 2.04 1.78 1.05 2.31 0.57 2.78 3.19 1.37 2.52 2.59 1.32 2.78 2.37 2.19 1.05 1.96 1.37 1.57 2.51 0.81 2.65 2.71 1.85 2.59 2.8 2.12 2.51 1.33 3.33 2.28 2.12 2.91 0 1.91 1.84 1.68 1.16 1.57 
1.64 4.58 1.2 4.39 0.64 2.8 2.39 2.89 1.16 3.77 1.54 0.82 2.33 2.76 1.62 2.95 1.11 2.02 2.73 1.32 2.98 3.05 0.85 2.92 3.73 3.73 0.31 2.44 3.73 1.94 3.42 1.43 1.91 0.78 3.6 2.07 0.69 2.73 2.8 2.08 0.71 2.96 3.54 2.86 4.68 1.91 0 3.16 3.57 2.88 3.44 
1.68 1.56 1.96 1.41 2.76 0.65 1.84 1.82 2.09 2.62 4.59 3.96 3.45 3.79 3.59 1.55 3.94 1.33 2.02 4.44 2.72 1.28 3.47 0.64 4.36 0.58 3.34 0.82 2.83 1.29 2.29 4.2 2.63 3.7 1.03 3.69 3.71 2.05 3.88 2.28 2.46 2.67 0.44 3.86 1.84 1.84 3.16 0 1.61 2.43 1.42 
1.97 1.58 2.57 1.39 2.98 1.19 1.27 0.81 2.44 1.08 5.1 4.24 2.71 2.9 3.24 0.64 3.94 1.64 3.51 4.87 1.57 2.86 4.18 1.09 3.17 1.78 3.84 1.49 1.34 2.32 0.85 4.1 2.13 4.29 2.61 3.12 4.24 3.53 2.99 3.56 2.93 4.16 1.87 2.94 1.39 1.68 3.57 1.61 0 1.34 0.2 
1.66 2.9 2.26 2.7 2.24 1.8 0.73 0.64 1.96 0.92 4.34 3.37 1.41 1.57 2.07 0.93 2.91 1.57 3.85 4.06 0.29 3.44 3.65 1.8 1.95 2.82 3.18 1.84 0.85 2.44 0.66 3.01 1.04 3.65 3.44 1.85 3.55 3.86 1.66 3.64 2.41 4.43 2.82 1.61 2.72 1.16 2.88 2.43 1.34 0 1.37 
1.82 1.54 2.41 1.34 2.86 1 1.19 0.79 2.29 1.23 4.97 4.13 2.71 2.93 3.19 0.56 3.85 1.48 3.31 4.74 1.62 2.66 4.03 0.9 3.25 1.62 3.7 1.3 1.48 2.13 0.97 4.03 2.08 4.15 2.43 3.1 4.1 3.34 3.02 3.37 2.79 3.96 1.69 2.97 1.41 1.57 3.44 1.42 0.2 1.37 0 
