Number_Of_Customers: 25
Vehicle_Capacity:    50
Alpha:               0.75
Number_Of_Scenarios: 3

Location_Coordinates:
0 0 0
1 2.06072 -0.51225
2 0.617268 -0.569315
3 1.5244 0.579734
4 -1.4171 -2.13475
5 1.22997 2.06616
6 0.931401 -0.946866
7 1.01745 0.305049
8 1.95618 -2.43088
9 -0.721894 2.13077
10 1.84029 -0.211246
11 -0.415881 0.28243
12 1.80247 -0.948669
13 0.718758 0.173543
14 1.73605 -2.2056
15 0.505878 2.29519
16 0.194864 0.0784584
17 -1.34958 -2.4072
18 2.19976 1.28516
19 -0.283567 -0.912269
20 -2.4994 -2.34607
21 -0.373663 -0.154984
22 0.181157 -0.286181
23 0.148342 -1.81492
24 1.58366 1.65693
25 -1.93681 -1.90466

Demand_per_scenario:
1 4 6 7
2 4 6 7
3 6 8 10
4 4 5 6
5 5 6 8
6 3 4 6
7 2 3 3
8 3 4 6
9 3 4 5
10 5 6 8
11 4 6 7
12 5 6 8
13 4 6 7
14 7 9 12
15 4 5 7
16 3 4 5
17 1 1 2
18 4 5 7
19 2 3 4
20 4 5 7
21 4 6 7
22 5 7 9
23 4 6 7
24 3 4 5
25 3 4 5

Probability_of_each_scenario_occuring:
0.333333 0.333333 0.333333 

Travel_Costs:
0 2.13 0.84 1.64 2.57 2.41 1.33 1.07 3.13 2.25 1.86 0.51 2.04 0.74 2.81 2.36 0.22 2.76 2.55 0.96 3.43 0.41 0.34 1.83 2.3 2.72 
2.13 0 1.45 1.22 3.84 2.71 1.22 1.33 1.93 3.84 0.38 2.61 0.51 1.51 1.73 3.21 1.96 3.91 1.81 2.38 4.92 2.47 1.9 2.32 2.23 4.24 
0.84 1.45 0 1.47 2.57 2.71 0.5 0.97 2.3 3.02 1.28 1.34 1.25 0.75 1.99 2.87 0.78 2.7 2.44 0.97 3.59 1.08 0.52 1.34 2.43 2.89 
1.64 1.22 1.47 0 4.01 1.52 1.64 0.58 3.05 2.73 0.86 1.97 1.56 0.91 2.8 2 1.43 4.15 0.98 2.35 4.98 2.04 1.6 2.77 1.08 4.27 
2.57 3.84 2.57 4.01 0 4.97 2.64 3.45 3.39 4.33 3.79 2.62 3.44 3.15 3.16 4.83 2.74 0.29 4.98 1.67 1.11 2.24 2.45 1.6 4.84 0.57 
2.41 2.71 2.71 1.52 4.97 0 3.03 1.78 4.56 1.96 2.36 2.43 3.07 1.97 4.31 0.76 2.25 5.17 1.25 3.35 5.78 2.74 2.58 4.03 0.55 5.08 
1.33 1.22 0.5 1.64 2.64 3.03 0 1.26 1.81 3.5 1.17 1.83 0.88 1.15 1.5 3.27 1.27 2.71 2.57 1.22 3.71 1.53 1 1.17 2.69 3.03 
1.07 1.33 0.97 0.58 3.45 1.78 1.26 0 2.9 2.53 0.98 1.44 1.48 0.33 2.62 2.06 0.86 3.6 1.54 1.79 4.41 1.47 1.03 2.3 1.47 3.69 
3.13 1.93 2.3 3.05 3.39 4.56 1.81 2.9 0 5.29 2.23 3.61 1.5 2.89 0.32 4.95 3.07 3.31 3.73 2.71 4.46 3.26 2.79 1.91 4.11 3.93 
2.25 3.84 3.02 2.73 4.33 1.96 3.5 2.53 5.29 0 3.48 1.88 3.99 2.44 4.99 1.24 2.25 4.59 3.05 3.08 4.82 2.32 2.59 4.05 2.36 4.22 
1.86 0.38 1.28 0.86 3.79 2.36 1.17 0.98 2.23 3.48 0 2.31 0.74 1.19 2 2.84 1.68 3.88 1.54 2.24 4.84 2.22 1.67 2.34 1.89 4.14 
0.51 2.61 1.34 1.97 2.62 2.43 1.83 1.44 3.61 1.88 2.31 0 2.54 1.14 3.29 2.22 0.65 2.85 2.81 1.21 3.36 0.44 0.83 2.18 2.43 2.67 
2.04 0.51 1.25 1.56 3.44 3.07 0.88 1.48 1.5 3.99 0.74 2.54 0 1.57 1.26 3.5 1.91 3.48 2.27 2.09 4.53 2.32 1.76 1.87 2.62 3.86 
0.74 1.51 0.75 0.91 3.15 1.97 1.15 0.33 2.89 2.44 1.19 1.14 1.57 0 2.59 2.14 0.54 3.31 1.86 1.48 4.09 1.15 0.71 2.07 1.72 3.38 
2.81 1.73 1.99 2.8 3.16 4.31 1.5 2.62 0.32 4.99 2 3.29 1.26 2.59 0 4.67 2.76 3.1 3.53 2.4 4.24 2.95 2.48 1.64 3.87 3.69 
2.36 3.21 2.87 2 4.83 0.76 3.27 2.06 4.95 1.24 2.84 2.22 3.5 2.14 4.67 0 2.24 5.06 1.98 3.31 5.53 2.61 2.61 4.13 1.26 4.86 
0.22 1.96 0.78 1.43 2.74 2.25 1.27 0.86 3.07 2.25 1.68 0.65 1.91 0.54 2.76 2.24 0 2.93 2.35 1.11 3.63 0.62 0.37 1.9 2.11 2.92 
2.76 3.91 2.7 4.15 0.29 5.17 2.71 3.6 3.31 4.59 3.88 2.85 3.48 3.31 3.1 5.06 2.93 0 5.13 1.84 1.16 2.46 2.62 1.62 5.02 0.78 
2.55 1.81 2.44 0.98 4.98 1.25 2.57 1.54 3.73 3.05 1.54 2.81 2.27 1.86 3.53 1.98 2.35 5.13 0 3.32 5.94 2.95 2.56 3.72 0.72 5.23 
0.96 2.38 0.97 2.35 1.67 3.35 1.22 1.79 2.71 3.08 2.24 1.21 2.09 1.48 2.4 3.31 1.11 1.84 3.32 0 2.64 0.77 0.78 1.01 3.18 1.93 
3.43 4.92 3.59 4.98 1.11 5.78 3.71 4.41 4.46 4.82 4.84 3.36 4.53 4.09 4.24 5.53 3.63 1.16 5.94 2.64 0 3.06 3.39 2.71 5.72 0.72 
0.41 2.47 1.08 2.04 2.24 2.74 1.53 1.47 3.26 2.32 2.22 0.44 2.32 1.15 2.95 2.61 0.62 2.46 2.95 0.77 3.06 0 0.58 1.75 2.67 2.35 
0.34 1.9 0.52 1.6 2.45 2.58 1 1.03 2.79 2.59 1.67 0.83 1.76 0.71 2.48 2.61 0.37 2.62 2.56 0.78 3.39 0.58 0 1.53 2.4 2.67 
1.83 2.32 1.34 2.77 1.6 4.03 1.17 2.3 1.91 4.05 2.34 2.18 1.87 2.07 1.64 4.13 1.9 1.62 3.72 1.01 2.71 1.75 1.53 0 3.76 2.09 
2.3 2.23 2.43 1.08 4.84 0.55 2.69 1.47 4.11 2.36 1.89 2.43 2.62 1.72 3.87 1.26 2.11 5.02 0.72 3.18 5.72 2.67 2.4 3.76 0 5.01 
2.72 4.24 2.89 4.27 0.57 5.08 3.03 3.69 3.93 4.22 4.14 2.67 3.86 3.38 3.69 4.86 2.92 0.78 5.23 1.93 0.72 2.35 2.67 2.09 5.01 0 
