Number_Of_Customers: 30
Vehicle_Capacity:    50
Alpha:               0.75
Number_Of_Scenarios: 10

Location_Coordinates:
0 0 0
1 0.978255 1.5392
2 -0.670076 -1.97387
3 0.183766 -1.43703
4 -2.16683 2.12598
5 1.31705 0.632507
6 0.549597 2.08361
7 -0.800769 1.48137
8 2.30547 -2.02755
9 -1.98765 -1.35099
10 -1.15381 -2.12627
11 -1.27134 -2.34085
12 2.39132 0.916631
13 0.820306 1.87971
14 2.27635 -1.30985
15 0.38034 2.38054
16 -0.248791 -1.42266
17 -0.566887 2.33058
18 0.0571559 0.618483
19 -0.159161 -0.0240357
20 1.03133 -1.49756
21 0.560678 -1.67678
22 -1.69055 1.86058
23 0.771023 -1.42001
24 -1.13213 2.33041
25 2.16629 -1.15201
26 -1.87505 1.08349
27 0.133007 0.452993
28 -1.54444 -2.33158
29 -1.80046 -0.327858
30 -0.30885 -0.842444

Demand_per_scenario:
1 5 6 5 5 6 6 6 6 6 6
2 8 6 10 8 7 8 7 6 8 7
3 8 7 7 10 7 8 7 8 9 8
4 8 7 5 4 6 5 5 6 5 5
5 4 3 3 3 3 3 4 2 4 4
6 5 4 5 6 5 5 4 5 5 3
7 3 6 6 8 7 6 8 7 7 6
8 5 4 3 5 5 3 6 4 5 4
9 5 5 5 5 7 5 6 5 6 6
10 5 5 5 4 5 7 6 5 6 6
11 6 4 5 7 7 6 6 5 7 6
12 6 5 5 7 8 7 6 6 5 5
13 7 7 7 5 7 4 10 7 7 7
14 5 6 4 6 5 6 5 5 5 4
15 7 8 6 7 7 8 8 8 9 7
16 7 5 4 4 5 4 5 5 6 4
17 4 5 3 4 5 3 5 6 5 5
18 4 2 3 5 4 2 4 5 3 3
19 7 6 8 8 9 7 7 8 8 6
20 6 4 5 7 6 5 6 6 6 6
21 5 4 6 7 6 5 6 5 6 5
22 7 7 7 7 6 8 7 6 8 8
23 4 5 8 5 6 7 5 6 5 7
24 6 6 7 7 7 7 7 6 5 7
25 4 4 5 4 5 6 5 4 6 3
26 3 5 4 4 4 4 3 5 3 5
27 9 10 10 9 10 10 8 10 9 7
28 5 6 7 5 4 6 5 6 7 6
29 3 4 4 4 4 2 4 5 4 6
30 6 6 8 5 7 8 5 8 6 8

Probability_of_each_scenario_occuring:
0.1 0.1 0.1 0.1 0.1 0.1 0.1 0.1 0.1 0.1 

Travel_Costs:
0 1.83 2.09 1.45 3.04 1.47 2.16 1.69 3.08 2.41 2.42 2.67 2.57 2.06 2.63 2.42 1.45 2.4 0.63 0.17 1.82 1.77 2.52 1.62 2.6 2.46 2.17 0.48 2.8 1.84 0.9 
1.83 0 3.89 3.09 3.2 0.97 0.7 1.78 3.81 4.15 4.25 4.49 1.55 0.38 3.14 1.04 3.21 1.74 1.31 1.94 3.04 3.25 2.69 2.97 2.26 2.95 2.89 1.38 4.63 3.35 2.71 
2.09 3.89 0 1.01 4.37 3.28 4.24 3.46 2.98 1.46 0.51 0.71 4.22 4.14 3.03 4.48 0.7 4.31 2.7 2.02 1.77 1.27 3.97 1.55 4.33 2.96 3.29 2.56 0.95 2 1.19 
1.45 3.09 1.01 0 4.27 2.36 3.54 3.08 2.21 2.18 1.51 1.72 3.23 3.38 2.1 3.83 0.44 3.85 2.06 1.46 0.85 0.45 3.8 0.59 4 2.01 3.26 1.9 1.95 2.28 0.78 
3.04 3.2 4.37 4.27 0 3.8 2.72 1.52 6.11 3.49 4.38 4.56 4.72 3 5.62 2.56 4.04 1.62 2.69 2.95 4.84 4.68 0.55 4.61 1.06 5.44 1.09 2.85 4.51 2.49 3.51 
1.47 0.97 3.28 2.36 3.8 0 1.65 2.29 2.84 3.86 3.71 3.95 1.12 1.35 2.17 1.99 2.59 2.54 1.26 1.62 2.15 2.44 3.25 2.13 2.99 1.98 3.23 1.2 4.12 3.27 2.2 
2.16 0.7 4.24 3.54 2.72 1.65 0 1.48 4.48 4.28 4.55 4.79 2.19 0.34 3.81 0.35 3.6 1.15 1.55 2.23 3.62 3.77 2.26 3.52 1.7 3.62 2.63 1.69 4.89 3.37 3.05 
1.69 1.78 3.46 3.08 1.52 2.29 1.48 0 4.69 3.08 3.63 3.86 3.25 1.67 4.16 1.49 2.96 0.89 1.22 1.64 3.5 3.44 0.97 3.3 0.92 3.97 1.15 1.39 3.89 2.07 2.38 
3.08 3.81 2.98 2.21 6.11 2.84 4.48 4.69 0 4.35 3.47 3.6 2.95 4.18 0.72 4.82 2.63 5.22 3.48 3.18 1.38 1.78 5.58 1.66 5.56 0.89 5.22 3.3 3.87 4.45 2.88 
2.41 4.15 1.46 2.18 3.49 3.86 4.28 3.08 4.35 0 1.14 1.23 4.94 4.29 4.27 4.42 1.75 3.95 2.84 2.26 3.03 2.57 3.23 2.76 3.78 4.16 2.44 2.79 1.08 1.05 1.76 
2.42 4.25 0.51 1.51 4.38 3.71 4.55 3.63 3.47 1.14 0 0.25 4.68 4.47 3.53 4.77 1.15 4.5 3.01 2.33 2.28 1.78 4.03 2.06 4.46 3.47 3.29 2.89 0.45 1.92 1.54 
2.67 4.49 0.71 1.72 4.56 3.95 4.79 3.86 3.6 1.23 0.25 0 4.91 4.72 3.7 5.01 1.38 4.73 3.25 2.57 2.46 1.95 4.23 2.25 4.68 3.64 3.48 3.13 0.28 2.09 1.79 
2.57 1.55 4.22 3.23 4.72 1.12 2.19 3.25 2.95 4.94 4.68 4.91 0 1.85 2.23 2.49 3.53 3.28 2.36 2.72 2.78 3.18 4.19 2.85 3.8 2.09 4.27 2.31 5.11 4.38 3.23 
2.06 0.38 4.14 3.38 3 1.35 0.34 1.67 4.18 4.29 4.47 4.72 1.85 0 3.51 0.67 3.48 1.46 1.48 2.15 3.39 3.57 2.52 3.31 2.01 3.32 2.82 1.59 4.83 3.43 2.95 
2.63 3.14 3.03 2.1 5.62 2.17 3.81 4.16 0.72 4.27 3.53 3.7 2.23 3.51 0 4.15 2.53 4.62 2.94 2.76 1.26 1.76 5.08 1.51 4.99 0.2 4.8 2.78 3.96 4.2 2.63 
2.42 1.04 4.48 3.83 2.56 1.99 0.35 1.49 4.82 4.42 4.77 5.01 2.49 0.67 4.15 0 3.86 0.95 1.8 2.47 3.94 4.07 2.14 3.83 1.52 3.96 2.61 1.95 5.1 3.48 3.3 
1.45 3.21 0.7 0.44 4.04 2.59 3.6 2.96 2.63 1.75 1.15 1.38 3.53 3.48 2.53 3.86 0 3.77 2.07 1.41 1.29 0.85 3.59 1.02 3.86 2.44 2.99 1.92 1.59 1.9 0.59 
2.4 1.74 4.31 3.85 1.62 2.54 1.15 0.89 5.22 3.95 4.5 4.73 3.28 1.46 4.62 0.95 3.77 0 1.83 2.39 4.15 4.17 1.22 3.99 0.57 4.43 1.81 2.01 4.77 2.94 3.19 
0.63 1.31 2.7 2.06 2.69 1.26 1.55 1.22 3.48 2.84 3.01 3.25 2.36 1.48 2.94 1.8 2.07 1.83 0 0.68 2.33 2.35 2.15 2.16 2.09 2.76 1.99 0.19 3.36 2.09 1.51 
0.17 1.94 2.02 1.46 2.95 1.62 2.23 1.64 3.18 2.26 2.33 2.57 2.72 2.15 2.76 2.47 1.41 2.39 0.68 0 1.9 1.81 2.43 1.68 2.55 2.59 2.05 0.56 2.7 1.67 0.84 
1.82 3.04 1.77 0.85 4.84 2.15 3.62 3.5 1.38 3.03 2.28 2.46 2.78 3.39 1.26 3.94 1.29 4.15 2.33 1.9 0 0.51 4.33 0.28 4.4 1.19 3.89 2.15 2.71 3.07 1.5 
1.77 3.25 1.27 0.45 4.68 2.44 3.77 3.44 1.78 2.57 1.78 1.95 3.18 3.57 1.76 4.07 0.85 4.17 2.35 1.81 0.51 0 4.2 0.34 4.36 1.69 3.69 2.18 2.21 2.72 1.21 
2.52 2.69 3.97 3.8 0.55 3.25 2.26 0.97 5.58 3.23 4.03 4.23 4.19 2.52 5.08 2.14 3.59 1.22 2.15 2.43 4.33 4.2 0 4.11 0.73 4.9 0.8 2.31 4.2 2.2 3.04 
1.62 2.97 1.55 0.59 4.61 2.13 3.52 3.3 1.66 2.76 2.06 2.25 2.85 3.31 1.51 3.83 1.02 3.99 2.16 1.68 0.28 0.34 4.11 0 4.21 1.43 3.65 1.98 2.49 2.8 1.23 
2.6 2.26 4.33 4 1.06 2.99 1.7 0.92 5.56 3.78 4.46 4.68 3.8 2.01 4.99 1.52 3.86 0.57 2.09 2.55 4.4 4.36 0.73 4.21 0 4.8 1.46 2.27 4.69 2.75 3.28 
2.46 2.95 2.96 2.01 5.44 1.98 3.62 3.97 0.89 4.16 3.47 3.64 2.09 3.32 0.2 3.96 2.44 4.43 2.76 2.59 1.19 1.69 4.9 1.43 4.8 0 4.62 2.6 3.9 4.06 2.5 
2.17 2.89 3.29 3.26 1.09 3.23 2.63 1.15 5.22 2.44 3.29 3.48 4.27 2.82 4.8 2.61 2.99 1.81 1.99 2.05 3.89 3.69 0.8 3.65 1.46 4.62 0 2.11 3.44 1.42 2.49 
0.48 1.38 2.56 1.9 2.85 1.2 1.69 1.39 3.3 2.79 2.89 3.13 2.31 1.59 2.78 1.95 1.92 2.01 0.19 0.56 2.15 2.18 2.31 1.98 2.27 2.6 2.11 0 3.26 2.09 1.37 
2.8 4.63 0.95 1.95 4.51 4.12 4.89 3.89 3.87 1.08 0.45 0.28 5.11 4.83 3.96 5.1 1.59 4.77 3.36 2.7 2.71 2.21 4.2 2.49 4.69 3.9 3.44 3.26 0 2.03 1.94 
1.84 3.35 2 2.28 2.49 3.27 3.37 2.07 4.45 1.05 1.92 2.09 4.38 3.43 4.2 3.48 1.9 2.94 2.09 1.67 3.07 2.72 2.2 2.8 2.75 4.06 1.42 2.09 2.03 0 1.58 
0.9 2.71 1.19 0.78 3.51 2.2 3.05 2.38 2.88 1.76 1.54 1.79 3.23 2.95 2.63 3.3 0.59 3.19 1.51 0.84 1.5 1.21 3.04 1.23 3.28 2.5 2.49 1.37 1.94 1.58 0 
