Number_Of_Customers: 20
Vehicle_Capacity:    50
Alpha:               0.75
Number_Of_Scenarios: 3

Location_Coordinates:
0 0 0
1 1.28661 -1.01936
2 -2.33462 2.01509
3 -2.46231 0.883994
4 2.29478 -1.68952
5 -0.821504 -2.0152
6 0.590755 -1.17296
7 1.0265 2.39023
8 -2.47181 1.21017
9 -0.605054 0.858894
10 0.42749 -0.175897
11 -1.29749 -1.84431
12 -2.29299 1.73946
13 0.0244136 0.320164
14 0.989525 0.938549
15 -0.808655 -1.05792
16 -0.532916 -1.71273
17 -0.919014 -0.869716
18 -2.31071 -1.0553
19 -1.49124 1.80168
20 0.912814 1.65691

Demand_per_scenario:
1 1 1 1
2 4 5 6
3 5 7 8
4 4 5 6
5 3 5 5
6 4 6 7
7 2 2 2
8 4 5 6
9 6 8 9
10 2 3 4
11 4 5 6
12 5 6 7
13 3 4 4
14 3 4 4
15 6 8 9
16 4 6 6
17 4 5 6
18 6 8 9
19 4 5 6
20 5 6 7

Probability_of_each_scenario_occuring:
0.333333 0.333333 0.333333 

Travel_Costs:
0 1.65 3.09 2.62 2.85 2.18 1.32 2.61 2.76 1.06 0.47 2.26 2.88 0.33 1.37 1.34 1.8 1.27 2.55 2.34 1.9 
1.65 0 4.73 4.21 1.22 2.34 0.72 3.42 4.37 2.67 1.21 2.72 4.52 1.85 1.99 2.1 1.95 2.22 3.6 3.96 2.71 
3.09 4.73 0 1.14 5.93 4.31 4.33 3.39 0.82 2.09 3.53 4 0.28 2.91 3.5 3.44 4.15 3.22 3.08 0.87 3.27 
2.62 4.21 1.14 0 5.41 3.34 3.69 3.81 0.33 1.86 3.08 2.97 0.88 2.55 3.46 2.56 3.24 2.34 1.95 1.34 3.47 
2.85 1.22 5.93 5.41 0 3.14 1.79 4.28 5.58 3.87 2.41 3.6 5.73 3.04 2.94 3.17 2.83 3.32 4.65 5.15 3.63 
2.18 2.34 4.31 3.34 3.14 0 1.65 4.78 3.63 2.89 2.23 0.51 4.04 2.49 3.47 0.96 0.42 1.15 1.78 3.88 4.07 
1.32 0.72 4.33 3.69 1.79 1.65 0 3.59 3.89 2.36 1.02 2.01 4.1 1.6 2.15 1.41 1.25 1.54 2.91 3.64 2.85 
2.61 3.42 3.39 3.81 4.28 4.78 3.59 0 3.7 2.24 2.64 4.84 3.39 2.3 1.46 3.91 4.39 3.8 4.8 2.59 0.75 
2.76 4.37 0.82 0.33 5.58 3.63 3.89 3.7 0 1.9 3.22 3.28 0.56 2.66 3.48 2.82 3.51 2.6 2.28 1.15 3.42 
1.06 2.67 2.09 1.86 3.87 2.89 2.36 2.24 1.9 0 1.47 2.8 1.91 0.83 1.6 1.93 2.58 1.76 2.57 1.3 1.72 
0.47 1.21 3.53 3.08 2.41 2.23 1.02 2.64 3.22 1.47 0 2.4 3.33 0.64 1.25 1.52 1.82 1.52 2.88 2.76 1.9 
2.26 2.72 4 2.97 3.6 0.51 2.01 4.84 3.28 2.8 2.4 0 3.72 2.54 3.61 0.93 0.78 1.05 1.29 3.66 4.15 
2.88 4.52 0.28 0.88 5.73 4.04 4.1 3.39 0.56 1.91 3.33 3.72 0 2.72 3.38 3.17 3.88 2.95 2.8 0.81 3.21 
0.33 1.85 2.91 2.55 3.04 2.49 1.6 2.3 2.66 0.83 0.64 2.54 2.72 0 1.15 1.62 2.11 1.52 2.72 2.12 1.61 
1.37 1.99 3.5 3.46 2.94 3.47 2.15 1.46 3.48 1.6 1.25 3.61 3.38 1.15 0 2.69 3.06 2.63 3.86 2.63 0.73 
1.34 2.1 3.44 2.56 3.17 0.96 1.41 3.91 2.82 1.93 1.52 0.93 3.17 1.62 2.69 0 0.72 0.22 1.51 2.94 3.22 
1.8 1.95 4.15 3.24 2.83 0.42 1.25 4.39 3.51 2.58 1.82 0.78 3.88 2.11 3.06 0.72 0 0.93 1.9 3.65 3.67 
1.27 2.22 3.22 2.34 3.32 1.15 1.54 3.8 2.6 1.76 1.52 1.05 2.95 1.52 2.63 0.22 0.93 0 1.41 2.74 3.13 
2.55 3.6 3.08 1.95 4.65 1.78 2.91 4.8 2.28 2.57 2.88 1.29 2.8 2.72 3.86 1.51 1.9 1.41 0 2.98 4.22 
2.34 3.96 0.87 1.34 5.15 3.88 3.64 2.59 1.15 1.3 2.76 3.66 0.81 2.12 2.63 2.94 3.65 2.74 2.98 0 2.41 
1.9 2.71 3.27 3.47 3.63 4.07 2.85 0.75 3.42 1.72 1.9 4.15 3.21 1.61 0.73 3.22 3.67 3.13 4.22 2.41 0 
