Number_Of_Customers: 30
Vehicle_Capacity:    50
Alpha:               0.75
Number_Of_Scenarios: 10

Location_Coordinates:
0 0 0
1 -2.11226 -0.766337
2 0.180483 -1.62534
3 -2.06063 1.97007
4 0.926529 2.17268
5 1.23567 -2.02642
6 1.94473 0.135414
7 0.900843 0.475356
8 -0.685674 0.87884
9 0.670174 -1.39003
10 -2.20916 0.729635
11 -2.02309 -2.135
12 2.10085 -0.955488
13 1.11946 -0.169968
14 -1.64933 -0.372066
15 1.68711 0.333152
16 -0.712649 -2.4942
17 -0.0207708 0.905014
18 0.577163 0.382637
19 0.978433 -0.473671
20 -0.984787 -1.31252
21 0.472868 2.49831
22 -0.919386 -2.12013
23 2.00786 1.0882
24 -0.539344 0.239034
25 2.44304 0.179843
26 -2.38425 -2.05799
27 1.33365 -0.409826
28 2.05141 -1.95777
29 0.739669 1.61845
30 1.36631 -1.42321

Demand_per_scenario:
1 7 6 6 7 6 5 7 7 7 8
2 7 6 5 6 6 3 3 6 2 3
3 6 6 6 6 5 6 4 4 4 6
4 3 2 4 3 2 3 4 4 2 4
5 5 2 3 2 3 2 4 3 2 2
6 6 4 6 7 5 6 7 6 8 6
7 6 4 6 7 8 5 6 6 7 8
8 5 6 5 5 4 3 5 4 4 6
9 7 9 7 7 6 8 7 6 6 7
10 7 7 9 9 6 8 9 9 7 7
11 7 8 6 6 5 5 7 5 6 5
12 7 6 6 6 8 7 7 7 6 5
13 6 4 4 5 4 5 4 5 5 5
14 4 3 3 4 4 2 4 4 5 3
15 9 8 9 8 7 9 9 9 9 8
16 4 7 5 4 5 6 5 5 6 4
17 4 4 3 3 4 3 5 3 1 4
18 7 9 8 9 8 7 8 9 8 8
19 6 6 5 6 6 6 4 7 7 8
20 7 7 8 7 6 6 7 5 7 8
21 7 5 3 5 4 7 4 6 5 6
22 7 7 7 6 9 6 7 7 8 8
23 9 10 10 9 9 9 8 9 10 9
24 4 5 6 4 4 3 6 5 4 6
25 4 3 4 4 3 5 3 4 5 5
26 4 5 4 4 5 5 3 6 3 4
27 7 10 6 6 10 9 8 8 7 10
28 8 8 7 6 9 8 7 11 8 7
29 5 7 6 6 7 6 6 5 6 4
30 7 5 3 3 3 6 4 4 5 5

Probability_of_each_scenario_occuring:
0.1 0.1 0.1 0.1 0.1 0.1 0.1 0.1 0.1 0.1 

Travel_Costs:
0 2.25 1.64 2.86 2.37 2.38 1.95 1.02 1.12 1.55 2.33 2.95 2.31 1.14 1.7 1.72 2.6 0.91 0.7 1.09 1.65 2.55 2.32 2.29 0.59 2.45 3.15 1.4 2.84 1.78 1.98 
2.25 0 2.45 2.74 4.23 3.58 4.16 3.26 2.18 2.86 1.5 1.38 4.22 3.29 0.61 3.96 2.23 2.68 2.93 3.11 1.26 4.17 1.81 4.52 1.87 4.66 1.32 3.47 4.34 3.72 3.55 
1.64 2.45 0 4.24 3.88 1.13 2.5 2.23 2.65 0.55 3.36 2.27 2.04 1.74 2.22 2.48 1.25 2.54 2.05 1.41 1.21 4.14 1.21 3.28 2 2.9 2.61 1.68 1.91 3.3 1.21 
2.86 2.74 4.24 0 3 5.19 4.41 3.32 1.76 4.33 1.25 4.11 5.09 3.84 2.38 4.09 4.67 2.31 3.08 3.9 3.46 2.59 4.25 4.17 2.31 4.85 4.05 4.15 5.69 2.83 4.83 
2.37 4.23 3.88 3 0 4.22 2.28 1.7 2.07 3.58 3.46 5.23 3.35 2.36 3.63 2 4.95 1.59 1.83 2.65 3.98 0.56 4.68 1.54 2.43 2.51 5.38 2.62 4.29 0.59 3.63 
2.38 3.58 1.13 5.19 4.22 0 2.28 2.53 3.49 0.86 4.42 3.27 1.38 1.87 3.33 2.41 2.01 3.19 2.5 1.58 2.34 4.59 2.16 3.21 2.88 2.52 3.63 1.62 0.82 3.68 0.62 
1.95 4.16 2.5 4.41 2.28 2.28 0 1.1 2.74 1.99 4.2 4.58 1.11 0.88 3.63 0.33 3.74 2.12 1.39 1.15 3.27 2.79 3.65 0.96 2.49 0.51 4.86 0.82 2.1 1.92 1.67 
1.02 3.26 2.23 3.32 1.7 2.53 1.1 0 1.64 1.88 3.13 3.92 1.87 0.69 2.69 0.8 3.38 1.02 0.34 0.96 2.6 2.07 3.18 1.27 1.46 1.58 4.15 0.99 2.7 1.16 1.96 
1.12 2.18 2.65 1.76 2.07 3.49 2.74 1.64 0 2.65 1.54 3.3 3.34 2.09 1.58 2.44 3.38 0.67 1.36 2.15 2.22 2 3.01 2.71 0.66 3.21 3.4 2.4 3.95 1.61 3.09 
1.55 2.86 0.55 4.33 3.58 0.86 1.99 1.88 2.65 0 3.58 2.8 1.5 1.31 2.54 2.01 1.77 2.4 1.78 0.97 1.66 3.9 1.75 2.82 2.03 2.37 3.13 1.19 1.5 3.01 0.7 
2.33 1.5 3.36 1.25 3.46 4.42 4.2 3.13 1.54 3.58 0 2.88 4.63 3.45 1.24 3.92 3.56 2.2 2.81 3.41 2.39 3.22 3.13 4.24 1.75 4.69 2.8 3.73 5.04 3.08 4.18 
2.95 1.38 2.27 4.11 5.23 3.27 4.58 3.92 3.3 2.8 2.88 0 4.29 3.71 1.81 4.46 1.36 3.65 3.62 3.44 1.33 5.27 1.11 5.17 2.8 5.04 0.37 3.78 4.08 4.67 3.47 
2.31 4.22 2.04 5.09 3.35 1.38 1.11 1.87 3.34 1.5 4.63 4.29 0 1.26 3.8 1.36 3.21 2.83 2.03 1.23 3.11 3.82 3.24 2.05 2.9 1.19 4.62 0.95 1.01 2.92 0.88 
1.14 3.29 1.74 3.84 2.36 1.87 0.88 0.69 2.09 1.31 3.45 3.71 1.26 0 2.78 0.76 2.96 1.57 0.78 0.34 2.4 2.75 2.83 1.55 1.71 1.37 3.99 0.33 2.02 1.83 1.28 
1.7 0.61 2.22 2.38 3.63 3.33 3.63 2.69 1.58 2.54 1.24 1.81 3.8 2.78 0 3.42 2.32 2.07 2.36 2.63 1.16 3.57 1.9 3.94 1.27 4.13 1.84 2.99 4.03 3.11 3.2 
1.72 3.96 2.48 4.09 2 2.41 0.33 0.8 2.44 2.01 3.92 4.46 1.36 0.76 3.42 0 3.71 1.81 1.12 1.08 3.14 2.49 3.58 0.83 2.23 0.78 4.73 0.83 2.32 1.6 1.79 
2.6 2.23 1.25 4.67 4.95 2.01 3.74 3.38 3.38 1.77 3.56 1.36 3.21 2.96 2.32 3.71 0 3.47 3.16 2.64 1.22 5.14 0.43 4.5 2.74 4.14 1.73 2.93 2.82 4.37 2.34 
0.91 2.68 2.54 2.31 1.59 3.19 2.12 1.02 0.67 2.4 2.2 3.65 2.83 1.57 2.07 1.81 3.47 0 0.8 1.71 2.42 1.67 3.16 2.04 0.85 2.57 3.8 1.89 3.54 1.05 2.72 
0.7 2.93 2.05 3.08 1.83 2.5 1.39 0.34 1.36 1.78 2.81 3.62 2.03 0.78 2.36 1.12 3.16 0.8 0 0.95 2.31 2.12 2.92 1.6 1.13 1.88 3.84 1.1 2.77 1.25 1.98 
1.09 3.11 1.41 3.9 2.65 1.58 1.15 0.96 2.15 0.97 3.41 3.44 1.23 0.34 2.63 1.08 2.64 1.71 0.95 0 2.14 3.02 2.52 1.88 1.68 1.61 3.72 0.37 1.84 2.11 1.03 
1.65 1.26 1.21 3.46 3.98 2.34 3.27 2.6 2.22 1.66 2.39 1.33 3.11 2.4 1.16 3.14 1.22 2.42 2.31 2.14 0 4.09 0.82 3.84 1.62 3.74 1.59 2.49 3.11 3.41 2.36 
2.55 4.17 4.14 2.59 0.56 4.59 2.79 2.07 2 3.9 3.22 5.27 3.82 2.75 3.57 2.49 5.14 1.67 2.12 3.02 4.09 0 4.83 2.09 2.48 3.05 5.38 3.04 4.73 0.92 4.03 
2.32 1.81 1.21 4.25 4.68 2.16 3.65 3.18 3.01 1.75 3.13 1.11 3.24 2.83 1.9 3.58 0.43 3.16 2.92 2.52 0.82 4.83 0 4.35 2.39 4.08 1.47 2.83 2.98 4.1 2.39 
2.29 4.52 3.28 4.17 1.54 3.21 0.96 1.27 2.71 2.82 4.24 5.17 2.05 1.55 3.94 0.83 4.5 2.04 1.6 1.88 3.84 2.09 4.35 0 2.69 1.01 5.41 1.65 3.05 1.38 2.6 
0.59 1.87 2 2.31 2.43 2.88 2.49 1.46 0.66 2.03 1.75 2.8 2.9 1.71 1.27 2.23 2.74 0.85 1.13 1.68 1.62 2.48 2.39 2.69 0 2.99 2.95 1.99 3.4 1.89 2.53 
2.45 4.66 2.9 4.85 2.51 2.52 0.51 1.58 3.21 2.37 4.69 5.04 1.19 1.37 4.13 0.78 4.14 2.57 1.88 1.61 3.74 3.05 4.08 1.01 2.99 0 5.33 1.26 2.18 2.23 1.94 
3.15 1.32 2.61 4.05 5.38 3.63 4.86 4.15 3.4 3.13 2.8 0.37 4.62 3.99 1.84 4.73 1.73 3.8 3.84 3.72 1.59 5.38 1.47 5.41 2.95 5.33 0 4.07 4.44 4.83 3.81 
1.4 3.47 1.68 4.15 2.62 1.62 0.82 0.99 2.4 1.19 3.73 3.78 0.95 0.33 2.99 0.83 2.93 1.89 1.1 0.37 2.49 3.04 2.83 1.65 1.99 1.26 4.07 0 1.71 2.12 1.02 
2.84 4.34 1.91 5.69 4.29 0.82 2.1 2.7 3.95 1.5 5.04 4.08 1.01 2.02 4.03 2.32 2.82 3.54 2.77 1.84 3.11 4.73 2.98 3.05 3.4 2.18 4.44 1.71 0 3.81 0.87 
1.78 3.72 3.3 2.83 0.59 3.68 1.92 1.16 1.61 3.01 3.08 4.67 2.92 1.83 3.11 1.6 4.37 1.05 1.25 2.11 3.41 0.92 4.1 1.38 1.89 2.23 4.83 2.12 3.81 0 3.11 
1.98 3.55 1.21 4.83 3.63 0.62 1.67 1.96 3.09 0.7 4.18 3.47 0.88 1.28 3.2 1.79 2.34 2.72 1.98 1.03 2.36 4.03 2.39 2.6 2.53 1.94 3.81 1.02 0.87 3.11 0 
