Number_Of_Customers: 25
Vehicle_Capacity:    50
Alpha:               0
Number_Of_Scenarios: 3

Location_Coordinates:
0 0 0
1 -1.91805 -1.65698
2 1.0574 1.6611
3 -1.89315 1.83788
4 -0.74683 -1.97428
5 -1.69913 -2.34481
6 0.732568 2.26746
7 -0.829894 1.97609
8 2.16187 -0.491642
9 1.97512 0.81403
10 1.40342 2.24404
11 0.538716 -0.793597
12 2.01125 -1.9613
13 1.40284 2.48929
14 2.49726 1.51085
15 -2.21993 -0.382176
16 1.76779 1.31486
17 -1.09152 -0.132907
18 1.22803 -0.454049
19 -1.20127 0.262296
20 -1.59722 0.552481
21 0.555561 2.30938
22 -1.18207 -2.08773
23 1.57215 -1.87865
24 0.480738 -0.233389
25 2.42308 -0.269222

Demand_per_scenario:
1 3 4 6
2 5 6 8
3 3 5 6
4 3 4 5
5 4 6 7
6 5 6 8
7 4 5 7
8 5 7 8
9 5 7 8
10 5 7 9
11 5 6 8
12 7 9 11
13 4 5 6
14 5 7 9
15 5 7 9
16 4 5 6
17 5 6 8
18 5 7 9
19 5 6 8
20 3 4 5
21 3 5 6
22 8 10 13
23 3 4 5
24 4 6 7
25 6 8 10

Probability_of_each_scenario_occuring:
0.333333 0.333333 0.333333 

Travel_Costs:
0 2.54 1.97 2.64 2.12 2.9 2.39 2.15 2.22 2.14 2.65 0.96 2.81 2.86 2.92 2.26 2.21 1.1 1.31 1.23 1.7 2.38 2.4 2.45 0.54 2.44 
2.54 0 4.46 3.5 1.22 0.73 4.74 3.8 4.25 4.62 5.13 2.61 3.95 5.32 5.44 1.32 4.74 1.74 3.37 2.05 2.24 4.68 0.86 3.5 2.79 4.56 
1.97 4.46 0 2.96 4.06 4.87 0.69 1.92 2.42 1.25 0.68 2.51 3.75 0.9 1.45 3.87 0.8 2.8 2.13 2.66 2.88 0.82 4.37 3.58 1.99 2.37 
2.64 3.5 2.96 0 3.99 4.19 2.67 1.08 4.68 4.01 3.33 3.59 5.45 3.36 4.41 2.25 3.7 2.13 3.88 1.73 1.32 2.5 3.99 5.09 3.16 4.81 
2.12 1.22 4.06 3.99 0 1.03 4.5 3.96 3.27 3.9 4.74 1.75 2.76 4.96 4.77 2.17 4.15 1.88 2.5 2.29 2.67 4.48 0.45 2.33 2.14 3.6 
2.9 0.73 4.87 4.19 1.03 0 5.22 4.41 4.29 4.85 5.54 2.73 3.74 5.75 5.7 2.04 5.05 2.3 3.49 2.66 2.9 5.18 0.58 3.31 3.04 4.62 
2.39 4.74 0.69 2.67 4.5 5.22 0 1.59 3.11 1.92 0.68 3.07 4.42 0.71 1.93 3.97 1.41 3.02 2.77 2.79 2.9 0.19 4.76 4.24 2.52 3.05 
2.15 3.8 1.92 1.08 3.96 4.41 1.59 0 3.88 3.04 2.25 3.09 4.86 2.3 3.36 2.74 2.69 2.13 3.19 1.76 1.62 1.43 4.08 4.55 2.57 3.96 
2.22 4.25 2.42 4.68 3.27 4.29 3.11 3.88 0 1.32 2.84 1.66 1.48 3.08 2.04 4.39 1.85 3.28 0.94 3.45 3.91 3.23 3.71 1.51 1.71 0.35 
2.14 4.62 1.25 4.01 3.9 4.85 1.92 3.04 1.32 0 1.55 2.16 2.78 1.78 0.88 4.37 0.55 3.21 1.48 3.23 3.59 2.07 4.29 2.73 1.83 1.18 
2.65 5.13 0.68 3.33 4.74 5.54 0.68 2.25 2.84 1.55 0 3.16 4.25 0.25 1.32 4.48 1 3.45 2.71 3.28 3.45 0.86 5.05 4.13 2.65 2.72 
0.96 2.61 2.51 3.59 1.75 2.73 3.07 3.09 1.66 2.16 3.16 0 1.88 3.4 3.03 2.79 2.45 1.76 0.77 2.04 2.53 3.11 2.16 1.5 0.57 1.96 
2.81 3.95 3.75 5.45 2.76 3.74 4.42 4.86 1.48 2.78 4.25 1.88 0 4.5 3.51 4.52 3.29 3.61 1.7 3.91 4.4 4.52 3.2 0.45 2.31 1.75 
2.86 5.32 0.9 3.36 4.96 5.75 0.71 2.3 3.08 1.78 0.25 3.4 4.5 0 1.47 4.63 1.23 3.62 2.95 3.43 3.58 0.87 5.26 4.38 2.88 2.95 
2.92 5.44 1.45 4.41 4.77 5.7 1.93 3.36 2.04 0.88 1.32 3.03 3.51 1.47 0 5.09 0.76 3.95 2.34 3.91 4.21 2.1 5.15 3.52 2.67 1.79 
2.26 1.32 3.87 2.25 2.17 2.04 3.97 2.74 4.39 4.37 4.48 2.79 4.52 4.63 5.09 0 4.34 1.16 3.45 1.21 1.13 3.87 2 4.08 2.71 4.65 
2.21 4.74 0.8 3.7 4.15 5.05 1.41 2.69 1.85 0.55 1 2.45 3.29 1.23 0.76 4.34 0 3.21 1.85 3.16 3.46 1.57 4.51 3.2 2.02 1.72 
1.1 1.74 2.8 2.13 1.88 2.3 3.02 2.13 3.28 3.21 3.45 1.76 3.61 3.62 3.95 1.16 3.21 0 2.35 0.42 0.86 2.95 1.96 3.19 1.58 3.52 
1.31 3.37 2.13 3.88 2.5 3.49 2.77 3.19 0.94 1.48 2.71 0.77 1.7 2.95 2.34 3.45 1.85 2.35 0 2.54 3 2.85 2.92 1.47 0.78 1.21 
1.23 2.05 2.66 1.73 2.29 2.66 2.79 1.76 3.45 3.23 3.28 2.04 3.91 3.43 3.91 1.21 3.16 0.42 2.54 0 0.5 2.7 2.36 3.51 1.76 3.67 
1.7 2.24 2.88 1.32 2.67 2.9 2.9 1.62 3.91 3.59 3.45 2.53 4.4 3.58 4.21 1.13 3.46 0.86 3 0.5 0 2.78 2.68 4 2.23 4.11 
2.38 4.68 0.82 2.5 4.48 5.18 0.19 1.43 3.23 2.07 0.86 3.11 4.52 0.87 2.1 3.87 1.57 2.95 2.85 2.7 2.78 0 4.73 4.31 2.55 3.19 
2.4 0.86 4.37 3.99 0.45 0.58 4.76 4.08 3.71 4.29 5.05 2.16 3.2 5.26 5.15 2 4.51 1.96 2.92 2.36 2.68 4.73 0 2.77 2.5 4.04 
2.45 3.5 3.58 5.09 2.33 3.31 4.24 4.55 1.51 2.73 4.13 1.5 0.45 4.38 3.52 4.08 3.2 3.19 1.47 3.51 4 4.31 2.77 0 1.98 1.83 
0.54 2.79 1.99 3.16 2.14 3.04 2.52 2.57 1.71 1.83 2.65 0.57 2.31 2.88 2.67 2.71 2.02 1.58 0.78 1.76 2.23 2.55 2.5 1.98 0 1.95 
2.44 4.56 2.37 4.81 3.6 4.62 3.05 3.96 0.35 1.18 2.72 1.96 1.75 2.95 1.79 4.65 1.72 3.52 1.21 3.67 4.11 3.19 4.04 1.83 1.95 0 
