Number_Of_Customers: 20
Vehicle_Capacity:    50
Alpha:               0.75
Number_Of_Scenarios: 3

Location_Coordinates:
0 0 0
1 0.226421 0.45182
2 -1.26466 -0.0694273
3 -1.86487 2.05498
4 -1.90847 -0.588623
5 2.01801 1.64702
6 1.43161 1.12878
7 1.38403 1.34201
8 0.12993 -1.26397
9 1.49 2.47515
10 -0.218215 2.45663
11 -1.37047 1.45183
12 0.839498 -0.564543
13 1.73075 -1.22906
14 -1.84207 0.320229
15 2.08776 -1.02133
16 -0.491818 -0.978162
17 0.0296742 -1.26491
18 0.616756 0.821679
19 -0.0425581 -0.274681
20 -1.56221 -1.0959

Demand_per_scenario:
1 4 5 6
2 2 2 2
3 3 4 4
4 6 7 8
5 5 6 7
6 6 7 8
7 4 5 6
8 5 6 7
9 3 4 4
10 2 2 2
11 4 4 5
12 6 7 9
13 5 6 8
14 4 5 6
15 4 5 6
16 3 4 5
17 4 5 6
18 5 6 7
19 5 7 8
20 3 3 4

Probability_of_each_scenario_occuring:
0.333333 0.333333 0.333333 

Travel_Costs:
0 0.51 1.27 2.78 2 2.61 1.83 1.93 1.28 2.89 2.47 2 1.02 2.13 1.87 2.33 1.1 1.27 1.03 0.28 1.91 
0.51 0 1.58 2.64 2.38 2.16 1.39 1.47 1.72 2.39 2.06 1.89 1.19 2.26 2.08 2.38 1.61 1.73 0.54 0.78 2.37 
1.27 1.58 0 2.21 0.83 3.71 2.96 3.01 1.84 3.76 2.74 1.53 2.17 3.22 0.7 3.49 1.2 1.77 2.09 1.24 1.07 
2.78 2.64 2.21 0 2.65 3.91 3.43 3.33 3.88 3.39 1.7 0.78 3.77 4.87 1.74 5.01 3.33 3.83 2.78 2.96 3.17 
2 2.38 0.83 2.65 0 4.52 3.76 3.82 2.15 4.58 3.49 2.12 2.75 3.7 0.92 4.02 1.47 2.06 2.9 1.9 0.62 
2.61 2.16 3.71 3.91 4.52 0 0.79 0.71 3.47 0.99 2.38 3.4 2.51 2.9 4.09 2.67 3.64 3.53 1.63 2.82 4.52 
1.83 1.39 2.96 3.43 3.76 0.79 0 0.22 2.73 1.35 2.12 2.83 1.8 2.38 3.38 2.25 2.86 2.78 0.88 2.04 3.73 
1.93 1.47 3.01 3.33 3.82 0.71 0.22 0 2.9 1.14 1.96 2.76 1.99 2.6 3.39 2.47 2.99 2.94 0.93 2.16 3.83 
1.28 1.72 1.84 3.88 2.15 3.47 2.73 2.9 0 3.98 3.74 3.11 1 1.61 2.53 1.98 0.69 0.11 2.15 1.01 1.71 
2.89 2.39 3.76 3.39 4.58 0.99 1.35 1.14 3.98 0 1.71 3.04 3.11 3.72 3.97 3.55 3.99 4.02 1.87 3.15 4.7 
2.47 2.06 2.74 1.7 3.49 2.38 2.12 1.96 3.74 1.71 0 1.53 3.21 4.17 2.69 4.18 3.45 3.73 1.84 2.74 3.8 
2 1.89 1.53 0.78 2.12 3.4 2.83 2.76 3.11 3.04 1.53 0 3 4.1 1.23 4.26 2.59 3.06 2.09 2.18 2.56 
1.02 1.19 2.17 3.77 2.75 2.51 1.8 1.99 1 3.11 3.21 3 0 1.12 2.83 1.33 1.4 1.08 1.41 0.93 2.46 
2.13 2.26 3.22 4.87 3.7 2.9 2.38 2.6 1.61 3.72 4.17 4.1 1.12 0 3.9 0.42 2.24 1.71 2.34 2.02 3.3 
1.87 2.08 0.7 1.74 0.92 4.09 3.38 3.39 2.53 3.97 2.69 1.23 2.83 3.9 0 4.16 1.88 2.46 2.51 1.9 1.45 
2.33 2.38 3.49 5.01 4.02 2.67 2.25 2.47 1.98 3.55 4.18 4.26 1.33 0.42 4.16 0 2.58 2.08 2.36 2.26 3.66 
1.1 1.61 1.2 3.33 1.47 3.64 2.86 2.99 0.69 3.99 3.45 2.59 1.4 2.24 1.88 2.58 0 0.6 2.12 0.84 1.08 
1.27 1.73 1.77 3.83 2.06 3.53 2.78 2.94 0.11 4.02 3.73 3.06 1.08 1.71 2.46 2.08 0.6 0 2.17 1 1.61 
1.03 0.54 2.09 2.78 2.9 1.63 0.88 0.93 2.15 1.87 1.84 2.09 1.41 2.34 2.51 2.36 2.12 2.17 0 1.28 2.91 
0.28 0.78 1.24 2.96 1.9 2.82 2.04 2.16 1.01 3.15 2.74 2.18 0.93 2.02 1.9 2.26 0.84 1 1.28 0 1.73 
1.91 2.37 1.07 3.17 0.62 4.52 3.73 3.83 1.71 4.7 3.8 2.56 2.46 3.3 1.45 3.66 1.08 1.61 2.91 1.73 0 
