Number_Of_Customers: 50
Vehicle_Capacity:    50
Alpha:               0.75
Number_Of_Scenarios: 3

Location_Coordinates:
0 0 0
1 1.34519 -1.41252
2 -0.294323 -1.69306
3 -0.317759 -0.569106
4 0.0412958 -0.942097
5 1.16851 -0.81822
6 -1.82039 -0.339077
7 1.13537 2.09663
8 -1.95314 -1.42177
9 -0.632766 0.107159
10 1.02086 -2.37278
11 0.627924 -1.48387
12 0.627095 -0.422123
13 0.376368 0.613393
14 -0.696329 1.79343
15 2.22517 -1.61015
16 -1.70937 0.645326
17 0.997999 -1.62705
18 -0.79859 -1.89573
19 -1.48025 1.40727
20 1.90593 -2.02107
21 1.93667 -0.373044
22 0.256396 -0.756965
23 -2.30409 0.125589
24 0.77717 1.89444
25 -0.125341 -1.59828
26 -2.29246 0.587127
27 -2.16378 -1.64112
28 -2.32959 1.63661
29 1.45669 -2.35452
30 -2.36482 -0.522418
31 -0.273617 1.31138
32 0.300834 1.11365
33 2.10686 -0.0872058
34 -0.667122 -2.32013
35 0.499929 2.30318
36 -0.390101 -1.42148
37 -0.736824 1.20129
38 0.0422675 0.390244
39 -1.17137 -2.18568
40 0.32766 1.97881
41 -2.17103 1.44831
42 1.69829 -1.90669
43 -0.783265 0.665038
44 2.28567 0.195271
45 1.9182 -0.8727
46 -2.46995 -2.3972
47 0.22079 0.812937
48 -1.9756 1.13694
49 -1.44163 0.462351
50 0.733107 1.32828

Demand_per_scenario:
1 5 7 9
2 5 6 8
3 2 3 4
4 4 6 7
5 5 6 8
6 4 6 8
7 5 6 8
8 3 5 6
9 2 3 3
10 3 4 5
11 6 8 9
12 4 5 6
13 4 6 7
14 4 6 7
15 6 8 10
16 6 8 10
17 3 5 6
18 3 4 5
19 4 5 7
20 3 5 6
21 2 3 4
22 4 5 6
23 4 6 7
24 5 7 8
25 2 3 4
26 4 5 7
27 3 4 5
28 3 4 5
29 3 4 5
30 4 5 7
31 2 3 4
32 5 6 8
33 4 5 6
34 3 4 5
35 3 3 4
36 4 6 7
37 4 5 6
38 5 7 9
39 3 4 5
40 3 4 4
41 3 4 5
42 2 3 4
43 3 5 6
44 5 7 9
45 5 7 8
46 4 6 7
47 3 4 5
48 4 5 7
49 3 3 4
50 5 7 8

Probability_of_each_scenario_occuring:
0.333333 0.333333 0.333333 

Travel_Costs:
0 1.96 1.72 0.66 0.95 1.43 1.86 2.39 2.42 0.65 2.59 1.62 0.76 0.72 1.93 2.75 1.83 1.91 2.06 2.05 2.78 1.98 0.8 2.31 2.05 1.61 2.37 2.72 2.85 2.77 2.43 1.34 1.16 2.11 2.42 2.36 1.48 1.41 0.4 2.48 2.01 2.61 2.56 1.03 2.3 2.11 3.45 0.85 2.28 1.52 1.52 
1.96 0 1.67 1.87 1.39 0.63 3.35 3.52 3.3 2.5 1.02 0.73 1.23 2.25 3.81 0.91 3.69 0.41 2.2 4 0.83 1.2 1.28 3.97 3.36 1.49 4.16 3.52 4.78 0.95 3.82 3.17 2.74 1.53 2.21 3.82 1.74 3.35 2.23 2.64 3.55 4.54 0.61 2.98 1.87 0.79 3.95 2.5 4.19 3.36 2.81 
1.72 1.67 0 1.13 0.83 1.71 2.05 4.06 1.69 1.84 1.49 0.95 1.57 2.41 3.51 2.53 2.74 1.3 0.55 3.32 2.23 2.6 1.09 2.72 3.75 0.2 3.04 1.88 3.91 1.88 2.38 3.01 2.87 2.89 0.73 4.08 0.29 2.93 2.12 1.01 3.73 3.66 2.01 2.41 3.2 2.36 2.29 2.56 3.3 2.45 3.2 
0.66 1.87 1.13 0 0.52 1.51 1.53 3.04 1.85 0.75 2.25 1.32 0.96 1.38 2.4 2.75 1.85 1.69 1.42 2.3 2.66 2.27 0.61 2.11 2.7 1.05 2.29 2.14 2.99 2.52 2.05 1.89 1.8 2.48 1.79 2.99 0.86 1.82 1.03 1.83 2.63 2.74 2.42 1.32 2.72 2.26 2.83 1.49 2.38 1.53 2.17 
0.95 1.39 0.83 0.52 0 1.14 1.96 3.23 2.06 1.25 1.74 0.8 0.79 1.6 2.84 2.29 2.37 1.18 1.28 2.8 2.16 1.98 0.29 2.58 2.94 0.68 2.8 2.32 3.51 2 2.45 2.28 2.08 2.24 1.55 3.28 0.65 2.29 1.34 1.74 2.94 3.26 1.92 1.81 2.52 1.88 2.91 1.77 2.9 2.05 2.38 
1.43 0.63 1.71 1.51 1.14 0 3.03 2.92 3.18 2.03 1.57 0.86 0.68 1.64 3.21 1.33 3.23 0.83 2.25 3.46 1.42 0.89 0.92 3.6 2.75 1.52 3.74 3.44 4.28 1.57 3.55 2.58 2.12 1.19 2.38 3.2 1.68 2.78 1.66 2.72 2.93 4.04 1.22 2.46 1.51 0.76 3.97 1.89 3.71 2.91 2.2 
1.86 3.35 2.05 1.53 1.96 3.03 0 3.84 1.1 1.27 3.5 2.71 2.45 2.4 2.42 4.25 1 3.1 1.87 1.78 4.09 3.76 2.12 0.68 3.43 2.12 1.04 1.35 2.05 3.85 0.58 2.27 2.58 3.94 2.3 3.52 1.8 1.89 2.01 1.96 3.17 1.83 3.86 1.45 4.15 3.78 2.16 2.35 1.49 0.89 3.05 
2.39 3.52 4.06 3.04 3.23 2.92 3.84 0 4.69 2.67 4.48 3.62 2.57 1.67 1.86 3.87 3.2 3.73 4.44 2.71 4.19 2.6 2.99 3.97 0.42 3.91 3.75 4.99 3.5 4.47 4.38 1.62 1.29 2.4 4.78 0.67 3.84 2.08 2.03 4.87 0.82 3.37 4.05 2.4 2.23 3.08 5.77 1.58 3.26 3.06 0.87 
2.42 3.3 1.69 1.85 2.06 3.18 1.1 4.69 0 2.03 3.13 2.59 2.77 3.1 3.46 4.19 2.09 2.96 1.25 2.87 3.91 4.03 2.31 1.59 4.3 1.84 2.04 0.31 3.09 3.54 0.99 3.21 3.4 4.28 1.57 4.47 1.57 2.9 2.7 1.1 4.1 2.88 3.69 2.4 4.54 3.92 1.11 3.12 2.56 1.96 3.85 
0.65 2.5 1.84 0.75 1.25 2.03 1.27 2.67 2.03 0 2.99 2.03 1.37 1.13 1.69 3.34 1.21 2.39 2.01 1.56 3.32 2.62 1.24 1.68 2.28 1.78 1.73 2.33 2.29 3.23 1.85 1.26 1.38 2.75 2.43 2.48 1.55 1.1 0.74 2.36 2.11 2.05 3.09 0.58 2.92 2.74 3.11 1.11 1.7 0.89 1.84 
2.59 1.02 1.49 2.25 1.74 1.57 3.5 4.48 3.13 2.99 0 0.98 2 3.06 4.51 1.43 4.07 0.75 1.89 4.54 0.96 2.2 1.79 4.16 4.28 1.39 4.45 3.27 5.23 0.44 3.86 3.91 3.57 2.54 1.69 4.71 1.71 3.99 2.94 2.21 4.41 4.98 0.83 3.54 2.87 1.75 3.5 3.29 4.62 3.76 3.72 
1.62 0.73 0.95 1.32 0.8 0.86 2.71 3.62 2.59 2.03 0.98 0 1.07 2.12 3.54 1.61 3.17 0.4 1.49 3.58 1.39 1.72 0.82 3.35 3.39 0.77 3.59 2.8 4.3 1.21 3.15 2.94 2.62 2.04 1.55 3.79 1.02 3.02 1.97 1.94 3.48 4.06 1.16 2.58 2.36 1.43 3.23 2.34 3.7 2.85 2.82 
0.76 1.23 1.57 0.96 0.79 0.68 2.45 2.57 2.77 1.37 2 1.07 0 1.07 2.59 2 2.57 1.27 2.06 2.8 2.05 1.32 0.5 2.99 2.33 1.4 3.09 3.05 3.61 2.11 3 1.96 1.58 1.52 2.3 2.73 1.43 2.13 1.01 2.52 2.42 3.37 1.84 1.79 1.77 1.37 3.68 1.31 3.04 2.25 1.76 
0.72 2.25 2.41 1.38 1.6 1.64 2.4 1.67 3.1 1.13 3.06 2.12 1.07 0 1.6 2.9 2.09 2.33 2.78 2.02 3.05 1.85 1.38 2.73 1.35 2.27 2.67 3.4 2.9 3.16 2.97 0.96 0.51 1.87 3.12 1.7 2.18 1.26 0.41 3.2 1.37 2.69 2.85 1.17 1.96 2.15 4.15 0.26 2.41 1.83 0.8 
1.93 3.81 3.51 2.4 2.84 3.21 2.42 1.86 3.46 1.69 4.51 3.54 2.59 1.6 0 4.49 1.54 3.82 3.7 0.88 4.62 3.41 2.73 2.32 1.48 3.44 2.01 3.74 1.65 4.68 2.86 0.65 1.21 3.38 4.12 1.31 3.23 0.6 1.59 4.01 1.05 1.52 4.41 1.14 3.39 3.74 4.56 1.35 1.44 1.53 1.51 
2.75 0.91 2.53 2.75 2.29 1.33 4.25 3.87 4.19 3.34 1.43 1.61 2 2.9 4.49 0 4.54 1.23 3.04 4.78 0.53 1.28 2.15 4.86 3.8 2.36 5.03 4.39 5.6 1.07 4.72 3.85 3.34 1.53 2.98 4.28 2.63 4.09 2.97 3.45 4.06 5.36 0.61 3.78 1.81 0.8 4.77 3.15 5.02 4.22 3.3 
1.83 3.69 2.74 1.85 2.37 3.23 1 3.2 2.09 1.21 4.07 3.17 2.57 2.09 1.54 4.54 0 3.54 2.7 0.8 4.5 3.79 2.42 0.79 2.79 2.75 0.59 2.34 1.17 4.37 1.34 1.59 2.07 3.89 3.15 2.77 2.46 1.13 1.78 2.89 2.44 0.93 4.26 0.93 4.03 3.94 3.14 1.94 0.56 0.33 2.54 
1.91 0.41 1.3 1.69 1.18 0.83 3.1 3.73 2.96 2.39 0.75 0.4 1.27 2.33 3.82 1.23 3.54 0 1.82 3.92 0.99 1.57 1.15 3.74 3.53 1.13 3.97 3.17 4.67 0.87 3.54 3.21 2.83 1.9 1.81 3.97 1.41 3.32 2.24 2.25 3.67 4.42 0.76 2.91 2.24 1.19 3.56 2.57 4.06 3.22 2.97 
2.06 2.2 0.55 1.42 1.28 2.25 1.87 4.44 1.25 2.01 1.89 1.49 2.06 2.78 3.7 3.04 2.7 1.82 0 3.38 2.71 3.14 1.56 2.53 4.11 0.74 2.9 1.39 3.85 2.31 2.09 3.25 3.21 3.43 0.45 4.4 0.63 3.1 2.44 0.48 4.04 3.62 2.5 2.57 3.73 2.91 1.75 2.9 3.26 2.45 3.57 
2.05 4 3.32 2.3 2.8 3.46 1.78 2.71 2.87 1.56 4.54 3.58 2.8 2.02 0.88 4.78 0.8 3.92 3.38 0 4.82 3.86 2.78 1.53 2.31 3.3 1.16 3.13 0.88 4.78 2.13 1.22 1.81 3.89 3.82 2.18 3.04 0.78 1.84 3.61 1.9 0.7 4.6 1.02 3.96 4.1 3.94 1.81 0.57 0.95 2.22 
2.78 0.83 2.23 2.66 2.16 1.42 4.09 4.19 3.91 3.32 0.96 1.39 2.05 3.05 4.62 0.53 4.5 0.99 2.71 4.82 0 1.65 2.08 4.73 4.08 2.08 4.95 4.09 5.6 0.56 4.53 3.99 3.53 1.95 2.6 4.55 2.38 4.17 3.05 3.09 4.3 5.36 0.24 3.81 2.25 1.15 4.4 3.3 5.01 4.17 3.55 
1.98 1.2 2.6 2.27 1.98 0.89 3.76 2.6 4.03 2.62 2.2 1.72 1.32 1.85 3.41 1.28 3.79 1.57 3.14 3.86 1.65 0 1.73 4.27 2.55 2.4 4.34 4.3 4.72 2.04 4.31 2.78 2.22 0.34 3.26 3.04 2.56 3.11 2.05 3.6 2.85 4.5 1.56 2.92 0.67 0.5 4.85 2.09 4.2 3.49 2.09 
0.8 1.28 1.09 0.61 0.29 0.92 2.12 2.99 2.31 1.24 1.79 0.82 0.5 1.38 2.73 2.15 2.42 1.15 1.56 2.78 2.08 1.73 0 2.71 2.71 0.93 2.89 2.58 3.53 2 2.64 2.14 1.88 1.97 1.82 3.07 0.93 2.2 1.17 2.02 2.74 3.28 1.85 1.77 2.25 1.67 3.19 1.58 2.93 2.1 2.14 
2.31 3.97 2.72 2.11 2.58 3.6 0.68 3.97 1.59 1.68 4.16 3.35 2.99 2.73 2.32 4.86 0.79 3.74 2.53 1.53 4.73 4.27 2.71 0 3.56 2.78 0.47 1.78 1.52 4.51 0.66 2.36 2.79 4.42 2.95 3.56 2.47 1.91 2.37 2.58 3.22 1.33 4.49 1.62 4.6 4.34 2.53 2.62 1.07 0.93 3.27 
2.05 3.36 3.75 2.7 2.94 2.75 3.43 0.42 4.3 2.28 4.28 3.39 2.33 1.35 1.48 3.8 2.79 3.53 4.11 2.31 4.08 2.55 2.71 3.56 0 3.61 3.34 4.6 3.12 4.31 3.97 1.21 0.92 2.39 4.46 0.5 3.52 1.67 1.68 4.53 0.46 2.99 3.92 1.99 2.28 3 5.39 1.22 2.86 2.65 0.57 
1.61 1.49 0.2 1.05 0.68 1.52 2.12 3.91 1.84 1.78 1.39 0.77 1.4 2.27 3.44 2.36 2.75 1.13 0.74 3.3 2.08 2.4 0.93 2.78 3.61 0 3.08 2.04 3.92 1.76 2.49 2.92 2.75 2.7 0.91 3.96 0.32 2.87 2 1.2 3.61 3.67 1.85 2.36 3.01 2.17 2.48 2.44 3.31 2.45 3.05 
2.37 4.16 3.04 2.29 2.8 3.74 1.04 3.75 2.04 1.73 4.45 3.59 3.09 2.67 2.01 5.03 0.59 3.97 2.9 1.16 4.95 4.34 2.89 0.47 3.34 3.08 0 2.24 1.06 4.77 1.12 2.15 2.65 4.46 3.34 3.28 2.77 1.68 2.35 3 2.97 0.87 4.71 1.52 4.6 4.46 2.99 2.53 0.64 0.86 3.12 
2.72 3.52 1.88 2.14 2.32 3.44 1.35 4.99 0.31 2.33 3.27 2.8 3.05 3.4 3.74 4.39 2.34 3.17 1.39 3.13 4.09 4.3 2.58 1.78 4.6 2.04 2.24 0 3.29 3.7 1.14 3.51 3.7 4.55 1.65 4.76 1.79 3.19 3 1.14 4.4 3.09 3.88 2.69 4.82 4.16 0.82 3.43 2.79 2.23 4.15 
2.85 4.78 3.91 2.99 3.51 4.28 2.05 3.5 3.09 2.29 5.23 4.3 3.61 2.9 1.65 5.6 1.17 4.67 3.85 0.88 5.6 4.72 3.53 1.52 3.12 3.92 1.06 3.29 0 5.51 2.16 2.09 2.69 4.76 4.3 2.91 3.63 1.66 2.68 4 2.68 0.25 5.37 1.83 4.84 4.94 4.04 2.69 0.62 1.48 3.08 
2.77 0.95 1.88 2.52 2 1.57 3.85 4.47 3.54 3.23 0.44 1.21 2.11 3.16 4.68 1.07 4.37 0.87 2.31 4.78 0.56 2.04 2 4.51 4.31 1.76 4.77 3.7 5.51 0 4.24 4.06 3.66 2.36 2.13 4.76 2.07 4.18 3.09 2.64 4.48 5.26 0.51 3.76 2.69 1.56 3.93 3.41 4.9 4.05 3.76 
2.43 3.82 2.38 2.05 2.45 3.55 0.58 4.38 0.99 1.85 3.86 3.15 3 2.97 2.86 4.72 1.34 3.54 2.09 2.13 4.53 4.31 2.64 0.66 3.97 2.49 1.12 1.14 2.16 4.24 0 2.79 3.13 4.5 2.48 4.03 2.17 2.38 2.58 2.05 3.68 1.99 4.3 1.98 4.71 4.3 1.88 2.92 1.71 1.35 3.61 
1.34 3.17 3.01 1.89 2.28 2.58 2.27 1.62 3.21 1.26 3.91 2.94 1.96 0.96 0.65 3.85 1.59 3.21 3.25 1.22 3.99 2.78 2.14 2.36 1.21 2.92 2.15 3.51 2.09 4.06 2.79 0 0.61 2.77 3.66 1.26 2.74 0.48 0.98 3.62 0.9 1.91 3.78 0.83 2.8 3.1 4.32 0.71 1.72 1.45 1.01 
1.16 2.74 2.87 1.8 2.08 2.12 2.58 1.29 3.4 1.38 3.57 2.62 1.58 0.51 1.21 3.34 2.07 2.83 3.21 1.81 3.53 2.22 1.88 2.79 0.92 2.75 2.65 3.7 2.69 3.66 3.13 0.61 0 2.17 3.57 1.21 2.63 1.05 0.77 3.62 0.87 2.5 3.33 1.18 2.19 2.57 4.48 0.32 2.28 1.87 0.49 
2.11 1.53 2.89 2.48 2.24 1.19 3.94 2.4 4.28 2.75 2.54 2.04 1.52 1.87 3.38 1.53 3.89 1.9 3.43 3.89 1.95 0.34 1.97 4.42 2.39 2.7 4.46 4.55 4.76 2.36 4.5 2.77 2.17 0 3.57 2.89 2.84 3.13 2.12 3.9 2.73 4.55 1.87 2.99 0.34 0.81 5.13 2.09 4.27 3.6 1.98 
2.42 2.21 0.73 1.79 1.55 2.38 2.3 4.78 1.57 2.43 1.69 1.55 2.3 3.12 4.12 2.98 3.15 1.81 0.45 3.82 2.6 3.26 1.82 2.95 4.46 0.91 3.34 1.65 4.3 2.13 2.48 3.66 3.57 3.57 0 4.77 0.95 3.53 2.81 0.53 4.42 4.06 2.41 2.99 3.88 2.97 1.81 3.26 3.7 2.89 3.91 
2.36 3.82 4.08 2.99 3.28 3.2 3.52 0.67 4.47 2.48 4.71 3.79 2.73 1.7 1.31 4.28 2.77 3.97 4.4 2.18 4.55 3.04 3.07 3.56 0.5 3.96 3.28 4.76 2.91 4.76 4.03 1.26 1.21 2.89 4.77 0 3.83 1.66 1.97 4.79 0.37 2.81 4.38 2.09 2.77 3.48 5.57 1.52 2.74 2.68 1.01 
1.48 1.74 0.29 0.86 0.65 1.68 1.8 3.84 1.57 1.55 1.71 1.02 1.43 2.18 3.23 2.63 2.46 1.41 0.63 3.04 2.38 2.56 0.93 2.47 3.52 0.32 2.77 1.79 3.63 2.07 2.17 2.74 2.63 2.84 0.95 3.83 0 2.65 1.87 1.1 3.48 3.38 2.15 2.13 3.13 2.38 2.3 2.32 3.01 2.16 2.98 
1.41 3.35 2.93 1.82 2.29 2.78 1.89 2.08 2.9 1.1 3.99 3.02 2.13 1.26 0.6 4.09 1.13 3.32 3.1 0.78 4.17 3.11 2.2 1.91 1.67 2.87 1.68 3.19 1.66 4.18 2.38 0.48 1.05 3.13 3.53 1.66 2.65 0 1.13 3.42 1.32 1.46 3.95 0.54 3.19 3.37 4 1.04 1.25 1.03 1.48 
0.4 2.23 2.12 1.03 1.34 1.66 2.01 2.03 2.7 0.74 2.94 1.97 1.01 0.41 1.59 2.97 1.78 2.24 2.44 1.84 3.05 2.05 1.17 2.37 1.68 2 2.35 3 2.68 3.09 2.58 0.98 0.77 2.12 2.81 1.97 1.87 1.13 0 2.85 1.62 2.46 2.84 0.88 2.26 2.27 3.76 0.46 2.16 1.49 1.17 
2.48 2.64 1.01 1.83 1.74 2.72 1.96 4.87 1.1 2.36 2.21 1.94 2.52 3.2 4.01 3.45 2.89 2.25 0.48 3.61 3.09 3.6 2.02 2.58 4.53 1.2 3 1.14 4 2.64 2.05 3.62 3.62 3.9 0.53 4.79 1.1 3.42 2.85 0 4.43 3.77 2.89 2.88 4.2 3.36 1.32 3.31 3.42 2.67 4 
2.01 3.55 3.73 2.63 2.94 2.93 3.17 0.82 4.1 2.11 4.41 3.48 2.42 1.37 1.05 4.06 2.44 3.67 4.04 1.9 4.3 2.85 2.74 3.22 0.46 3.61 2.97 4.4 2.68 4.48 3.68 0.9 0.87 2.73 4.42 0.37 3.48 1.32 1.62 4.43 0 2.56 4.13 1.73 2.65 3.27 5.2 1.18 2.46 2.34 0.77 
2.61 4.54 3.66 2.74 3.26 4.04 1.83 3.37 2.88 2.05 4.98 4.06 3.37 2.69 1.52 5.36 0.93 4.42 3.62 0.7 5.36 4.5 3.28 1.33 2.99 3.67 0.87 3.09 0.25 5.26 1.99 1.91 2.5 4.55 4.06 2.81 3.38 1.46 2.46 3.77 2.56 0 5.13 1.6 4.63 4.71 3.86 2.48 0.37 1.23 2.91 
2.56 0.61 2.01 2.42 1.92 1.22 3.86 4.05 3.69 3.09 0.83 1.16 1.84 2.85 4.41 0.61 4.26 0.76 2.5 4.6 0.24 1.56 1.85 4.49 3.92 1.85 4.71 3.88 5.37 0.51 4.3 3.78 3.33 1.87 2.41 4.38 2.15 3.95 2.84 2.89 4.13 5.13 0 3.58 2.19 1.06 4.2 3.1 4.78 3.94 3.38 
1.03 2.98 2.41 1.32 1.81 2.46 1.45 2.4 2.4 0.58 3.54 2.58 1.79 1.17 1.14 3.78 0.93 2.91 2.57 1.02 3.81 2.92 1.77 1.62 1.99 2.36 1.52 2.69 1.83 3.76 1.98 0.83 1.18 2.99 2.99 2.09 2.13 0.54 0.88 2.88 1.73 1.6 3.58 0 3.11 3.11 3.5 1.02 1.29 0.69 1.66 
2.3 1.87 3.2 2.72 2.52 1.51 4.15 2.23 4.54 2.92 2.87 2.36 1.77 1.96 3.39 1.81 4.03 2.24 3.73 3.96 2.25 0.67 2.25 4.6 2.28 3.01 4.6 4.82 4.84 2.69 4.71 2.8 2.19 0.34 3.88 2.77 3.13 3.19 2.26 4.2 2.65 4.63 2.19 3.11 0 1.13 5.42 2.16 4.37 3.74 1.93 
2.11 0.79 2.36 2.26 1.88 0.76 3.78 3.08 3.92 2.74 1.75 1.43 1.37 2.15 3.74 0.8 3.94 1.19 2.91 4.1 1.15 0.5 1.67 4.34 3 2.17 4.46 4.16 4.94 1.56 4.3 3.1 2.57 0.81 2.97 3.48 2.38 3.37 2.27 3.36 3.27 4.71 1.06 3.11 1.13 0 4.65 2.4 4.39 3.62 2.5 
3.45 3.95 2.29 2.83 2.91 3.97 2.16 5.77 1.11 3.11 3.5 3.23 3.68 4.15 4.56 4.77 3.14 3.56 1.75 3.94 4.4 4.85 3.19 2.53 5.39 2.48 2.99 0.82 4.04 3.93 1.88 4.32 4.48 5.13 1.81 5.57 2.3 4 3.76 1.32 5.2 3.86 4.2 3.5 5.42 4.65 0 4.19 3.57 3.04 4.92 
0.85 2.5 2.56 1.49 1.77 1.89 2.35 1.58 3.12 1.11 3.29 2.34 1.31 0.26 1.35 3.15 1.94 2.57 2.9 1.81 3.3 2.09 1.58 2.62 1.22 2.44 2.53 3.43 2.69 3.41 2.92 0.71 0.32 2.09 3.26 1.52 2.32 1.04 0.46 3.31 1.18 2.48 3.1 1.02 2.16 2.4 4.19 0 2.23 1.7 0.73 
2.28 4.19 3.3 2.38 2.9 3.71 1.49 3.26 2.56 1.7 4.62 3.7 3.04 2.41 1.44 5.02 0.56 4.06 3.26 0.57 5.01 4.2 2.93 1.07 2.86 3.31 0.64 2.79 0.62 4.9 1.71 1.72 2.28 4.27 3.7 2.74 3.01 1.25 2.16 3.42 2.46 0.37 4.78 1.29 4.37 4.39 3.57 2.23 0 0.87 2.72 
1.52 3.36 2.45 1.53 2.05 2.91 0.89 3.06 1.96 0.89 3.76 2.85 2.25 1.83 1.53 4.22 0.33 3.22 2.45 0.95 4.17 3.49 2.1 0.93 2.65 2.45 0.86 2.23 1.48 4.05 1.35 1.45 1.87 3.6 2.89 2.68 2.16 1.03 1.49 2.67 2.34 1.23 3.94 0.69 3.74 3.62 3.04 1.7 0.87 0 2.35 
1.52 2.81 3.2 2.17 2.38 2.2 3.05 0.87 3.85 1.84 3.72 2.82 1.76 0.8 1.51 3.3 2.54 2.97 3.57 2.22 3.55 2.09 2.14 3.27 0.57 3.05 3.12 4.15 3.08 3.76 3.61 1.01 0.49 1.98 3.91 1.01 2.98 1.48 1.17 4 0.77 2.91 3.38 1.66 1.93 2.5 4.92 0.73 2.72 2.35 0 
