Number_Of_Customers: 25
Vehicle_Capacity:    50
Alpha:               0.75
Number_Of_Scenarios: 3

Location_Coordinates:
0 0 0
1 -1.29846 1.78465
2 -0.407471 1.63859
3 -0.148541 -1.53171
4 1.54275 -1.04876
5 -1.44611 0.306275
6 -2.43879 1.31161
7 -0.697778 2.43859
8 0.439934 -1.03426
9 2.23835 -0.0569405
10 -1.99914 0.466977
11 -1.51669 -0.984568
12 2.37033 -1.79017
13 -2.30523 1.07319
14 2.15878 -2.36783
15 -1.12674 -2.16953
16 1.74873 0.879083
17 -0.247553 -0.622044
18 0.304928 -0.068303
19 2.03178 -1.92861
20 0.807894 -1.72485
21 0.52123 0.318019
22 -0.0482058 -0.195313
23 2.36647 -1.68114
24 0.143498 1.77514
25 -0.146289 1.31743

Demand_per_scenario:
1 4 5 7
2 6 7 9
3 2 3 4
4 4 5 7
5 6 8 10
6 3 4 5
7 5 6 8
8 2 3 3
9 4 5 6
10 3 4 5
11 4 5 6
12 2 3 4
13 5 7 9
14 6 8 10
15 5 6 8
16 4 5 7
17 4 5 7
18 5 6 8
19 5 6 8
20 2 3 3
21 4 5 6
22 4 5 7
23 6 7 9
24 6 7 9
25 5 7 8

Probability_of_each_scenario_occuring:
0.333333 0.333333 0.333333 

Travel_Costs:
0 2.21 1.69 1.54 1.87 1.48 2.77 2.54 1.13 2.24 2.06 1.81 2.98 2.55 3.21 2.45 1.96 0.67 0.32 2.81 1.91 0.62 0.21 2.91 1.79 1.33 
2.21 0 0.91 3.52 4.02 1.49 1.24 0.89 3.32 3.99 1.5 2.78 5.13 1.24 5.41 3.96 3.18 2.63 2.46 4.99 4.1 2.34 2.35 5.05 1.45 1.25 
1.69 0.91 0 3.19 3.33 1.69 2.06 0.86 2.81 3.15 1.98 2.85 4.42 1.99 4.76 3.88 2.29 2.27 1.85 4.33 3.58 1.62 1.87 4.33 0.57 0.42 
1.54 3.52 3.19 0 1.76 2.25 3.66 4.01 0.78 2.81 2.73 1.48 2.54 3.39 2.46 1.17 3.07 0.92 1.54 2.22 0.98 1.97 1.35 2.52 3.32 2.85 
1.87 4.02 3.33 1.76 0 3.29 4.63 4.15 1.11 1.22 3.86 3.07 1.12 4.4 1.46 2.9 1.94 1.85 1.58 1.01 1 1.71 1.81 1.04 3.16 2.91 
1.48 1.49 1.69 2.25 3.29 0 1.42 2.26 2.32 3.71 0.58 1.3 4.36 1.16 4.49 2.5 3.25 1.52 1.8 4.14 3.04 1.97 1.49 4.3 2.17 1.65 
2.77 1.24 2.06 3.66 4.63 1.42 0 2.08 3.72 4.88 0.96 2.48 5.73 0.28 5.89 3.73 4.21 2.93 3.08 5.53 4.45 3.13 2.83 5.67 2.63 2.3 
2.54 0.89 0.86 4.01 4.15 2.26 2.08 0 3.66 3.86 2.37 3.52 5.23 2.11 5.6 4.63 2.91 3.1 2.7 5.16 4.43 2.45 2.72 5.14 1.08 1.25 
1.13 3.32 2.81 0.78 1.11 2.32 3.72 3.66 0 2.05 2.87 1.96 2.08 3.47 2.18 1.94 2.32 0.81 0.98 1.83 0.79 1.36 0.98 2.04 2.83 2.43 
2.24 3.99 3.15 2.81 1.22 3.71 4.88 3.86 2.05 0 4.27 3.87 1.74 4.69 2.32 3.98 1.06 2.55 1.94 1.89 2.2 1.76 2.3 1.63 2.79 2.76 
2.06 1.5 1.98 2.73 3.86 0.58 0.96 2.37 2.87 4.27 0 1.53 4.92 0.68 5.04 2.78 3.78 2.07 2.37 4.69 3.57 2.53 2.07 4.87 2.52 2.04 
1.81 2.78 2.85 1.48 3.07 1.3 2.48 3.52 1.96 3.87 1.53 0 3.97 2.21 3.93 1.25 3.76 1.32 2.04 3.68 2.44 2.42 1.67 3.95 3.23 2.68 
2.98 5.13 4.42 2.54 1.12 4.36 5.73 5.23 2.08 1.74 4.92 3.97 0 5.49 0.62 3.52 2.75 2.87 2.69 0.37 1.57 2.81 2.9 0.11 4.21 4 
2.55 1.24 1.99 3.39 4.4 1.16 0.28 2.11 3.47 4.69 0.68 2.21 5.49 0 5.64 3.46 4.06 2.67 2.85 5.28 4.19 2.93 2.59 5.43 2.55 2.18 
3.21 5.41 4.76 2.46 1.46 4.49 5.89 5.6 2.18 2.32 5.04 3.93 0.62 5.64 0 3.3 3.28 2.98 2.96 0.46 1.5 3.15 3.1 0.72 4.61 4.35 
2.45 3.96 3.88 1.17 2.9 2.5 3.73 4.63 1.94 3.98 2.78 1.25 3.52 3.46 3.3 0 4.2 1.78 2.55 3.17 1.99 2.99 2.25 3.53 4.15 3.63 
1.96 3.18 2.29 3.07 1.94 3.25 4.21 2.91 2.32 1.06 3.78 3.76 2.75 4.06 3.28 4.2 0 2.5 1.73 2.83 2.77 1.35 2.1 2.64 1.84 1.95 
0.67 2.63 2.27 0.92 1.85 1.52 2.93 3.1 0.81 2.55 2.07 1.32 2.87 2.67 2.98 1.78 2.5 0 0.79 2.63 1.53 1.22 0.48 2.83 2.43 1.95 
0.32 2.46 1.85 1.54 1.58 1.8 3.08 2.7 0.98 1.94 2.37 2.04 2.69 2.85 2.96 2.55 1.73 0.79 0 2.54 1.74 0.45 0.38 2.62 1.86 1.46 
2.81 4.99 4.33 2.22 1.01 4.14 5.53 5.16 1.83 1.89 4.69 3.68 0.37 5.28 0.46 3.17 2.83 2.63 2.54 0 1.25 2.71 2.71 0.42 4.16 3.91 
1.91 4.1 3.58 0.98 1 3.04 4.45 4.43 0.79 2.2 3.57 2.44 1.57 4.19 1.5 1.99 2.77 1.53 1.74 1.25 0 2.07 1.76 1.56 3.57 3.19 
0.62 2.34 1.62 1.97 1.71 1.97 3.13 2.45 1.36 1.76 2.53 2.42 2.81 2.93 3.15 2.99 1.35 1.22 0.45 2.71 2.07 0 0.77 2.73 1.51 1.21 
0.21 2.35 1.87 1.35 1.81 1.49 2.83 2.72 0.98 2.3 2.07 1.67 2.9 2.59 3.1 2.25 2.1 0.48 0.38 2.71 1.76 0.77 0 2.84 1.98 1.52 
2.91 5.05 4.33 2.52 1.04 4.3 5.67 5.14 2.04 1.63 4.87 3.95 0.11 5.43 0.72 3.53 2.64 2.83 2.62 0.42 1.56 2.73 2.84 0 4.11 3.92 
1.79 1.45 0.57 3.32 3.16 2.17 2.63 1.08 2.83 2.79 2.52 3.23 4.21 2.55 4.61 4.15 1.84 2.43 1.86 4.16 3.57 1.51 1.98 4.11 0 0.55 
1.33 1.25 0.42 2.85 2.91 1.65 2.3 1.25 2.43 2.76 2.04 2.68 4 2.18 4.35 3.63 1.95 1.95 1.46 3.91 3.19 1.21 1.52 3.92 0.55 0 
