Number_Of_Customers: 20
Vehicle_Capacity:    50
Alpha:               0.75
Number_Of_Scenarios: 3

Location_Coordinates:
0 0 0
1 -0.0450001 -1.31667
2 0.726809 0.480158
3 0.0209416 1.96546
4 -1.46261 -2.01862
5 -1.86955 -1.48666
6 -1.35444 0.866409
7 1.73934 -1.95554
8 -1.76717 -0.822911
9 -0.665076 2.07179
10 0.552323 -2.11515
11 0.696869 2.27976
12 0.848005 2.41622
13 -0.606191 1.74068
14 0.576303 0.921072
15 0.453502 2.01198
16 0.301445 1.38619
17 -2.31163 -1.54353
18 -2.14322 -1.01883
19 1.47474 0.949419
20 1.88835 2.47249

Demand_per_scenario:
1 3 5 6
2 5 7 9
3 4 6 7
4 4 5 6
5 4 5 6
6 5 7 8
7 3 4 5
8 2 3 4
9 5 7 8
10 4 6 7
11 5 7 9
12 4 5 6
13 5 6 8
14 6 8 10
15 4 5 7
16 4 5 6
17 3 4 5
18 4 6 7
19 4 6 7
20 5 7 8

Probability_of_each_scenario_occuring:
0.333333 0.333333 0.333333 

Travel_Costs:
0 1.32 0.88 1.97 2.5 2.39 1.61 2.62 1.95 2.18 2.19 2.39 2.57 1.85 1.09 2.07 1.42 2.78 2.38 1.76 3.12 
1.32 0 1.96 3.29 1.59 1.84 2.55 1.9 1.8 3.45 1 3.68 3.84 3.11 2.33 3.37 2.73 2.28 2.12 2.73 4.26 
0.88 1.96 0 1.65 3.33 3.26 2.12 2.64 2.82 2.12 2.61 1.8 1.94 1.84 0.47 1.56 1.01 3.66 3.24 0.89 2.31 
1.97 3.29 1.65 0 4.26 3.94 1.77 4.29 3.32 0.7 4.12 0.75 0.95 0.67 1.19 0.44 0.65 4.22 3.69 1.78 1.94 
2.5 1.59 3.33 4.26 0 0.67 2.89 3.21 1.24 4.17 2.02 4.82 5.01 3.86 3.58 4.47 3.84 0.98 1.21 4.18 5.61 
2.39 1.84 3.26 3.94 0.67 0 2.41 3.64 0.68 3.76 2.51 4.56 4.76 3.47 3.44 4.2 3.61 0.45 0.55 4.14 5.46 
1.61 2.55 2.12 1.77 2.89 2.41 0 4.19 1.74 1.39 3.54 2.5 2.7 1.16 1.94 2.15 1.74 2.6 2.05 2.84 3.62 
2.62 1.9 2.64 4.29 3.21 3.64 4.19 0 3.69 4.7 1.2 4.37 4.47 4.38 3.11 4.18 3.64 4.08 4 2.92 4.44 
1.95 1.8 2.82 3.32 1.24 0.68 1.74 3.69 0 3.1 2.66 3.97 4.17 2.82 2.93 3.61 3.03 0.91 0.43 3.7 4.93 
2.18 3.45 2.12 0.7 4.17 3.76 1.39 4.7 3.1 0 4.37 1.38 1.56 0.34 1.7 1.13 1.19 3.98 3.43 2.42 2.59 
2.19 1 2.61 4.12 2.02 2.51 3.54 1.2 2.66 4.37 0 4.4 4.55 4.03 3.04 4.13 3.52 2.93 2.91 3.21 4.78 
2.39 3.68 1.8 0.75 4.82 4.56 2.5 4.37 3.97 1.38 4.4 0 0.21 1.42 1.37 0.37 0.98 4.87 4.36 1.55 1.21 
2.57 3.84 1.94 0.95 5.01 4.76 2.7 4.47 4.17 1.56 4.55 0.21 0 1.61 1.52 0.57 1.17 5.07 4.56 1.6 1.05 
1.85 3.11 1.84 0.67 3.86 3.47 1.16 4.38 2.82 0.34 4.03 1.42 1.61 0 1.44 1.1 0.98 3.71 3.16 2.23 2.6 
1.09 2.33 0.47 1.19 3.58 3.44 1.94 3.11 2.93 1.7 3.04 1.37 1.52 1.44 0 1.1 0.55 3.8 3.35 0.9 2.04 
2.07 3.37 1.56 0.44 4.47 4.2 2.15 4.18 3.61 1.13 4.13 0.37 0.57 1.1 1.1 0 0.65 4.51 4 1.48 1.51 
1.42 2.73 1.01 0.65 3.84 3.61 1.74 3.64 3.03 1.19 3.52 0.98 1.17 0.98 0.55 0.65 0 3.93 3.43 1.26 1.93 
2.78 2.28 3.66 4.22 0.98 0.45 2.6 4.08 0.91 3.98 2.93 4.87 5.07 3.71 3.8 4.51 3.93 0 0.56 4.54 5.82 
2.38 2.12 3.24 3.69 1.21 0.55 2.05 4 0.43 3.43 2.91 4.36 4.56 3.16 3.35 4 3.43 0.56 0 4.12 5.34 
1.76 2.73 0.89 1.78 4.18 4.14 2.84 2.92 3.7 2.42 3.21 1.55 1.6 2.23 0.9 1.48 1.26 4.54 4.12 0 1.58 
3.12 4.26 2.31 1.94 5.61 5.46 3.62 4.44 4.93 2.59 4.78 1.21 1.05 2.6 2.04 1.51 1.93 5.82 5.34 1.58 0 
