Number_Of_Customers: 20
Vehicle_Capacity:    50
Alpha:               0.75
Number_Of_Scenarios: 3

Location_Coordinates:
0 0 0
1 0.573928 1.00401
2 -0.673498 0.519026
3 -1.72591 -2.3378
4 -1.41843 0.389051
5 -1.2246 -1.85641
6 -0.743214 -1.20146
7 1.9834 -0.0112498
8 0.924721 1.78954
9 1.81143 -0.22798
10 -1.66491 -2.19531
11 -1.50436 1.21852
12 -0.346264 0.336922
13 -2.3558 1.01984
14 0.522021 -1.38878
15 -1.14198 1.77851
16 1.4953 1.46312
17 0.605864 -2.23855
18 1.75828 1.45219
19 2.00182 -0.340915
20 0.249343 0.711812

Demand_per_scenario:
1 2 3 4
2 2 3 4
3 3 4 5
4 4 5 6
5 5 7 8
6 3 5 6
7 4 5 6
8 5 6 7
9 4 6 7
10 5 7 8
11 5 6 8
12 7 9 11
13 5 7 9
14 5 7 8
15 5 7 8
16 4 5 7
17 3 4 4
18 2 3 3
19 4 5 6
20 7 9 11

Probability_of_each_scenario_occuring:
0.333333 0.333333 0.333333 

Travel_Costs:
0 1.16 0.86 2.91 1.48 2.23 1.42 1.99 2.02 1.83 2.76 1.94 0.49 2.57 1.49 2.12 2.1 2.32 2.29 2.04 0.76 
1.16 0 1.34 4.06 2.09 3.38 2.57 1.74 0.87 1.75 3.91 2.09 1.14 2.93 2.4 1.89 1.03 3.25 1.27 1.97 0.44 
0.86 1.34 0 3.05 0.76 2.44 1.73 2.71 2.05 2.6 2.89 1.09 0.38 1.76 2.26 1.35 2.37 3.04 2.61 2.82 0.95 
2.91 4.06 3.05 0 2.75 0.7 1.51 4.38 4.91 4.12 0.16 3.57 3.01 3.42 2.45 4.16 4.99 2.34 5.15 4.23 3.64 
1.48 2.09 0.76 2.75 0 2.26 1.73 3.43 2.73 3.29 2.6 0.84 1.08 1.13 2.64 1.42 3.11 3.32 3.35 3.5 1.7 
2.23 3.38 2.44 0.7 2.26 0 0.82 3.71 4.24 3.45 0.56 3.09 2.37 3.1 1.81 3.64 4.3 1.87 4.46 3.57 2.97 
1.42 2.57 1.73 1.51 1.73 0.82 0 2.98 3.43 2.74 1.36 2.54 1.59 2.75 1.28 3.01 3.49 1.71 3.65 2.88 2.16 
1.99 1.74 2.71 4.38 3.43 3.71 2.98 0 2.09 0.28 4.26 3.7 2.36 4.47 2.01 3.61 1.56 2.62 1.49 0.34 1.88 
2.02 0.87 2.05 4.91 2.73 4.24 3.43 2.09 0 2.21 4.76 2.5 1.94 3.37 3.21 2.07 0.66 4.05 0.9 2.39 1.28 
1.83 1.75 2.6 4.12 3.29 3.45 2.74 0.28 2.21 0 4 3.62 2.24 4.36 1.74 3.58 1.73 2.35 1.69 0.23 1.83 
2.76 3.91 2.89 0.16 2.6 0.56 1.36 4.26 4.76 4 0 3.42 2.86 3.29 2.34 4.01 4.84 2.28 5.01 4.11 3.49 
1.94 2.09 1.09 3.57 0.84 3.09 2.54 3.7 2.5 3.62 3.42 0 1.46 0.88 3.31 0.67 3.01 4.06 3.28 3.84 1.83 
0.49 1.14 0.38 3.01 1.08 2.37 1.59 2.36 1.94 2.24 2.86 1.46 0 2.13 1.94 1.65 2.16 2.75 2.39 2.45 0.71 
2.57 2.93 1.76 3.42 1.13 3.1 2.75 4.47 3.37 4.36 3.29 0.88 2.13 0 3.76 1.44 3.88 4.41 4.14 4.57 2.63 
1.49 2.4 2.26 2.45 2.64 1.81 1.28 2.01 3.21 1.74 2.34 3.31 1.94 3.76 0 3.58 3.02 0.86 3.1 1.82 2.12 
2.12 1.89 1.35 4.16 1.42 3.64 3.01 3.61 2.07 3.58 4.01 0.67 1.65 1.44 3.58 0 2.66 4.39 2.92 3.8 1.76 
2.1 1.03 2.37 4.99 3.11 4.3 3.49 1.56 0.66 1.73 4.84 3.01 2.16 3.88 3.02 2.66 0 3.81 0.27 1.88 1.46 
2.32 3.25 3.04 2.34 3.32 1.87 1.71 2.62 4.05 2.35 2.28 4.06 2.75 4.41 0.86 4.39 3.81 0 3.87 2.36 2.98 
2.29 1.27 2.61 5.15 3.35 4.46 3.65 1.49 0.9 1.69 5.01 3.28 2.39 4.14 3.1 2.92 0.27 3.87 0 1.81 1.69 
2.04 1.97 2.82 4.23 3.5 3.57 2.88 0.34 2.39 0.23 4.11 3.84 2.45 4.57 1.82 3.8 1.88 2.36 1.81 0 2.05 
0.76 0.44 0.95 3.64 1.7 2.97 2.16 1.88 1.28 1.83 3.49 1.83 0.71 2.63 2.12 1.76 1.46 2.98 1.69 2.05 0 
