Number_Of_Customers: 100
Vehicle_Capacity:    50
Alpha:               0.75
Number_Of_Scenarios: 10

Location_Coordinates:
0 0 0
1 -1.30317 -2.36037
2 -0.759225 -0.298689
3 -0.0591316 1.17556
4 -2.31451 0.094867
5 -0.570555 0.679647
6 -2.16521 -0.63223
7 -0.896117 -1.03016
8 1.16929 2.30058
9 0.766227 -2.02985
10 -0.754 -2.477
11 -0.996241 1.17527
12 -2.22841 2.12151
13 1.29382 0.314567
14 1.93328 -2.44175
15 1.43592 -1.42561
16 -0.268558 1.34547
17 -1.76566 -0.390302
18 0.188963 0.90482
19 2.31427 0.963382
20 1.56356 -1.30017
21 -1.97374 2.41311
22 2.10192 2.0092
23 -1.38394 0.0646253
24 1.15673 1.20853
25 1.69821 1.78043
26 -1.24723 -2.12776
27 -1.27396 -1.5088
28 1.51469 2.39293
29 -2.0262 0.630719
30 0.487496 -1.66056
31 0.927988 1.70013
32 -0.913175 2.27307
33 -1.47433 1.0191
34 -1.95716 0.950342
35 2.39376 1.84991
36 1.47141 -0.0542792
37 -2.26991 -0.423916
38 0.242694 -1.04385
39 1.02176 -2.34326
40 1.85014 0.308715
41 -1.41906 -0.202414
42 -1.97098 -1.31697
43 0.740003 2.23231
44 -1.57825 -0.725596
45 -0.0909403 1.56704
46 2.24189 -0.506958
47 -0.438315 -1.75303
48 1.8856 1.32051
49 -1.26641 0.519703
50 -0.349693 -2.2974
51 -2.41222 -2.24544
52 0.912521 1.74285
53 2.1348 -0.420643
54 0.256513 1.21497
55 -0.0429915 2.44257
56 2.26441 -2.07242
57 -1.16875 1.76322
58 -0.5384 1.10954
59 -1.94172 0.542323
60 -0.18048 1.66521
61 2.24566 -2.16095
62 0.895893 2.27639
63 -0.63862 1.71874
64 1.871 0.879774
65 1.35946 -1.53227
66 2.11209 -2.1104
67 0.474729 -1.22294
68 1.03164 -1.22352
69 1.24535 0.637738
70 -1.53965 -1.95347
71 -2.01249 1.00596
72 2.22328 1.59237
73 -1.98499 -1.77203
74 2.42976 2.01092
75 -2.41315 2.17962
76 -2.17815 1.81537
77 0.853264 0.810873
78 -1.66183 -0.393976
79 -1.56144 1.83717
80 2.31991 0.78325
81 -0.914151 0.866537
82 -1.11268 -0.751896
83 -2.10847 -2.00095
84 -0.0329318 1.51527
85 2.18247 0.700719
86 1.99193 -1.58149
87 -0.0893177 -1.16339
88 1.98788 0.229273
89 -1.61065 -0.212366
90 0.757709 -0.182326
91 0.643873 1.57249
92 -1.19851 1.66124
93 0.4413 1.92933
94 1.20867 -0.812928
95 2.11244 -1.19871
96 -1.79931 -0.964794
97 -0.297961 2.17309
98 -1.83846 1.02382
99 2.31856 -2.01684
100 -2.06008 1.21771

Demand_per_scenario:
1 4 7 4 5 6 6 7 4 6 4
2 7 5 6 7 6 8 4 6 7 6
3 5 6 5 4 4 3 4 3 4 4
4 7 5 7 5 6 7 8 7 6 8
5 5 5 5 6 6 6 6 5 6 5
6 7 9 7 9 7 7 9 9 8 6
7 5 7 5 6 5 5 5 6 4 5
8 5 5 4 5 3 4 6 5 4 5
9 5 4 3 4 5 5 2 6 2 4
10 9 5 6 5 4 8 5 6 7 6
11 3 6 5 4 3 4 4 3 5 3
12 6 7 6 6 4 8 6 5 6 4
13 6 8 7 7 6 6 9 8 8 6
14 7 7 6 7 6 7 6 6 7 8
15 6 7 6 5 4 5 4 5 6 6
16 6 4 5 6 5 5 7 5 6 5
17 2 4 5 2 5 3 4 4 4 4
18 5 2 5 5 1 5 4 3 3 4
19 5 5 4 5 5 6 5 5 2 4
20 5 4 5 3 5 3 6 7 6 6
21 7 9 7 7 8 9 10 8 7 7
22 4 3 2 3 4 2 2 2 4 2
23 5 4 5 2 5 6 5 4 1 3
24 6 7 7 7 6 7 6 10 6 6
25 4 4 6 6 7 7 6 6 6 6
26 4 3 3 2 1 2 4 4 3 4
27 5 5 4 5 5 4 4 4 6 5
28 6 6 7 5 7 7 6 2 5 4
29 5 4 4 4 6 5 6 5 4 5
30 3 2 3 2 4 3 4 4 3 3
31 4 3 3 2 3 6 5 5 5 4
32 4 7 8 6 4 5 5 6 4 6
33 4 7 6 8 7 6 7 7 8 6
34 5 5 6 6 6 6 6 4 5 5
35 4 5 3 3 5 3 3 4 4 5
36 6 7 5 5 5 5 5 6 5 5
37 4 4 6 5 6 5 6 8 6 7
38 3 5 4 5 4 5 3 5 3 5
39 4 6 6 5 4 4 5 2 2 6
40 7 9 9 8 9 7 6 6 6 7
41 9 8 8 7 7 9 6 8 7 6
42 4 6 5 4 5 6 4 4 4 4
43 7 6 6 7 7 6 5 7 7 9
44 6 7 5 7 7 7 9 7 7 7
45 5 5 3 3 5 4 2 4 4 5
46 7 6 6 8 8 7 6 9 8 9
47 6 4 4 4 4 5 5 5 2 4
48 6 6 5 5 9 5 7 5 7 6
49 4 5 4 4 5 4 5 5 6 4
50 2 2 2 3 3 2 3 2 3 2
51 6 8 7 7 8 8 7 8 7 7
52 3 5 4 3 3 7 4 4 6 4
53 1 3 3 3 3 2 3 2 3 2
54 6 5 6 6 7 9 6 6 6 6
55 7 5 6 7 7 6 7 8 7 7
56 8 10 8 9 10 9 10 10 10 9
57 9 7 8 8 7 9 7 8 6 7
58 4 5 6 6 4 5 4 4 4 3
59 5 3 2 4 3 3 2 3 4 2
60 6 6 8 6 6 6 5 6 6 5
61 11 9 10 10 8 12 10 9 9 10
62 3 1 3 1 2 1 3 1 3 2
63 5 4 4 5 3 4 5 4 4 1
64 5 5 5 6 7 6 6 6 7 5
65 6 9 7 9 7 9 8 6 8 8
66 6 5 4 4 5 5 2 3 5 3
67 6 7 6 6 5 4 4 5 4 6
68 7 8 7 8 8 7 8 9 7 7
69 8 9 8 10 9 9 8 10 9 9
70 4 3 4 6 3 6 5 4 5 5
71 6 6 4 5 4 6 4 5 6 3
72 5 6 4 3 4 5 4 4 5 4
73 6 6 7 5 5 7 5 6 6 5
74 5 3 2 4 2 4 4 2 4 5
75 4 4 5 6 5 1 4 6 3 4
76 9 7 5 4 7 6 6 8 8 6
77 4 5 6 4 6 4 5 6 5 4
78 6 4 6 6 4 6 6 6 7 6
79 6 4 6 7 3 5 5 6 5 4
80 5 3 5 6 6 3 5 4 3 4
81 5 6 4 7 5 6 3 5 5 5
82 5 4 2 3 6 4 4 7 5 3
83 6 7 8 6 6 6 6 6 6 8
84 4 5 2 5 4 4 4 4 6 4
85 5 3 5 3 5 4 2 1 4 5
86 7 6 7 6 6 5 6 4 5 5
87 4 4 4 4 3 3 3 3 4 2
88 6 5 4 4 5 5 5 4 5 3
89 2 4 3 3 3 2 3 1 4 4
90 5 4 4 2 4 3 5 2 2 2
91 5 5 5 5 5 4 4 5 5 3
92 5 6 5 6 4 6 6 6 6 4
93 7 5 7 5 4 5 5 6 5 6
94 6 5 5 4 5 6 5 5 5 6
95 7 6 6 7 7 7 7 7 6 7
96 3 4 5 4 6 6 3 5 5 4
97 5 5 4 4 2 4 5 5 5 5
98 6 4 6 7 6 5 7 6 4 5
99 5 3 4 3 5 4 4 5 3 6
100 4 6 5 5 4 3 4 6 5 4

Probability_of_each_scenario_occuring:
0.1 0.1 0.1 0.1 0.1 0.1 0.1 0.1 0.1 0.1 

Travel_Costs:
0 2.7 0.82 1.18 2.32 0.89 2.26 1.37 2.59 2.17 2.59 1.55 3.08 1.34 3.12 2.03 1.38 1.81 0.93 2.51 2.04 3.12 2.91 1.39 1.68 2.47 2.47 1.98 2.84 2.13 1.74 1.94 2.45 1.8 2.18 3.03 1.48 2.31 1.08 2.56 1.88 1.44 2.38 2.36 1.74 1.57 2.3 1.81 2.31 1.37 2.33 3.3 1.97 2.18 1.25 2.45 3.07 2.12 1.24 2.02 1.68 3.12 2.45 1.84 2.07 2.05 2.99 1.32 1.61 1.4 2.49 2.25 2.74 2.67 3.16 3.26 2.84 1.18 1.71 2.42 2.45 1.26 1.35 2.91 1.52 2.3 2.55 1.17 2.01 1.63 0.78 1.7 2.05 1.98 1.46 2.43 2.05 2.2 2.11 3.08 2.4 
2.7 0 2.14 3.75 2.66 3.13 1.94 1.4 5.28 2.1 0.57 3.55 4.58 3.73 3.24 2.9 3.85 2.03 3.59 4.92 3.06 4.83 5.54 2.43 4.34 5.12 0.24 0.86 5.53 3.08 1.93 4.64 4.65 3.39 3.38 5.61 3.61 2.17 2.04 2.33 4.14 2.17 1.24 5.03 1.66 4.12 4.01 1.06 4.88 2.89 0.96 1.12 4.67 3.95 3.91 4.97 3.58 4.13 3.56 2.98 4.18 3.56 5.14 4.14 4.54 2.79 3.43 2.12 2.6 3.94 0.48 3.45 5.3 0.91 5.75 4.68 4.27 3.84 2 4.21 4.8 3.26 1.62 0.89 4.08 4.64 3.39 1.71 4.19 2.17 3 4.39 4.03 4.64 2.96 3.61 1.49 4.65 3.43 3.64 3.66 
0.82 2.14 0 1.64 1.61 1 1.45 0.75 3.24 2.31 2.18 1.5 2.84 2.15 3.45 2.47 1.72 1.02 1.54 3.33 2.53 2.98 3.68 0.73 2.44 3.22 1.9 1.32 3.53 1.58 1.85 2.62 2.58 1.5 1.74 3.82 2.25 1.52 1.25 2.72 2.68 0.67 1.59 2.95 0.93 1.99 3.01 1.49 3.11 0.97 2.05 2.56 2.64 2.9 1.83 2.84 3.51 2.11 1.43 1.46 2.05 3.54 3.07 2.03 2.89 2.46 3.4 1.55 2.02 2.22 1.83 1.81 3.54 1.92 3.94 2.98 2.55 1.96 0.91 2.29 3.27 1.18 0.58 2.18 1.96 3.11 3.04 1.1 2.8 0.86 1.53 2.34 2.01 2.54 2.04 3.01 1.24 2.52 1.71 3.53 2 
1.18 3.75 1.64 0 2.51 0.72 2.78 2.36 1.67 3.31 3.72 0.94 2.37 1.61 4.13 3.01 0.27 2.32 0.37 2.39 2.97 2.28 2.32 1.73 1.22 1.86 3.52 2.95 1.99 2.05 2.89 1.12 1.4 1.43 1.92 2.55 1.97 2.73 2.24 3.69 2.1 1.94 3.15 1.33 2.44 0.4 2.86 2.96 1.96 1.38 3.49 4.16 1.13 2.72 0.32 1.27 4 1.26 0.49 1.99 0.51 4.06 1.46 0.8 1.96 3.06 3.94 2.46 2.64 1.42 3.47 1.97 2.33 3.53 2.63 2.56 2.22 0.99 2.25 1.65 2.42 0.91 2.2 3.79 0.35 2.3 3.44 2.34 2.26 2.09 1.59 0.81 1.24 0.91 2.36 3.22 2.76 1.03 1.79 3.99 2.01 
2.32 2.66 1.61 2.51 0 1.84 0.75 1.82 4.13 3.75 3.01 1.71 2.03 3.62 4.95 4.05 2.4 0.74 2.64 4.71 4.13 2.35 4.82 0.94 3.65 4.36 2.47 1.92 4.47 0.61 3.31 3.62 2.6 1.25 0.93 5.03 3.79 0.53 2.8 4.14 4.18 0.95 1.46 3.73 1.11 2.67 4.6 2.64 4.38 1.14 3.1 2.35 3.63 4.48 2.81 3.27 5.07 2.03 2.05 0.59 2.65 5.09 3.89 2.34 4.26 4.02 4.95 3.09 3.6 3.61 2.19 0.96 4.78 1.9 5.12 2.09 1.73 3.25 0.82 1.9 4.69 1.6 1.48 2.11 2.69 4.54 4.63 2.56 4.31 0.77 3.09 3.31 1.93 3.32 3.64 4.62 1.18 2.9 1.05 5.1 1.16 
0.89 3.13 1 0.72 1.84 0 2.07 1.75 2.38 3.03 3.17 0.66 2.2 1.9 4.01 2.91 0.74 1.61 0.8 2.9 2.92 2.24 2.99 1.02 1.81 2.53 2.89 2.3 2.7 1.46 2.57 1.82 1.63 0.97 1.42 3.19 2.17 2.03 1.91 3.42 2.45 1.23 2.44 2.04 1.73 1.01 3.06 2.44 2.54 0.72 2.99 3.46 1.83 2.93 0.99 1.85 3.96 1.24 0.44 1.38 1.06 4.01 2.17 1.05 2.45 2.94 3.88 2.18 2.49 1.82 2.81 1.48 2.94 2.84 3.29 2.38 1.97 1.43 1.54 1.53 2.9 0.4 1.54 3.1 1 2.76 3.42 1.91 2.6 1.38 1.59 1.51 1.17 1.61 2.33 3.28 2.06 1.52 1.32 3.96 1.59 
2.26 1.94 1.45 2.78 0.75 2.07 0 1.34 4.45 3.25 2.33 2.16 2.76 3.59 4.49 3.69 2.75 0.47 2.82 4.76 3.79 3.06 5.02 1.05 3.8 4.56 1.76 1.26 4.77 1.28 2.85 3.88 3.17 1.8 1.6 5.2 3.69 0.24 2.45 3.62 4.13 0.87 0.72 4.08 0.6 3.03 4.41 2.06 4.5 1.47 2.47 1.64 3.89 4.31 3.05 3.74 4.66 2.6 2.39 1.2 3.04 4.67 4.23 2.81 4.32 3.64 4.53 2.71 3.26 3.64 1.47 1.65 4.93 1.16 5.31 2.83 2.45 3.35 0.56 2.55 4.71 1.96 1.06 1.37 3.03 4.55 4.27 2.15 4.25 0.7 2.96 3.58 2.49 3.66 3.38 4.32 0.5 3.37 1.69 4.7 1.86 
1.37 1.4 0.75 2.36 1.82 1.75 1.34 0 3.92 1.94 1.46 2.21 3.43 2.57 3.17 2.37 2.46 1.08 2.22 3.78 2.48 3.61 4.27 1.2 3.04 3.83 1.16 0.61 4.19 2.01 1.53 3.29 3.31 2.13 2.25 4.38 2.57 1.51 1.14 2.33 3.06 0.98 1.12 3.65 0.75 2.72 3.19 0.86 3.65 1.6 1.39 1.95 3.32 3.1 2.53 3.58 3.33 2.81 2.17 1.89 2.79 3.34 3.77 2.77 3.37 2.32 3.2 1.39 1.94 2.72 1.13 2.33 4.08 1.32 4.51 3.56 3.13 2.54 1 2.95 3.7 1.9 0.36 1.56 2.69 3.54 2.95 0.82 3.15 1.09 1.86 3.03 2.71 3.25 2.12 3.02 0.91 3.26 2.26 3.37 2.54 
2.59 5.28 3.24 1.67 4.13 2.38 4.45 3.92 0 4.35 5.16 2.45 3.41 1.99 4.81 3.74 1.73 3.99 1.71 1.77 3.63 3.15 0.98 3.4 1.1 0.75 5.05 4.53 0.36 3.61 4.02 0.65 2.09 2.94 3.41 1.31 2.38 4.39 3.48 4.65 2.11 3.61 4.8 0.44 4.09 1.46 3.01 4.37 1.22 3.02 4.85 5.79 0.62 2.89 1.42 1.23 4.51 2.4 2.09 3.58 1.5 4.59 0.28 1.9 1.59 3.84 4.52 3.6 3.53 1.67 5.05 3.44 1.27 5.16 1.3 3.59 3.39 1.53 3.91 2.77 1.91 2.53 3.82 5.41 1.44 1.9 3.97 3.69 2.23 3.75 2.52 0.9 2.46 0.82 3.12 3.63 4.42 1.48 3.27 4.47 3.41 
2.17 2.1 2.31 3.31 3.75 3.03 3.25 1.94 4.35 0 1.59 3.66 5.12 2.41 1.24 0.91 3.54 3.02 3 3.37 1.09 5.22 4.26 3.01 3.27 3.93 2.02 2.11 4.49 3.86 0.47 3.74 4.62 3.79 4.04 4.21 2.1 3.44 1.12 0.41 2.58 2.85 2.83 4.27 2.69 3.7 2.13 1.24 3.54 3.27 1.15 3.19 3.78 2.12 3.29 4.55 1.5 4.26 3.4 3.74 3.82 1.49 4.31 4.01 3.12 0.78 1.35 0.86 0.85 2.72 2.31 4.12 3.91 2.77 4.37 5.28 4.85 2.85 2.93 4.52 3.22 3.35 2.28 2.88 3.64 3.08 1.31 1.22 2.57 3 1.85 3.61 4.19 3.98 1.3 1.59 2.78 4.34 4.02 1.56 4.31 
2.59 0.57 2.18 3.72 3.01 3.17 2.33 1.46 5.16 1.59 0 3.67 4.83 3.47 2.69 2.43 3.86 2.32 3.52 4.61 2.6 5.04 5.32 2.62 4.16 4.92 0.61 1.1 5.38 3.36 1.49 4.51 4.76 3.57 3.64 5.36 3.29 2.56 1.75 1.79 3.82 2.37 1.69 4.95 1.94 4.1 3.59 0.79 4.63 3.05 0.45 1.68 4.54 3.55 3.83 4.98 3.05 4.27 3.6 3.25 4.19 3.02 5.04 4.2 4.27 2.32 2.89 1.76 2.19 3.71 0.95 3.71 5.05 1.42 5.51 4.95 4.53 3.66 2.28 4.39 4.49 3.35 1.77 1.44 4.06 4.33 2.89 1.48 3.86 2.43 2.75 4.29 4.17 4.57 2.58 3.14 1.84 4.68 3.67 3.11 3.92 
1.55 3.55 1.5 0.94 1.71 0.66 2.16 2.21 2.45 3.66 3.67 0 1.56 2.45 4.66 3.57 0.75 1.75 1.22 3.32 3.57 1.58 3.21 1.18 2.16 2.77 3.32 2.7 2.8 1.17 3.21 2 1.11 0.51 0.99 3.46 2.76 2.05 2.55 4.06 2.98 1.45 2.68 2.04 1.99 0.99 3.65 2.99 2.89 0.71 3.54 3.71 2 3.52 1.26 1.59 4.61 0.62 0.47 1.14 0.96 4.66 2.19 0.66 2.89 3.59 4.53 2.82 3.15 2.31 3.18 1.04 3.25 3.11 3.53 1.74 1.35 1.89 1.71 0.88 3.34 0.32 1.94 3.37 1.03 3.22 4.07 2.51 3.14 1.52 2.22 1.69 0.53 1.63 2.97 3.92 2.29 1.22 0.86 4.61 1.07 
3.08 4.58 2.84 2.37 2.03 2.2 2.76 3.43 3.41 5.12 4.83 1.56 0 3.96 6.18 5.1 2.11 2.56 2.71 4.69 5.11 0.39 4.34 2.23 3.51 3.95 4.37 3.76 3.76 1.51 4.66 3.19 1.33 1.34 1.21 4.64 4.3 2.55 4.02 5.53 4.47 2.47 3.45 2.98 2.93 2.21 5.19 4.27 4.2 1.87 4.81 4.38 3.17 5.05 2.65 2.21 6.15 1.12 1.97 1.61 2.1 6.2 3.13 1.65 4.29 5.13 6.07 4.31 4.68 3.78 4.14 1.14 4.49 3.91 4.66 0.2 0.32 3.35 2.58 0.73 4.75 1.82 3.09 4.13 2.28 4.64 5.62 3.92 4.63 2.42 3.78 2.93 1.13 2.68 4.52 5.47 3.12 1.94 1.17 6.15 0.92 
1.34 3.73 2.15 1.61 3.62 1.9 3.59 2.57 1.99 2.41 3.47 2.45 3.96 0 2.83 1.75 1.88 3.14 1.26 1.21 1.64 3.89 1.88 2.69 0.91 1.53 3.53 3.15 2.1 3.34 2.14 1.44 2.96 2.86 3.32 1.89 0.41 3.64 1.72 2.68 0.56 2.77 3.65 2 3.06 1.87 1.26 2.7 1.17 2.57 3.09 4.51 1.48 1.12 1.38 2.52 2.58 2.86 2 3.25 2 2.66 2.01 2.39 0.81 1.85 2.56 1.75 1.57 0.33 3.63 3.38 1.59 3.89 2.05 4.15 3.79 0.67 3.04 3.24 1.13 2.28 2.64 4.12 1.79 0.97 2.03 2.03 0.7 2.96 0.74 1.42 2.84 1.83 1.14 1.73 3.35 2.45 3.22 2.55 3.48 
3.12 3.24 3.45 4.13 4.95 4.01 4.49 3.17 4.81 1.24 2.69 4.66 6.18 2.83 0 1.14 4.39 4.23 3.78 3.43 1.2 6.24 4.46 4.16 3.74 4.23 3.2 3.35 4.86 5.02 1.65 4.27 5.51 4.86 5.17 4.32 2.44 4.67 2.2 0.92 2.76 4.04 4.07 4.83 3.91 4.5 1.96 2.47 3.77 4.36 2.29 4.35 4.31 2.04 4.03 5.27 0.5 5.23 4.33 4.9 4.62 0.43 4.84 4.9 3.33 1.08 0.38 1.91 1.52 3.16 3.51 5.24 4.05 3.98 4.49 6.35 5.92 3.43 4.14 5.53 3.25 4.37 3.49 4.07 4.42 3.16 0.87 2.4 2.68 4.19 2.55 4.22 5.17 4.62 1.79 1.26 4.02 5.13 5.13 0.58 5.42 
2.03 2.9 2.47 3.01 4.05 2.91 3.69 2.37 3.74 0.91 2.43 3.57 5.1 1.75 1.14 0 3.26 3.37 2.65 2.55 0.18 5.14 3.5 3.19 2.65 3.22 2.78 2.72 3.82 4.03 0.98 3.17 4.39 3.81 4.15 3.42 1.38 3.84 1.26 1.01 1.79 3.11 3.41 3.73 3.1 3.36 1.23 1.91 2.79 3.33 1.99 3.94 3.22 1.23 2.9 4.15 1.06 4.12 3.22 3.91 3.49 1.1 3.75 3.77 2.35 0.14 0.97 0.99 0.46 2.08 3.03 4.22 3.12 3.44 3.58 5.28 4.86 2.32 3.27 4.44 2.38 3.29 2.64 3.6 3.29 2.26 0.58 1.55 1.75 3.28 1.42 3.11 4.06 3.5 0.66 0.72 3.27 4 4.09 1.07 4.39 
1.38 3.85 1.72 0.27 2.4 0.74 2.75 2.46 1.73 3.54 3.86 0.75 2.11 1.88 4.39 3.26 0 2.3 0.64 2.62 3.22 2.02 2.47 1.7 1.44 2.02 3.61 3.03 2.07 1.9 3.1 1.25 1.13 1.25 1.74 2.71 2.24 2.68 2.45 3.91 2.36 1.93 3.17 1.35 2.46 0.29 3.12 3.11 2.16 1.3 3.65 4.19 1.25 2.99 0.55 1.13 4.26 1 0.36 1.86 0.34 4.32 1.5 0.53 2.19 3.31 4.2 2.68 2.88 1.68 3.54 1.78 2.51 3.56 2.78 2.31 1.97 1.25 2.23 1.39 2.65 0.81 2.27 3.82 0.3 2.54 3.7 2.52 2.52 2.06 1.85 0.95 0.99 0.92 2.62 3.49 2.78 0.83 1.61 4.25 1.8 
1.81 2.03 1.02 2.32 0.74 1.61 0.47 1.08 3.99 3.02 2.32 1.75 2.56 3.14 4.23 3.37 2.3 0 2.35 4.3 3.46 2.82 4.56 0.6 3.34 4.09 1.82 1.23 4.31 1.06 2.59 3.41 2.8 1.44 1.36 4.73 3.26 0.51 2.12 3.41 3.69 0.4 0.95 3.63 0.39 2.58 4.01 1.91 4.04 1.04 2.38 1.97 3.43 3.91 2.59 3.32 4.37 2.24 1.94 0.95 2.6 4.39 3.77 2.4 3.86 3.33 4.25 2.4 2.92 3.19 1.58 1.42 4.46 1.4 4.84 2.66 2.25 2.89 0.11 2.24 4.26 1.52 0.75 1.65 2.58 4.1 3.95 1.85 3.81 0.24 2.54 3.11 2.13 3.21 3.01 3.97 0.58 2.96 1.42 4.4 1.64 
0.93 3.59 1.54 0.37 2.64 0.8 2.82 2.22 1.71 3 3.52 1.22 2.71 1.26 3.78 2.65 0.64 2.35 0 2.13 2.6 2.64 2.21 1.79 1.02 1.75 3.36 2.83 2 2.24 2.59 1.09 1.76 1.67 2.15 2.4 1.61 2.8 1.95 3.36 1.77 1.96 3.1 1.44 2.41 0.72 2.5 2.74 1.75 1.51 3.25 4.09 1.11 2.36 0.32 1.56 3.63 1.61 0.76 2.17 0.85 3.7 1.55 1.17 1.69 2.71 3.58 2.15 2.29 1.09 3.35 2.21 2.15 3.45 2.5 2.9 2.54 0.68 2.27 1.99 2.14 1.11 2.11 3.71 0.65 2.01 3.08 2.09 1.93 2.12 1.23 0.81 1.59 1.06 2 2.86 2.73 1.36 2.04 3.62 2.28 
2.51 4.92 3.33 2.39 4.71 2.9 4.76 3.78 1.77 3.37 4.61 3.32 4.69 1.21 3.43 2.55 2.62 4.3 2.13 0 2.39 4.53 1.07 3.81 1.19 1.03 4.72 4.36 1.64 4.36 3.2 1.57 3.49 3.79 4.28 0.9 1.33 4.79 2.89 3.56 0.81 3.92 4.86 2.03 4.25 2.48 1.48 3.87 0.56 3.61 4.22 5.72 1.61 1.4 2.08 2.79 3.04 3.58 2.86 4.28 2.6 3.13 1.94 3.05 0.46 2.68 3.09 2.86 2.54 1.12 4.84 4.33 0.64 5.1 1.06 4.89 4.58 1.47 4.21 3.98 0.19 3.23 3.84 5.33 2.42 0.3 2.57 3.21 0.81 4.1 1.94 1.78 3.59 2.11 2.1 2.18 4.55 2.88 4.16 2.99 4.39 
2.04 3.06 2.53 2.97 4.13 2.92 3.79 2.48 3.63 1.09 2.6 3.57 5.11 1.64 1.2 0.18 3.22 3.46 2.6 2.39 0 5.13 3.36 3.25 2.55 3.09 2.94 2.85 3.7 4.08 1.14 3.07 4.35 3.83 4.18 3.26 1.25 3.94 1.35 1.18 1.64 3.18 3.54 3.63 3.2 3.32 1.05 2.06 2.65 3.37 2.16 4.09 3.12 1.05 2.84 4.08 1.05 4.11 3.2 3.97 3.45 1.1 3.64 3.74 2.21 0.31 0.98 1.1 0.54 1.97 3.18 4.26 2.97 3.58 3.43 5.29 4.87 2.23 3.36 4.43 2.22 3.3 2.74 3.74 3.24 2.1 0.52 1.66 1.59 3.36 1.38 3.02 4.05 3.42 0.61 0.56 3.38 3.95 4.13 1.05 4.42 
3.12 4.83 2.98 2.28 2.35 2.24 3.06 3.61 3.15 5.22 5.04 1.58 0.39 3.89 6.24 5.14 2.02 2.82 2.64 4.53 5.13 0 4.1 2.43 3.36 3.73 4.6 3.99 3.49 1.79 4.76 2.99 1.07 1.49 1.47 4.41 4.24 2.86 4.11 5.63 4.37 2.68 3.74 2.72 3.17 2.07 5.13 4.45 4.02 2.03 4.99 4.68 2.97 5 2.54 1.94 6.18 1.04 1.94 1.88 1.95 6.23 2.88 1.51 4.14 5.17 6.1 4.39 4.72 3.68 4.39 1.41 4.28 4.19 4.43 0.5 0.64 3.25 2.83 0.71 4.6 1.88 3.29 4.42 2.14 4.5 5.63 4.05 4.53 2.66 3.77 2.75 1.08 2.47 4.54 5.46 3.39 1.7 1.4 6.17 1.2 
2.91 5.54 3.68 2.32 4.82 2.99 5.02 4.27 0.98 4.26 5.32 3.21 4.34 1.88 4.46 3.5 2.47 4.56 2.21 1.07 3.36 4.1 0 4 1.24 0.47 5.33 4.88 0.71 4.36 4.01 1.22 3.03 3.72 4.2 0.34 2.16 5.01 3.58 4.49 1.72 4.16 5.26 1.39 4.59 2.24 2.53 4.54 0.73 3.69 4.96 6.21 1.22 2.44 2.01 2.19 4.09 3.28 2.79 4.31 2.31 4.18 1.24 2.76 1.16 3.62 4.12 3.62 3.41 1.62 5.39 4.24 0.44 5.57 0.33 4.52 4.29 1.74 4.47 3.67 1.25 3.23 4.24 5.82 2.2 1.32 3.6 3.86 1.79 4.33 2.58 1.53 3.32 1.67 2.97 3.21 4.91 2.41 4.07 4.04 4.24 
1.39 2.43 0.73 1.73 0.94 1.02 1.05 1.2 3.4 3.01 2.62 1.18 2.23 2.69 4.16 3.19 1.7 0.6 1.79 3.81 3.25 2.43 4 0 2.79 3.53 2.2 1.58 3.72 0.86 2.55 2.84 2.26 0.96 1.06 4.18 2.86 1.02 1.97 3.41 3.25 0.27 1.51 3.04 0.82 1.99 3.68 2.05 3.51 0.48 2.58 2.53 2.85 3.56 2.01 2.73 4.23 1.72 1.35 0.74 2.01 4.26 3.18 1.82 3.36 3.18 4.12 2.27 2.74 2.7 2.03 1.14 3.92 1.94 4.29 2.36 1.93 2.36 0.54 1.79 3.78 0.93 0.87 2.19 1.99 3.63 3.76 1.79 3.38 0.36 2.16 2.53 1.61 2.61 2.74 3.72 1.12 2.38 1.07 4.25 1.34 
1.68 4.34 2.44 1.22 3.65 1.81 3.8 3.04 1.1 3.27 4.16 2.16 3.51 0.91 3.74 2.65 1.44 3.34 1.02 1.19 2.55 3.36 1.24 2.79 0 0.79 4.12 3.65 1.24 3.24 2.95 0.55 2.33 2.64 3.13 1.4 1.31 3.8 2.44 3.56 1.14 2.94 4.03 1.11 3.35 1.3 2.03 3.37 0.74 2.52 3.82 4.97 0.59 1.91 0.91 1.73 3.47 2.4 1.7 3.17 1.42 3.55 1.1 1.87 0.79 2.75 3.46 2.53 2.44 0.58 4.16 3.18 1.14 4.34 1.51 3.7 3.39 0.51 3.25 2.79 1.24 2.1 3 4.58 1.23 1.15 2.92 2.68 1.29 3.12 1.45 0.63 2.4 1.02 2.03 2.6 3.67 1.75 3.01 3.43 3.22 
2.47 5.12 3.22 1.86 4.36 2.53 4.56 3.83 0.75 3.93 4.92 2.77 3.95 1.53 4.23 3.22 2.02 4.09 1.75 1.03 3.09 3.73 0.47 3.53 0.79 0 4.9 4.44 0.64 3.9 3.65 0.78 2.66 3.27 3.75 0.7 1.85 4.54 3.18 4.18 1.48 3.7 4.81 1.06 4.13 1.81 2.36 4.13 0.5 3.23 4.57 5.76 0.79 2.25 1.55 1.87 3.9 2.87 2.34 3.85 1.89 3.98 0.95 2.34 0.92 3.33 3.92 3.25 3.08 1.23 4.95 3.8 0.56 5.12 0.77 4.14 3.88 1.29 4.01 3.27 1.18 2.77 3.79 5.37 1.76 1.19 3.38 3.45 1.58 3.87 2.18 1.08 2.9 1.27 2.64 3.01 4.45 2.04 3.62 3.85 3.81 
2.47 0.24 1.9 3.52 2.47 2.89 1.76 1.16 5.05 2.02 0.61 3.32 4.37 3.53 3.2 2.78 3.61 1.82 3.36 4.72 2.94 4.6 5.33 2.2 4.12 4.9 0 0.62 5.3 2.87 1.8 4.41 4.42 3.16 3.16 5.4 3.42 1.99 1.85 2.28 3.95 1.94 1.09 4.8 1.45 3.88 3.85 0.9 4.66 2.65 0.92 1.18 4.44 3.79 3.67 4.73 3.52 3.9 3.32 2.76 3.95 3.5 4.9 3.9 4.34 2.68 3.36 1.95 2.46 3.73 0.35 3.23 5.09 0.82 5.54 4.47 4.06 3.62 1.79 3.98 4.61 3.02 1.39 0.88 3.85 4.45 3.29 1.51 4.01 1.95 2.8 4.16 3.79 4.4 2.79 3.49 1.29 4.41 3.21 3.57 3.45 
1.98 0.86 1.32 2.95 1.92 2.3 1.26 0.61 4.53 2.11 1.1 2.7 3.76 3.15 3.35 2.72 3.03 1.23 2.83 4.36 2.85 3.99 4.88 1.58 3.65 4.44 0.62 0 4.8 2.27 1.77 3.9 3.8 2.54 2.56 4.98 3.11 1.48 1.59 2.45 3.62 1.32 0.73 4.25 0.85 3.3 3.66 0.88 4.25 2.03 1.22 1.36 3.92 3.58 3.13 4.14 3.59 3.28 2.72 2.16 3.36 3.58 4.37 3.29 3.95 2.64 3.44 1.78 2.33 3.31 0.52 2.63 4.68 0.76 5.11 3.87 3.45 3.15 1.19 3.36 4.27 2.41 0.78 0.97 3.27 4.11 3.27 1.24 3.7 1.34 2.43 3.63 3.18 3.85 2.58 3.41 0.76 3.81 2.6 3.63 2.84 
2.84 5.53 3.53 1.99 4.47 2.7 4.77 4.19 0.36 4.49 5.38 2.8 3.76 2.1 4.86 3.82 2.07 4.31 2 1.64 3.7 3.49 0.71 3.72 1.24 0.64 5.3 4.8 0 3.96 4.19 0.91 2.44 3.29 3.76 1.04 2.45 4.72 3.67 4.77 2.12 3.92 5.1 0.8 4.4 1.81 2.99 4.59 1.14 3.36 5.05 6.08 0.89 2.89 1.73 1.56 4.53 2.76 2.43 3.93 1.85 4.62 0.63 2.26 1.56 3.93 4.55 3.77 3.65 1.78 5.32 3.8 1.07 5.45 1 3.94 3.74 1.72 4.23 3.13 1.8 2.87 4.1 5.7 1.78 1.82 4.01 3.91 2.22 4.07 2.69 1.2 2.82 1.17 3.23 3.65 4.72 1.83 3.63 4.49 3.77 
2.13 3.08 1.58 2.05 0.61 1.46 1.28 2.01 3.61 3.86 3.36 1.17 1.51 3.34 5.02 4.03 1.9 1.06 2.24 4.36 4.08 1.79 4.36 0.86 3.24 3.9 2.87 2.27 3.96 0 3.41 3.15 1.99 0.68 0.33 4.59 3.57 1.09 2.82 4.26 3.89 1.04 1.95 3.2 1.43 2.15 4.42 2.87 3.98 0.77 3.38 2.91 3.15 4.3 2.36 2.69 5.08 1.43 1.57 0.13 2.12 5.11 3.36 1.77 3.91 4.02 4.97 3.12 3.58 3.28 2.63 0.38 4.36 2.41 4.67 1.6 1.2 2.89 1.09 1.3 4.35 1.14 1.66 2.64 2.19 4.21 4.59 2.65 4.04 0.94 2.91 2.84 1.33 2.79 3.55 4.53 1.62 2.32 0.44 5.09 0.59 
1.74 1.93 1.85 2.89 3.31 2.57 2.85 1.53 4.02 0.47 1.49 3.21 4.66 2.14 1.65 0.98 3.1 2.59 2.59 3.2 1.14 4.76 4.01 2.55 2.95 3.65 1.8 1.77 4.19 3.41 0 3.39 4.18 3.33 3.58 4 1.89 3.03 0.67 0.87 2.4 2.41 2.49 3.91 2.27 3.28 2.1 0.94 3.3 2.8 1.06 2.96 3.43 2.07 2.89 4.14 1.83 3.81 2.96 3.28 3.4 1.83 3.96 3.57 2.9 0.89 1.69 0.44 0.7 2.43 2.05 3.66 3.69 2.48 4.16 4.82 4.39 2.5 2.5 4.06 3.06 2.89 1.85 2.62 3.22 2.91 1.51 0.77 2.42 2.55 1.51 3.24 3.73 3.6 1.12 1.69 2.4 3.92 3.56 1.87 3.85 
1.94 4.64 2.62 1.12 3.62 1.82 3.88 3.29 0.65 3.74 4.51 2 3.19 1.44 4.27 3.17 1.25 3.41 1.09 1.57 3.07 2.99 1.22 2.84 0.55 0.78 4.41 3.9 0.91 3.15 3.39 0 1.93 2.5 2.99 1.48 1.84 3.84 2.83 4.05 1.67 3.03 4.19 0.57 3.49 1.03 2.57 3.72 1.04 2.5 4.2 5.17 0.05 2.45 0.83 1.23 4.01 2.1 1.59 3.1 1.11 4.08 0.58 1.57 1.25 3.27 4 2.96 2.93 1.11 4.41 3.03 1.3 4.54 1.54 3.38 3.11 0.9 3.34 2.5 1.67 2.03 3.2 4.79 0.98 1.61 3.45 3.04 1.82 3.18 1.9 0.32 2.13 0.54 2.53 3.14 3.82 1.32 2.85 3.97 3.03 
2.45 4.65 2.58 1.4 2.6 1.63 3.17 3.31 2.09 4.62 4.76 1.11 1.33 2.96 5.51 4.39 1.13 2.8 1.76 3.49 4.35 1.07 3.03 2.26 2.33 2.66 4.42 3.8 2.44 1.99 4.18 1.93 0 1.38 1.69 3.34 3.34 3.02 3.52 5.01 3.4 2.53 3.75 1.66 3.08 1.09 4.21 4.06 2.96 1.79 4.61 4.77 1.91 4.07 1.58 0.89 5.39 0.58 1.23 2.02 0.96 5.45 1.81 0.62 3.12 4.44 5.33 3.77 4.01 2.71 4.28 1.68 3.21 4.19 3.36 1.51 1.35 2.3 2.78 0.79 3.56 1.41 3.04 4.44 1.17 3.48 4.83 3.54 3.55 2.59 2.97 1.71 0.68 1.4 3.75 4.61 3.36 0.63 1.56 5.38 1.56 
1.8 3.39 1.5 1.43 1.25 0.97 1.8 2.13 2.94 3.79 3.57 0.51 1.34 2.86 4.86 3.81 1.25 1.44 1.67 3.79 3.83 1.49 3.72 0.96 2.64 3.27 3.16 2.54 3.29 0.68 3.33 2.5 1.38 0 0.49 3.96 3.14 1.65 2.69 4.19 3.4 1.23 2.39 2.53 1.75 1.49 4.02 2.96 3.38 0.55 3.51 3.4 2.5 3.89 1.75 2.02 4.86 0.81 0.95 0.67 1.45 4.9 2.69 1.09 3.35 3.82 4.76 2.98 3.37 2.75 2.98 0.54 3.75 2.84 4.03 1.5 1.07 2.34 1.43 0.83 3.81 0.59 1.81 3.09 1.53 3.68 4.34 2.59 3.56 1.24 2.54 2.19 0.7 2.13 3.25 4.22 2.02 1.65 0.37 4.86 0.62 
2.18 3.38 1.74 1.92 0.93 1.42 1.6 2.25 3.41 4.04 3.64 0.99 1.21 3.32 5.17 4.15 1.74 1.36 2.15 4.28 4.18 1.47 4.2 1.06 3.13 3.75 3.16 2.56 3.76 0.33 3.58 2.99 1.69 0.49 0 4.45 3.58 1.41 2.97 4.45 3.87 1.28 2.27 2.99 1.72 1.97 4.45 3.11 3.87 0.82 3.63 3.23 2.98 4.32 2.23 2.43 5.2 1.14 1.43 0.41 1.92 5.23 3.15 1.53 3.83 4.15 5.1 3.27 3.7 3.22 2.94 0.08 4.23 2.73 4.52 1.32 0.9 2.82 1.38 0.98 4.29 1.05 1.91 2.96 2.01 4.15 4.7 2.83 4.02 1.22 2.95 2.68 1.04 2.6 3.63 4.61 1.93 2.07 0.14 5.21 0.29 
3.03 5.61 3.82 2.55 5.03 3.19 5.2 4.38 1.31 4.21 5.36 3.46 4.64 1.89 4.32 3.42 2.71 4.73 2.4 0.9 3.26 4.41 0.34 4.18 1.4 0.7 5.4 4.98 1.04 4.59 4 1.48 3.34 3.96 4.45 0 2.12 5.19 3.61 4.42 1.64 4.34 5.4 1.7 4.74 2.51 2.37 4.59 0.74 3.9 4.98 6.32 1.49 2.29 2.23 2.51 3.93 3.57 3.03 4.53 2.59 4.02 1.56 3.04 1.11 3.54 3.98 3.63 3.37 1.67 5.48 4.49 0.31 5.69 0.17 4.82 4.58 1.86 4.64 3.96 1.07 3.46 4.37 5.93 2.45 1.17 3.46 3.91 1.68 4.51 2.61 1.78 3.6 1.96 2.92 3.07 5.06 2.72 4.32 3.87 4.5 
1.48 3.61 2.25 1.97 3.79 2.17 3.69 2.57 2.38 2.1 3.29 2.76 4.3 0.41 2.44 1.38 2.24 3.26 1.61 1.33 1.25 4.24 2.16 2.86 1.31 1.85 3.42 3.11 2.45 3.57 1.89 1.84 3.34 3.14 3.58 2.12 0 3.76 1.58 2.34 0.53 2.9 3.67 2.41 3.13 2.26 0.9 2.56 1.44 2.8 2.89 4.46 1.89 0.76 1.76 2.93 2.17 3.21 2.33 3.47 2.39 2.25 2.41 2.76 1.02 1.49 2.16 1.54 1.25 0.73 3.56 3.65 1.82 3.86 2.28 4.49 4.11 1.07 3.16 3.58 1.2 2.56 2.68 4.08 2.18 1.04 1.62 1.92 0.59 3.09 0.73 1.83 3.18 2.24 0.81 1.32 3.4 2.85 3.49 2.14 3.76 
2.31 2.17 1.52 2.73 0.53 2.03 0.24 1.51 4.39 3.44 2.56 2.05 2.55 3.64 4.67 3.84 2.68 0.51 2.8 4.79 3.94 2.86 5.01 1.02 3.8 4.54 1.99 1.48 4.72 1.09 3.03 3.84 3.02 1.65 1.41 5.19 3.76 0 2.59 3.82 4.19 0.88 0.95 4.02 0.76 2.96 4.52 2.27 4.51 1.38 2.69 1.83 3.86 4.41 3.02 3.63 4.83 2.45 2.32 1.03 2.96 4.84 4.17 2.7 4.35 3.8 4.7 2.86 3.4 3.68 1.7 1.46 4.93 1.38 5.3 2.61 2.25 3.36 0.61 2.37 4.75 1.88 1.21 1.59 2.97 4.6 4.42 2.31 4.31 0.7 3.04 3.54 2.35 3.6 3.51 4.46 0.72 3.27 1.52 4.86 1.66 
1.08 2.04 1.25 2.24 2.8 1.91 2.45 1.14 3.48 1.12 1.75 2.55 4.02 1.72 2.2 1.26 2.45 2.12 1.95 2.89 1.35 4.11 3.58 1.97 2.44 3.18 1.85 1.59 3.67 2.82 0.67 2.83 3.52 2.69 2.97 3.61 1.58 2.59 0 1.52 2.11 1.87 2.24 3.32 1.85 2.64 2.08 0.99 2.88 2.18 1.39 2.92 2.87 2 2.26 3.5 2.27 3.15 2.3 2.7 2.75 2.3 3.39 2.9 2.53 1.22 2.16 0.3 0.81 1.96 2.01 3.05 3.3 2.35 3.76 4.18 3.75 1.96 2.02 3.4 2.77 2.24 1.39 2.54 2.58 2.61 1.83 0.36 2.17 2.04 1.01 2.65 3.07 2.98 1 1.88 2.05 3.27 2.94 2.3 3.23 
2.56 2.33 2.72 3.69 4.14 3.42 3.62 2.33 4.65 0.41 1.79 4.06 5.53 2.68 0.92 1.01 3.91 3.41 3.36 3.56 1.18 5.63 4.49 3.41 3.56 4.18 2.28 2.45 4.77 4.26 0.87 4.05 5.01 4.19 4.45 4.42 2.34 3.82 1.52 0 2.78 3.25 3.17 4.59 3.07 4.07 2.21 1.58 3.77 3.67 1.38 3.44 4.09 2.23 3.64 4.91 1.28 4.66 3.79 4.14 4.19 1.24 4.63 4.39 3.34 0.88 1.12 1.25 1.12 2.99 2.6 4.52 4.12 3.07 4.58 5.68 5.25 3.16 3.32 4.92 3.39 3.75 2.67 3.15 4.01 3.26 1.24 1.63 2.75 3.39 2.18 3.94 4.58 4.32 1.55 1.59 3.14 4.71 4.42 1.34 4.71 
1.88 4.14 2.68 2.1 4.18 2.45 4.13 3.06 2.11 2.58 3.82 2.98 4.47 0.56 2.76 1.79 2.36 3.69 1.77 0.81 1.64 4.37 1.72 3.25 1.14 1.48 3.95 3.62 2.12 3.89 2.4 1.67 3.4 3.4 3.87 1.64 0.53 4.19 2.11 2.78 0 3.31 4.16 2.23 3.59 2.32 0.91 3.09 1.02 3.13 3.42 4.97 1.72 0.79 1.84 2.86 2.42 3.36 2.52 3.8 2.45 2.51 2.19 2.87 0.58 1.91 2.44 2.06 1.74 0.69 4.08 3.93 1.34 4.37 1.8 4.66 4.31 1.12 3.59 3.74 0.67 2.83 3.15 4.59 2.24 0.52 1.9 2.44 0.16 3.5 1.2 1.75 3.34 2.15 1.3 1.54 3.87 2.85 3.76 2.38 4.02 
1.44 2.17 0.67 1.94 0.95 1.23 0.87 0.98 3.61 2.85 2.37 1.45 2.47 2.77 4.04 3.11 1.93 0.4 1.96 3.92 3.18 2.68 4.16 0.27 2.94 3.7 1.94 1.32 3.92 1.04 2.41 3.03 2.53 1.23 1.28 4.34 2.9 0.88 1.87 3.25 3.31 0 1.25 3.26 0.55 2.22 3.68 1.84 3.64 0.74 2.36 2.28 3.04 3.57 2.2 2.99 4.14 1.99 1.59 0.91 2.25 4.16 3.4 2.08 3.47 3.09 4.02 2.16 2.66 2.8 1.76 1.35 4.07 1.67 4.44 2.59 2.16 2.49 0.31 2.05 3.87 1.19 0.63 1.93 2.21 3.72 3.68 1.65 3.44 0.2 2.18 2.73 1.88 2.83 2.7 3.67 0.86 2.63 1.3 4.16 1.56 
2.38 1.24 1.59 3.15 1.46 2.44 0.72 1.12 4.8 2.83 1.69 2.68 3.45 3.65 4.07 3.41 3.17 0.95 3.1 4.86 3.54 3.74 5.26 1.51 4.03 4.81 1.09 0.73 5.1 1.95 2.49 4.19 3.75 2.39 2.27 5.4 3.67 0.95 2.24 3.17 4.16 1.25 0 4.47 0.71 3.45 4.3 1.6 4.68 1.97 1.9 1.03 4.21 4.21 3.38 4.23 4.31 3.19 2.82 1.86 3.48 4.31 4.6 3.32 4.43 3.34 4.16 2.45 3.01 3.77 0.77 2.33 5.11 0.46 5.52 3.53 3.14 3.54 0.98 3.19 4.78 2.43 1.03 0.7 3.44 4.62 3.98 1.89 4.26 1.17 2.96 3.9 3.08 4.05 3.22 4.09 0.4 3.88 2.35 4.35 2.54 
2.36 5.03 2.95 1.33 3.73 2.04 4.08 3.65 0.44 4.27 4.95 2.04 2.98 2 4.83 3.73 1.35 3.63 1.44 2.03 3.63 2.72 1.39 3.04 1.11 1.06 4.8 4.25 0.8 3.2 3.91 0.57 1.66 2.53 2.99 1.7 2.41 4.02 3.32 4.59 2.23 3.26 4.47 0 3.76 1.07 3.13 4.16 1.47 2.64 4.66 5.48 0.52 3 1.13 0.82 4.57 1.97 1.71 3.17 1.09 4.65 0.17 1.48 1.77 3.82 4.56 3.47 3.47 1.68 4.77 3.02 1.62 4.85 1.71 3.16 2.95 1.43 3.56 2.34 2.15 2.15 3.52 5.11 1.06 2.11 4.02 3.5 2.36 3.4 2.42 0.67 2.03 0.43 3.09 3.7 4.09 1.04 2.85 4.54 2.98 
1.74 1.66 0.93 2.44 1.11 1.73 0.6 0.75 4.09 2.69 1.94 1.99 2.93 3.06 3.91 3.1 2.46 0.39 2.41 4.25 3.2 3.17 4.59 0.82 3.35 4.13 1.45 0.85 4.4 1.43 2.27 3.49 3.08 1.75 1.72 4.74 3.13 0.76 1.85 3.07 3.59 0.55 0.71 3.76 0 2.74 3.83 1.54 4.03 1.29 2 1.74 3.51 3.73 2.68 3.53 4.08 2.53 2.11 1.32 2.77 4.09 3.9 2.62 3.81 3.05 3.95 2.12 2.66 3.14 1.23 1.79 4.46 1.13 4.86 3.03 2.62 2.88 0.35 2.57 4.18 1.73 0.47 1.39 2.73 4.03 3.68 1.56 3.7 0.52 2.4 3.2 2.42 3.34 2.79 3.73 0.33 3.17 1.77 4.11 2.01 
1.57 4.12 1.99 0.4 2.67 1.01 3.03 2.72 1.46 3.7 4.1 0.99 2.21 1.87 4.5 3.36 0.29 2.58 0.72 2.48 3.32 2.07 2.24 1.99 1.3 1.81 3.88 3.3 1.81 2.15 3.28 1.03 1.09 1.49 1.97 2.51 2.26 2.96 2.64 4.07 2.32 2.22 3.45 1.07 2.74 0 3.13 3.34 2 1.58 3.88 4.47 1.02 2.99 0.5 0.88 4.34 1.1 0.64 2.12 0.14 4.4 1.22 0.57 2.08 3.43 4.29 2.85 3.01 1.63 3.81 2.01 2.32 3.84 2.56 2.41 2.11 1.21 2.52 1.5 2.54 1.09 2.54 4.1 0.08 2.44 3.78 2.74 2.48 2.35 1.95 0.74 1.12 0.65 2.72 3.54 3.06 0.65 1.84 4.32 2 
2.3 4.01 3.01 2.86 4.6 3.06 4.41 3.19 3.01 2.13 3.59 3.65 5.19 1.26 1.96 1.23 3.12 4.01 2.5 1.48 1.05 5.13 2.53 3.68 2.03 2.36 3.85 3.66 2.99 4.42 2.1 2.57 4.21 4.02 4.45 2.37 0.9 4.52 2.08 2.21 0.91 3.68 4.3 3.13 3.83 3.13 0 2.96 1.87 3.66 3.15 4.97 2.62 0.14 2.63 3.74 1.57 4.1 3.22 4.32 3.26 1.66 3.1 3.65 1.44 1.36 1.61 1.91 1.41 1.52 4.05 4.52 2.1 4.42 2.53 5.38 5 1.92 3.91 4.47 1.3 3.45 3.37 4.6 3.05 1.21 1.11 2.43 0.78 3.87 1.52 2.63 4.07 3.03 1.08 0.71 4.07 3.7 4.36 1.52 4.64 
1.81 1.06 1.49 2.96 2.64 2.44 2.06 0.86 4.37 1.24 0.79 2.99 4.27 2.7 2.47 1.91 3.11 1.91 2.74 3.87 2.06 4.45 4.54 2.05 3.37 4.13 0.9 0.88 4.59 2.87 0.94 3.72 4.06 2.96 3.11 4.59 2.56 2.27 0.99 1.58 3.09 1.84 1.6 4.16 1.54 3.34 2.96 0 3.86 2.42 0.56 2.04 3.75 2.9 3.05 4.22 2.73 3.6 2.87 2.75 3.43 2.72 4.25 3.48 3.51 1.82 2.58 1.06 1.57 2.93 1.12 3.18 4.28 1.55 4.74 4.41 3.97 2.88 1.83 3.77 3.75 2.67 1.21 1.69 3.3 3.6 2.44 0.69 3.14 1.94 1.98 3.5 3.5 3.79 1.9 2.62 1.58 3.93 3.11 2.77 3.39 
2.31 4.88 3.11 1.96 4.38 2.54 4.5 3.65 1.22 3.54 4.63 2.89 4.2 1.17 3.77 2.79 2.16 4.04 1.75 0.56 2.65 4.02 0.73 3.51 0.74 0.5 4.66 4.25 1.14 3.98 3.3 1.04 2.96 3.38 3.87 0.74 1.44 4.51 2.88 3.77 1.02 3.64 4.68 1.47 4.03 2 1.87 3.86 0 3.26 4.26 5.59 1.07 1.76 1.64 2.24 3.42 3.09 2.44 3.91 2.1 3.51 1.38 2.56 0.45 2.91 3.44 2.91 2.69 0.94 4.74 3.92 0.44 4.96 0.88 4.39 4.1 1.16 3.95 3.49 0.7 2.84 3.65 5.2 1.93 0.69 2.91 3.18 1.1 3.82 1.88 1.27 3.11 1.57 2.24 2.53 4.34 2.35 3.74 3.37 3.95 
1.37 2.89 0.97 1.38 1.14 0.72 1.47 1.6 3.02 3.27 3.05 0.71 1.87 2.57 4.36 3.33 1.3 1.04 1.51 3.61 3.37 2.03 3.69 0.48 2.52 3.23 2.65 2.03 3.36 0.77 2.8 2.5 1.79 0.55 0.82 3.9 2.8 1.38 2.18 3.67 3.13 0.74 1.97 2.64 1.29 1.58 3.66 2.42 3.26 0 2.97 3 2.5 3.53 1.68 2.28 4.39 1.25 0.94 0.68 1.58 4.42 2.79 1.36 3.16 3.34 4.29 2.47 2.89 2.52 2.49 0.9 3.66 2.41 3.99 2.02 1.59 2.14 1 1.36 3.6 0.5 1.29 2.66 1.59 3.46 3.88 2.06 3.27 0.81 2.15 2.19 1.15 2.22 2.82 3.8 1.58 1.92 0.77 4.4 1.06 
2.33 0.96 2.05 3.49 3.1 2.99 2.47 1.39 4.85 1.15 0.45 3.54 4.81 3.09 2.29 1.99 3.65 2.38 3.25 4.22 2.16 4.99 4.96 2.58 3.82 4.57 0.92 1.22 5.05 3.38 1.06 4.2 4.61 3.51 3.63 4.98 2.89 2.69 1.39 1.38 3.42 2.36 1.9 4.66 2 3.88 3.15 0.56 4.26 2.97 0 2.07 4.24 3.12 3.57 4.75 2.63 4.15 3.42 3.26 3.97 2.6 4.75 4.03 3.88 1.88 2.47 1.36 1.75 3.35 1.24 3.7 4.67 1.72 5.13 4.93 4.51 3.34 2.32 4.31 4.08 3.22 1.73 1.79 3.83 3.93 2.45 1.17 3.45 2.44 2.39 4 4.05 4.31 2.16 2.7 1.97 4.48 3.64 2.69 3.91 
3.3 1.12 2.56 4.16 2.35 3.46 1.64 1.95 5.79 3.19 1.68 3.71 4.38 4.51 4.35 3.94 4.19 1.97 4.09 5.72 4.09 4.68 6.21 2.53 4.97 5.76 1.18 1.36 6.08 2.91 2.96 5.17 4.77 3.4 3.23 6.32 4.46 1.83 2.92 3.44 4.97 2.28 1.03 5.48 1.74 4.47 4.97 2.04 5.59 3 2.07 0 5.2 4.9 4.37 5.26 4.68 4.2 3.85 2.83 4.51 4.66 5.61 4.35 5.31 3.84 4.53 3.07 3.6 4.66 0.93 3.28 6.02 0.64 6.45 4.43 4.07 4.48 2 4.18 5.62 3.46 1.98 0.39 4.46 5.46 4.46 2.57 5.05 2.19 3.79 4.9 4.1 5.06 3.9 4.65 1.42 4.9 3.32 4.74 3.49 
1.97 4.67 2.64 1.13 3.63 1.83 3.89 3.32 0.62 3.78 4.54 2 3.17 1.48 4.31 3.22 1.25 3.43 1.11 1.61 3.12 2.97 1.22 2.85 0.59 0.79 4.44 3.92 0.89 3.15 3.43 0.05 1.91 2.5 2.98 1.49 1.89 3.86 2.87 4.09 1.72 3.04 4.21 0.52 3.51 1.02 2.62 3.75 1.07 2.5 4.24 5.2 0 2.49 0.85 1.19 4.05 2.09 1.59 3.1 1.1 4.13 0.54 1.56 1.29 3.31 4.04 3 2.97 1.16 4.44 3.02 1.32 4.56 1.55 3.36 3.1 0.94 3.35 2.48 1.71 2.03 3.22 4.82 0.98 1.65 3.5 3.08 1.86 3.2 1.94 0.32 2.12 0.51 2.58 3.18 3.84 1.29 2.85 4.02 3.02 
2.18 3.95 2.9 2.72 4.48 2.93 4.31 3.1 2.89 2.12 3.55 3.52 5.05 1.12 2.04 1.23 2.99 3.91 2.36 1.4 1.05 5 2.44 3.56 1.91 2.25 3.79 3.58 2.89 4.3 2.07 2.45 4.07 3.89 4.32 2.29 0.76 4.41 2 2.23 0.79 3.57 4.21 3 3.73 2.99 0.14 2.9 1.76 3.53 3.12 4.9 2.49 0 2.5 3.6 1.66 3.97 3.09 4.19 3.12 1.75 2.97 3.51 1.33 1.36 1.69 1.85 1.37 1.39 3.99 4.39 2.02 4.34 2.45 5.24 4.86 1.78 3.8 4.34 1.22 3.31 3.27 4.53 2.91 1.13 1.17 2.35 0.67 3.76 1.4 2.49 3.94 2.9 1.01 0.78 3.98 3.56 4.23 1.61 4.51 
1.25 3.91 1.83 0.32 2.81 0.99 3.05 2.53 1.42 3.29 3.83 1.26 2.65 1.38 4.03 2.9 0.55 2.59 0.32 2.08 2.84 2.54 2.01 2.01 0.91 1.55 3.67 3.13 1.73 2.36 2.89 0.83 1.58 1.75 2.23 2.23 1.76 3.02 2.26 3.64 1.84 2.2 3.38 1.13 2.68 0.5 2.63 3.05 1.64 1.68 3.57 4.37 0.85 2.5 0 1.27 3.86 1.53 0.81 2.3 0.63 3.92 1.24 1.03 1.65 2.97 3.81 2.45 2.56 1.15 3.65 2.28 2.01 3.74 2.32 2.84 2.51 0.73 2.51 1.93 2.11 1.23 2.4 4 0.42 2 3.3 2.41 2 2.36 1.49 0.53 1.53 0.74 2.25 3.05 3 1.11 2.11 3.84 2.32 
2.45 4.97 2.84 1.27 3.27 1.85 3.74 3.58 1.23 4.55 4.98 1.59 2.21 2.52 5.27 4.15 1.13 3.32 1.56 2.79 4.08 1.94 2.19 2.73 1.73 1.87 4.73 4.14 1.56 2.69 4.14 1.23 0.89 2.02 2.43 2.51 2.93 3.63 3.5 4.91 2.86 2.99 4.23 0.82 3.53 0.88 3.74 4.22 2.24 2.28 4.75 5.26 1.19 3.6 1.27 0 5.08 1.32 1.43 2.69 0.79 5.15 0.96 0.94 2.48 4.22 5.04 3.71 3.83 2.22 4.65 2.44 2.43 4.65 2.52 2.39 2.23 1.87 3.27 1.64 2.89 1.81 3.37 4.91 0.93 2.83 4.51 3.61 3.01 3.09 2.75 1.11 1.4 0.71 3.49 4.24 3.84 0.38 2.29 5.05 2.36 
3.07 3.58 3.51 4 5.07 3.96 4.66 3.33 4.51 1.5 3.05 4.61 6.15 2.58 0.5 1.06 4.26 4.37 3.63 3.04 1.05 6.18 4.09 4.23 3.47 3.9 3.52 3.59 4.53 5.08 1.83 4.01 5.39 4.86 5.2 3.93 2.17 4.83 2.27 1.28 2.42 4.14 4.31 4.57 4.08 4.34 1.57 2.73 3.42 4.39 2.63 4.68 4.05 1.66 3.86 5.08 0 5.15 4.25 4.96 4.47 0.1 4.56 4.78 2.98 1.06 0.16 1.99 1.5 2.9 3.81 5.27 3.67 4.27 4.09 6.33 5.91 3.22 4.27 5.48 2.86 4.33 3.63 4.38 4.27 2.78 0.57 2.53 2.32 4.3 2.42 3.99 5.1 4.4 1.65 0.89 4.22 4.96 5.15 0.08 5.44 
2.12 4.13 2.11 1.26 2.03 1.24 2.6 2.81 2.4 4.26 4.27 0.62 1.12 2.86 5.23 4.12 1 2.24 1.61 3.58 4.11 1.04 3.28 1.72 2.4 2.87 3.9 3.28 2.76 1.43 3.81 2.1 0.58 0.81 1.14 3.57 3.21 2.45 3.15 4.66 3.36 1.99 3.19 1.97 2.53 1.1 4.1 3.6 3.09 1.25 4.15 4.2 2.09 3.97 1.53 1.32 5.15 0 0.91 1.45 1 5.21 2.13 0.54 3.17 4.16 5.08 3.41 3.71 2.67 3.74 1.14 3.4 3.63 3.61 1.32 1.02 2.24 2.22 0.4 3.63 0.94 2.52 3.88 1.17 3.52 4.61 3.12 3.51 2.03 2.74 1.83 0.11 1.62 3.51 4.43 2.8 0.97 1 5.15 1.05 
1.24 3.56 1.43 0.49 2.05 0.44 2.39 2.17 2.09 3.4 3.6 0.47 1.97 2 4.33 3.22 0.36 1.94 0.76 2.86 3.2 1.94 2.79 1.35 1.7 2.34 3.32 2.72 2.43 1.57 2.96 1.59 1.23 0.95 1.43 3.03 2.33 2.32 2.3 3.79 2.52 1.59 2.82 1.71 2.11 0.64 3.22 2.87 2.44 0.94 3.42 3.85 1.59 3.09 0.81 1.43 4.25 0.91 0 1.52 0.67 4.3 1.85 0.62 2.43 3.26 4.18 2.55 2.82 1.85 3.23 1.48 2.81 3.23 3.11 2.16 1.79 1.43 1.88 1.26 2.88 0.45 1.95 3.49 0.65 2.76 3.7 2.32 2.68 1.71 1.83 1.27 0.87 1.28 2.6 3.52 2.43 1.1 1.31 4.24 1.53 
2.02 2.98 1.46 1.99 0.59 1.38 1.2 1.89 3.58 3.74 3.25 1.14 1.61 3.25 4.9 3.91 1.86 0.95 2.17 4.28 3.97 1.88 4.31 0.74 3.17 3.85 2.76 2.16 3.93 0.13 3.28 3.1 2.02 0.67 0.41 4.53 3.47 1.03 2.7 4.14 3.8 0.91 1.86 3.17 1.32 2.12 4.32 2.75 3.91 0.68 3.26 2.83 3.1 4.19 2.3 2.69 4.96 1.45 1.52 0 2.09 4.99 3.33 1.76 3.83 3.9 4.85 3 3.46 3.19 2.53 0.47 4.3 2.32 4.62 1.71 1.3 2.81 0.98 1.35 4.27 1.08 1.54 2.55 2.15 4.13 4.48 2.52 3.95 0.83 2.8 2.79 1.35 2.76 3.43 4.42 1.52 2.32 0.5 4.97 0.69 
1.68 4.18 2.05 0.51 2.65 1.06 3.04 2.79 1.5 3.82 4.19 0.96 2.1 2 4.62 3.49 0.34 2.6 0.85 2.6 3.45 1.95 2.31 2.01 1.42 1.89 3.95 3.36 1.85 2.12 3.4 1.11 0.96 1.45 1.92 2.59 2.39 2.96 2.75 4.19 2.45 2.25 3.48 1.09 2.77 0.14 3.26 3.43 2.1 1.58 3.97 4.51 1.1 3.12 0.63 0.79 4.47 1 0.67 2.09 0 4.54 1.24 0.47 2.2 3.55 4.42 2.97 3.14 1.76 3.87 1.95 2.41 3.89 2.64 2.3 2.01 1.35 2.54 1.4 2.66 1.09 2.6 4.15 0.22 2.56 3.91 2.84 2.61 2.37 2.08 0.83 1.02 0.68 2.85 3.67 3.09 0.53 1.78 4.46 1.94 
3.12 3.56 3.54 4.06 5.09 4.01 4.67 3.34 4.59 1.49 3.02 4.66 6.2 2.66 0.43 1.1 4.32 4.39 3.7 3.13 1.1 6.23 4.18 4.26 3.55 3.98 3.5 3.58 4.62 5.11 1.83 4.08 5.45 4.9 5.23 4.02 2.25 4.84 2.3 1.24 2.51 4.16 4.31 4.65 4.09 4.4 1.66 2.72 3.51 4.42 2.6 4.66 4.13 1.75 3.92 5.15 0.1 5.21 4.3 4.99 4.54 0 4.64 4.84 3.07 1.09 0.15 2.01 1.54 2.98 3.8 5.31 3.76 4.25 4.18 6.37 5.95 3.29 4.29 5.53 2.95 4.38 3.65 4.36 4.33 2.87 0.64 2.54 2.41 4.33 2.48 4.07 5.15 4.48 1.71 0.98 4.22 5.03 5.18 0.17 5.48 
2.45 5.14 3.07 1.46 3.89 2.17 4.23 3.77 0.28 4.31 5.04 2.19 3.13 2.01 4.84 3.75 1.5 3.77 1.55 1.94 3.64 2.88 1.24 3.18 1.1 0.95 4.9 4.37 0.63 3.36 3.96 0.58 1.81 2.69 3.15 1.56 2.41 4.17 3.39 4.63 2.19 3.4 4.6 0.17 3.9 1.22 3.1 4.25 1.38 2.79 4.75 5.61 0.54 2.97 1.24 0.96 4.56 2.13 1.85 3.33 1.24 4.64 0 1.64 1.71 3.84 4.56 3.53 3.51 1.68 4.89 3.18 1.5 4.97 1.56 3.32 3.11 1.47 3.7 2.5 2.07 2.3 3.64 5.23 1.21 2.04 4.02 3.58 2.33 3.54 2.47 0.75 2.19 0.58 3.11 3.69 4.22 1.2 3.01 4.53 3.14 
1.84 4.14 2.03 0.8 2.34 1.05 2.81 2.77 1.9 4.01 4.2 0.66 1.65 2.39 4.9 3.77 0.53 2.4 1.17 3.05 3.74 1.51 2.76 1.82 1.87 2.34 3.9 3.29 2.26 1.77 3.57 1.57 0.62 1.09 1.53 3.04 2.76 2.7 2.9 4.39 2.87 2.08 3.32 1.48 2.62 0.57 3.65 3.48 2.56 1.36 4.03 4.35 1.56 3.51 1.03 0.94 4.78 0.54 0.62 1.76 0.47 4.84 1.64 0 2.65 3.82 4.72 3.15 3.39 2.18 3.79 1.55 2.87 3.75 3.09 1.84 1.55 1.75 2.35 0.94 3.11 0.9 2.52 4 0.64 3 4.23 2.94 3.02 2.17 2.36 1.3 0.57 1.11 3.14 4.01 2.93 0.57 1.39 4.77 1.51 
2.07 4.54 2.89 1.96 4.26 2.45 4.32 3.37 1.59 3.12 4.27 2.89 4.29 0.81 3.33 2.35 2.19 3.86 1.69 0.46 2.21 4.14 1.16 3.36 0.79 0.92 4.34 3.95 1.56 3.91 2.9 1.25 3.12 3.35 3.83 1.11 1.02 4.35 2.53 3.34 0.58 3.47 4.43 1.77 3.81 2.08 1.44 3.51 0.45 3.16 3.88 5.31 1.29 1.33 1.65 2.48 2.98 3.17 2.43 3.83 2.2 3.07 1.71 2.65 0 2.47 3 2.53 2.27 0.68 4.44 3.89 0.8 4.68 1.27 4.48 4.16 1.03 3.76 3.57 0.46 2.79 3.41 4.92 2.01 0.36 2.47 2.84 0.67 3.65 1.54 1.41 3.17 1.78 1.82 2.1 4.11 2.53 3.72 2.94 3.95 
2.05 2.79 2.46 3.06 4.02 2.94 3.64 2.32 3.84 0.78 2.32 3.59 5.13 1.85 1.08 0.14 3.31 3.33 2.71 2.68 0.31 5.17 3.62 3.18 2.75 3.33 2.68 2.64 3.93 4.02 0.89 3.27 4.44 3.82 4.15 3.54 1.49 3.8 1.22 0.88 1.91 3.09 3.34 3.82 3.05 3.43 1.36 1.82 2.91 3.34 1.88 3.84 3.31 1.36 2.97 4.22 1.06 4.16 3.26 3.9 3.55 1.09 3.84 3.82 2.47 0 0.95 0.94 0.46 2.18 2.93 4.23 3.25 3.36 3.71 5.3 4.88 2.4 3.23 4.46 2.51 3.31 2.6 3.5 3.36 2.38 0.64 1.5 1.88 3.26 1.48 3.19 4.1 3.59 0.74 0.83 3.21 4.06 4.1 1.08 4.39 
2.99 3.43 3.4 3.94 4.95 3.88 4.53 3.2 4.52 1.35 2.89 4.53 6.07 2.56 0.38 0.97 4.2 4.25 3.58 3.09 0.98 6.1 4.12 4.12 3.46 3.92 3.36 3.44 4.55 4.97 1.69 4 5.33 4.76 5.1 3.98 2.16 4.7 2.16 1.12 2.44 4.02 4.16 4.56 3.95 4.29 1.61 2.58 3.44 4.29 2.47 4.53 4.04 1.69 3.81 5.04 0.16 5.08 4.18 4.85 4.42 0.15 4.56 4.72 3 0.95 0 1.87 1.4 2.89 3.66 5.17 3.71 4.12 4.14 6.24 5.82 3.19 4.15 5.4 2.91 4.25 3.5 4.23 4.22 2.82 0.55 2.4 2.35 4.18 2.36 3.97 5.02 4.38 1.59 0.92 4.08 4.92 5.05 0.23 5.34 
1.32 2.12 1.55 2.46 3.09 2.18 2.71 1.39 3.6 0.86 1.76 2.82 4.31 1.75 1.91 0.99 2.68 2.4 2.15 2.86 1.1 4.39 3.62 2.27 2.53 3.25 1.95 1.78 3.77 3.12 0.44 2.96 3.77 2.98 3.27 3.63 1.54 2.86 0.3 1.25 2.06 2.16 2.45 3.47 2.12 2.85 1.91 1.06 2.91 2.47 1.36 3.07 3 1.85 2.45 3.71 1.99 3.41 2.55 3 2.97 2.01 3.53 3.15 2.53 0.94 1.87 0 0.56 2.02 2.15 3.34 3.32 2.53 3.78 4.47 4.04 2.07 2.3 3.68 2.73 2.51 1.66 2.7 2.79 2.58 1.56 0.57 2.1 2.32 1.08 2.81 3.34 3.16 0.85 1.64 2.29 3.49 3.23 2.01 3.52 
1.61 2.6 2.02 2.64 3.6 2.49 3.26 1.94 3.53 0.85 2.19 3.15 4.68 1.57 1.52 0.46 2.88 2.92 2.29 2.54 0.54 4.72 3.41 2.74 2.44 3.08 2.46 2.33 3.65 3.58 0.7 2.93 4.01 3.37 3.7 3.37 1.25 3.4 0.81 1.12 1.74 2.66 3.01 3.47 2.66 3.01 1.41 1.57 2.69 2.89 1.75 3.6 2.97 1.37 2.56 3.83 1.5 3.71 2.82 3.46 3.14 1.54 3.51 3.39 2.27 0.46 1.4 0.56 0 1.88 2.68 3.78 3.06 3.07 3.53 4.85 4.43 2.05 2.82 4.02 2.39 2.86 2.2 3.24 2.94 2.25 1.03 1.13 1.74 2.83 1.08 2.83 3.65 3.21 0.45 1.09 2.85 3.65 3.65 1.52 3.94 
1.4 3.94 2.22 1.42 3.61 1.82 3.64 2.72 1.67 2.72 3.71 2.31 3.78 0.33 3.16 2.08 1.68 3.19 1.09 1.12 1.97 3.68 1.62 2.7 0.58 1.23 3.73 3.31 1.78 3.28 2.43 1.11 2.71 2.75 3.22 1.67 0.73 3.68 1.96 2.99 0.69 2.8 3.77 1.68 3.14 1.63 1.52 2.93 0.94 2.52 3.35 4.66 1.16 1.39 1.15 2.22 2.9 2.67 1.85 3.19 1.76 2.98 1.68 2.18 0.68 2.18 2.89 2.02 1.88 0 3.81 3.28 1.37 4.04 1.82 3.98 3.63 0.43 3.09 3.06 1.09 2.18 2.74 4.27 1.56 0.94 2.35 2.25 0.85 2.98 0.96 1.12 2.65 1.53 1.46 2.04 3.45 2.18 3.11 2.87 3.36 
2.49 0.48 1.83 3.47 2.19 2.81 1.47 1.13 5.05 2.31 0.95 3.18 4.14 3.63 3.51 3.03 3.54 1.58 3.35 4.84 3.18 4.39 5.39 2.03 4.16 4.95 0.35 0.52 5.32 2.63 2.05 4.41 4.28 2.98 2.94 5.48 3.56 1.7 2.01 2.6 4.08 1.76 0.77 4.77 1.23 3.81 4.05 1.12 4.74 2.49 1.24 0.93 4.44 3.99 3.65 4.65 3.81 3.74 3.23 2.53 3.87 3.8 4.89 3.79 4.44 2.93 3.66 2.15 2.68 3.81 0 3 5.18 0.49 5.62 4.23 3.83 3.66 1.57 3.8 4.74 2.89 1.28 0.58 3.79 4.58 3.56 1.66 4.15 1.75 2.91 4.15 3.64 4.36 2.98 3.73 1.03 4.31 3 3.86 3.22 
2.25 3.45 1.81 1.97 0.96 1.48 1.65 2.33 3.44 4.12 3.71 1.04 1.14 3.38 5.24 4.22 1.78 1.42 2.21 4.33 4.26 1.41 4.24 1.14 3.18 3.8 3.23 2.63 3.8 0.38 3.66 3.03 1.68 0.54 0.08 4.49 3.65 1.46 3.05 4.52 3.93 1.35 2.33 3.02 1.79 2.01 4.52 3.18 3.92 0.9 3.7 3.28 3.02 4.39 2.28 2.44 5.27 1.14 1.48 0.47 1.95 5.31 3.18 1.55 3.89 4.23 5.17 3.34 3.78 3.28 3 0 4.28 2.78 4.56 1.25 0.83 2.88 1.45 0.95 4.34 1.11 1.98 3.01 2.05 4.21 4.77 2.9 4.08 1.29 3.02 2.72 1.05 2.63 3.7 4.68 1.99 2.08 0.18 5.29 0.22 
