Number_Of_Customers: 25
Vehicle_Capacity:    50
Alpha:               0.75
Number_Of_Scenarios: 3

Location_Coordinates:
0 0 0
1 1.49209 -2.49269
2 0.282938 0.331683
3 -0.409462 -1.82309
4 -0.619436 -0.864782
5 0.610458 -0.0361482
6 2.45795 0.814427
7 -1.93008 1.13198
8 0.152162 2.38878
9 -1.85592 2.47361
10 -0.993071 -0.544882
11 2.17576 -2.08039
12 -0.150325 -1.51645
13 -1.95039 -0.161389
14 -2.47079 -1.50822
15 1.27339 1.86097
16 2.25004 1.48021
17 -2.04418 -1.45113
18 0.859946 -1.88441
19 -1.22474 0.845021
20 2.2661 1.29343
21 -1.2671 -1.08504
22 -1.29351 0.0209816
23 -2.36159 -1.18589
24 -1.29499 0.162046
25 -1.49575 0.851193

Demand_per_scenario:
1 4 6 7
2 4 5 6
3 5 7 8
4 4 5 6
5 3 4 4
6 2 3 3
7 2 3 3
8 3 4 4
9 5 7 8
10 5 7 8
11 5 7 8
12 4 5 6
13 3 4 4
14 3 5 5
15 3 5 5
16 4 5 6
17 4 6 7
18 5 6 7
19 3 3 4
20 4 6 7
21 6 8 9
22 4 6 7
23 5 7 8
24 5 7 9
25 4 6 7

Probability_of_each_scenario_occuring:
0.333333 0.333333 0.333333 

Travel_Costs:
0 2.91 0.44 1.87 1.07 0.62 2.59 2.24 2.4 3.1 1.14 3.02 1.53 1.96 2.9 2.26 2.7 2.51 2.08 1.49 2.61 1.67 1.3 2.65 1.31 1.73 
2.91 0 3.08 2.02 2.67 2.61 3.45 4.99 5.07 5.99 3.16 0.8 1.92 4.16 4.09 4.36 4.05 3.69 0.88 4.31 3.87 3.1 3.76 4.07 3.85 4.49 
0.44 3.08 0 2.27 1.5 0.5 2.23 2.36 2.07 3.03 1.55 3.07 1.9 2.29 3.32 1.83 2.28 2.94 2.29 1.6 2.21 2.1 1.61 3.05 1.59 1.86 
1.87 2.02 2.27 0 0.99 2.06 3.9 3.33 4.25 4.54 1.41 2.6 0.41 2.27 2.09 4.06 4.25 1.68 1.28 2.79 4.11 1.14 2.05 2.06 2.18 2.89 
1.07 2.67 1.5 0.99 0 1.49 3.51 2.39 3.35 3.57 0.5 3.05 0.81 1.51 1.96 3.32 3.71 1.55 1.8 1.82 3.61 0.69 1.12 1.78 1.23 1.93 
0.62 2.61 0.5 2.06 1.49 0 2.04 2.8 2.47 3.52 1.69 2.58 1.67 2.57 3.42 2.01 2.24 3.01 1.87 2.04 2.13 2.16 1.91 3.19 1.92 2.29 
2.59 3.45 2.23 3.9 3.51 2.04 0 4.4 2.8 4.63 3.71 2.91 3.5 4.52 5.45 1.59 0.7 5.05 3.14 3.69 0.52 4.19 3.84 5.22 3.81 3.96 
2.24 4.99 2.36 3.33 2.39 2.8 4.4 0 2.44 1.35 1.93 5.22 3.2 1.3 2.7 3.29 4.2 2.59 4.11 0.77 4.2 2.32 1.29 2.36 1.16 0.52 
2.4 5.07 2.07 4.25 3.35 2.47 2.8 2.44 0 2.01 3.15 4.91 3.92 3.31 4.7 1.24 2.29 4.43 4.34 2.07 2.39 3.76 2.78 4.38 2.66 2.26 
3.1 5.99 3.03 4.54 3.57 3.52 4.63 1.35 2.01 0 3.14 6.09 4.34 2.64 4.03 3.19 4.23 3.93 5.14 1.75 4.29 3.61 2.52 3.7 2.38 1.67 
1.14 3.16 1.55 1.41 0.5 1.69 3.71 1.93 3.15 3.14 0 3.53 1.29 1.04 1.77 3.31 3.83 1.39 2.29 1.41 3.75 0.61 0.65 1.52 0.77 1.49 
3.02 0.8 3.07 2.6 3.05 2.58 2.91 5.22 4.91 6.09 3.53 0 2.4 4.56 4.69 4.05 3.57 4.27 1.34 4.49 3.38 3.59 4.06 4.63 4.14 4.7 
1.53 1.92 1.9 0.41 0.81 1.67 3.5 3.2 3.92 4.34 1.29 2.4 0 2.26 2.33 3.67 3.84 1.9 1.08 2.6 3.71 1.2 1.92 2.24 2.04 2.73 
1.96 4.16 2.29 2.27 1.51 2.57 4.52 1.3 3.31 2.64 1.04 4.56 2.26 0 1.45 3.81 4.51 1.3 3.3 1.25 4.47 1.15 0.69 1.11 0.74 1.11 
2.9 4.09 3.32 2.09 1.96 3.42 5.45 2.7 4.7 4.03 1.77 4.69 2.33 1.45 0 5.04 5.59 0.44 3.36 2.67 5.51 1.28 1.93 0.35 2.05 2.56 
2.26 4.36 1.83 4.06 3.32 2.01 1.59 3.29 1.24 3.19 3.31 4.05 3.67 3.81 5.04 0 1.05 4.69 3.77 2.7 1.15 3.9 3.16 4.75 3.08 2.95 
2.7 4.05 2.28 4.25 3.71 2.24 0.7 4.2 2.29 4.23 3.83 3.57 3.84 4.51 5.59 1.05 0 5.2 3.65 3.54 0.19 4.36 3.84 5.33 3.79 3.8 
2.51 3.69 2.94 1.68 1.55 3.01 5.05 2.59 4.43 3.93 1.39 4.27 1.9 1.3 0.44 4.69 5.2 0 2.94 2.44 5.11 0.86 1.66 0.42 1.78 2.37 
2.08 0.88 2.29 1.28 1.8 1.87 3.14 4.11 4.34 5.14 2.29 1.34 1.08 3.3 3.36 3.77 3.65 2.94 0 3.44 3.48 2.28 2.88 3.3 2.98 3.62 
1.49 4.31 1.6 2.79 1.82 2.04 3.69 0.77 2.07 1.75 1.41 4.49 2.6 1.25 2.67 2.7 3.54 2.44 3.44 0 3.52 1.94 0.83 2.33 0.69 0.28 
2.61 3.87 2.21 4.11 3.61 2.13 0.52 4.2 2.39 4.29 3.75 3.38 3.71 4.47 5.51 1.15 0.19 5.11 3.48 3.52 0 4.26 3.79 5.26 3.74 3.79 
1.67 3.1 2.1 1.14 0.69 2.16 4.19 2.32 3.76 3.61 0.61 3.59 1.2 1.15 1.28 3.9 4.36 0.86 2.28 1.94 4.26 0 1.11 1.1 1.25 1.95 
1.3 3.76 1.61 2.05 1.12 1.91 3.84 1.29 2.78 2.52 0.65 4.06 1.92 0.69 1.93 3.16 3.84 1.66 2.88 0.83 3.79 1.11 0 1.62 0.15 0.86 
2.65 4.07 3.05 2.06 1.78 3.19 5.22 2.36 4.38 3.7 1.52 4.63 2.24 1.11 0.35 4.75 5.33 0.42 3.3 2.33 5.26 1.1 1.62 0 1.72 2.22 
1.31 3.85 1.59 2.18 1.23 1.92 3.81 1.16 2.66 2.38 0.77 4.14 2.04 0.74 2.05 3.08 3.79 1.78 2.98 0.69 3.74 1.25 0.15 1.72 0 0.72 
1.73 4.49 1.86 2.89 1.93 2.29 3.96 0.52 2.26 1.67 1.49 4.7 2.73 1.11 2.56 2.95 3.8 2.37 3.62 0.28 3.79 1.95 0.86 2.22 0.72 0 
