Number_Of_Customers: 30
Vehicle_Capacity:    50
Alpha:               0.75
Number_Of_Scenarios: 50

Location_Coordinates:
0 0 0
1 -2.07544 -1.96729
2 0.757098 -0.447118
3 0.284767 1.07808
4 -0.658785 -2.2005
5 1.23608 -0.142738
6 1.00629 -2.20345
7 1.62438 0.899022
8 -0.133339 -1.02897
9 1.1319 -1.23627
10 1.92747 -0.0181087
11 0.646959 -1.56482
12 0.000667913 1.22562
13 -1.07549 -0.729203
14 -0.709653 -2.13644
15 -2.22288 0.121986
16 0.226508 1.91202
17 0.398167 1.99356
18 0.783489 -1.8977
19 0.401723 1.76065
20 1.20256 1.37394
21 1.75867 -1.97111
22 1.49365 -1.29854
23 0.421452 -1.65941
24 0.303574 2.17148
25 1.07088 -1.76833
26 -0.280008 -1.10249
27 0.458306 -2.2474
28 -2.08024 2.35853
29 -0.105392 -1.33028
30 2.01815 -0.941325

Demand_per_scenario:
1 5 4 5 5 5 6 5 5 4 8 5 5 5 4 5 5 6 6 4 6 6 5 5 7 3 5 5 5 6 6 6 6 4 4 3 5 5 4 6 6 3 7 6 5 6 6 6 5 5 5
2 4 5 6 4 5 5 5 6 5 5 6 4 6 5 7 4 5 5 5 5 5 5 7 5 6 6 8 8 6 7 5 5 5 7 6 5 6 5 5 8 5 6 6 5 6 5 6 6 4 4
3 3 5 6 4 3 6 5 4 4 6 4 3 4 5 3 4 4 4 3 3 4 5 5 5 5 4 6 4 4 4 4 4 6 5 5 5 5 5 3 4 4 4 4 5 3 5 6 4 4 4
4 1 3 4 2 1 2 2 4 2 2 2 3 1 1 3 2 1 2 2 2 2 4 1 3 1 1 2 4 1 1 1 3 1 2 2 2 1 1 2 2 3 2 3 3 4 1 3 3 4 3
5 1 2 2 2 3 2 3 3 1 3 4 2 6 3 2 3 3 2 3 2 3 4 3 3 3 2 2 2 2 1 3 1 2 2 1 2 2 3 3 2 2 3 2 2 3 2 3 2 1 3
6 5 6 4 3 5 5 6 7 5 4 5 5 5 5 5 5 4 4 5 6 5 6 4 6 3 4 5 6 5 7 4 3 5 6 5 5 5 4 3 5 5 5 5 5 5 5 4 8 6 6
7 7 8 8 9 7 7 8 9 7 8 10 8 7 9 9 7 7 8 10 6 9 7 8 7 7 8 9 7 9 6 8 8 7 8 6 8 6 7 8 5 10 6 7 8 6 6 7 8 7 8
8 7 3 3 5 5 5 4 5 5 6 5 3 4 2 4 4 5 4 3 5 5 5 5 4 3 5 5 5 5 7 4 5 5 4 7 4 4 5 3 6 6 6 5 4 6 3 6 5 4 5
9 4 4 4 4 4 6 4 6 5 3 5 5 3 4 5 4 3 4 5 4 5 4 6 6 6 4 4 5 6 4 4 4 4 6 5 5 3 4 5 5 4 5 4 5 4 4 6 2 6 3
10 7 8 7 6 7 8 6 6 5 7 6 6 8 7 8 6 7 6 7 6 7 7 7 9 7 7 5 8 7 7 7 7 7 7 7 7 7 5 7 7 8 7 7 6 8 8 6 6 5 6
11 7 6 6 8 6 7 8 6 7 6 5 7 7 7 7 7 5 8 6 7 7 6 7 9 5 7 7 7 5 9 7 6 7 6 6 6 7 6 7 7 5 6 8 7 7 8 5 8 6 7
12 6 5 2 4 4 2 4 4 4 5 6 5 4 5 4 5 3 6 3 4 6 4 3 4 3 3 5 4 5 4 4 3 4 4 3 4 3 5 4 6 4 4 5 5 5 5 4 4 4 4
13 3 4 5 4 3 3 4 3 4 3 4 4 5 4 2 2 3 3 1 3 1 3 3 4 2 4 3 2 3 5 3 2 4 4 4 2 3 3 4 3 3 5 4 3 4 3 3 3 3 2
14 4 3 4 4 2 4 3 3 3 4 4 4 6 4 4 6 4 3 4 5 5 2 6 4 4 5 5 2 5 4 4 6 5 4 2 4 4 4 4 5 3 3 5 5 4 4 4 6 4 3
15 6 5 5 5 5 5 8 6 6 8 3 6 4 6 6 7 4 6 6 5 6 5 6 6 5 5 5 5 6 5 7 7 4 6 6 6 4 7 5 6 6 6 6 7 5 6 5 7 5 8
16 7 7 6 9 6 7 8 8 6 7 6 8 6 6 5 7 8 6 6 8 5 7 6 7 6 7 6 5 8 8 7 8 6 6 7 7 8 7 6 8 8 7 7 8 6 8 7 7 5 6
17 8 8 9 9 7 10 10 9 7 9 9 8 8 9 8 9 8 8 7 8 8 10 7 6 8 9 8 9 8 8 9 5 7 9 8 9 9 8 6 7 6 9 9 9 8 9 8 8 8 10
18 4 4 3 3 4 5 4 3 2 4 4 2 4 4 3 1 3 3 2 4 5 4 2 2 4 1 3 5 3 1 2 2 5 5 2 4 2 3 3 2 2 6 4 2 4 2 2 4 3 3
19 11 12 10 11 12 9 10 11 10 10 12 12 9 9 10 8 9 9 11 10 10 11 9 8 9 11 12 10 11 10 11 9 9 11 10 10 10 11 10 10 10 9 9 12 11 11 9 9 8 9
20 5 5 7 6 5 7 7 6 4 6 6 7 6 7 7 4 7 6 6 6 6 6 6 7 6 6 7 6 7 6 4 6 5 3 6 5 5 5 5 5 5 6 5 4 5 6 8 5 5 6
21 6 7 6 7 7 7 6 7 7 7 7 5 6 8 7 6 9 5 7 7 6 6 7 6 6 7 7 8 7 6 9 8 6 7 7 6 7 6 6 6 7 7 6 6 6 6 6 7 7 7
22 4 5 5 4 5 4 5 4 4 5 6 4 3 4 5 6 6 4 3 5 4 6 7 6 4 5 6 5 5 5 6 5 5 5 5 5 4 5 6 4 6 6 6 7 5 4 3 4 4 4
23 6 6 7 5 7 7 5 7 6 5 5 7 4 7 6 7 6 5 5 4 6 6 9 6 7 6 6 5 7 5 6 9 5 5 7 8 9 6 7 7 4 6 5 6 4 6 5 6 5 7
24 3 7 5 5 6 7 5 5 5 5 5 6 5 5 4 6 7 4 4 7 5 6 4 6 5 5 5 5 6 3 6 4 5 6 6 4 6 5 6 5 5 5 4 5 6 5 4 5 6 5
25 5 5 4 4 4 5 5 4 4 4 6 6 5 5 4 6 5 4 6 5 6 4 4 6 4 4 5 5 3 4 4 5 5 6 4 6 4 4 4 4 3 4 4 6 6 4 3 4 4 3
26 9 10 7 7 9 8 8 8 8 9 8 8 11 8 9 8 7 9 7 6 7 8 8 8 8 7 8 10 10 8 7 8 8 8 8 7 9 9 6 8 9 8 10 10 8 8 8 9 9 9
27 7 6 6 7 6 6 8 7 7 7 7 7 9 8 6 6 7 7 7 6 8 5 9 7 6 8 8 6 7 8 5 7 7 7 7 7 6 4 7 7 7 8 8 7 8 7 7 5 7 6
28 6 6 5 6 6 6 5 5 5 7 5 6 5 4 6 6 4 5 6 6 4 6 5 5 6 7 5 6 6 4 6 3 7 5 5 6 5 6 5 4 5 7 5 7 5 6 6 5 6 6
29 8 8 7 8 7 8 7 8 7 8 8 6 7 6 7 8 6 8 9 7 9 8 7 7 6 7 6 6 8 9 6 8 9 8 6 8 6 6 6 8 6 9 6 8 6 7 8 8 7 7
30 5 6 6 7 6 6 5 6 6 7 5 6 9 6 5 6 6 4 6 6 6 5 5 6 6 6 4 6 6 4 6 5 7 7 7 8 6 6 3 8 5 8 7 6 7 4 5 6 6 8

Probability_of_each_scenario_occuring:
0.02 0.02 0.02 0.02 0.02 0.02 0.02 0.02 0.02 0.02 0.02 0.02 0.02 0.02 0.02 0.02 0.02 0.02 0.02 0.02 0.02 0.02 0.02 0.02 0.02 0.02 0.02 0.02 0.02 0.02 0.02 0.02 0.02 0.02 0.02 0.02 0.02 0.02 0.02 0.02 0.02 0.02 0.02 0.02 0.02 0.02 0.02 0.02 0.02 0.02 

Travel_Costs:
0 2.86 0.88 1.12 2.3 1.25 2.43 1.86 1.04 1.68 1.93 1.7 1.23 1.3 2.26 2.23 1.93 2.04 2.06 1.81 1.83 2.65 1.98 1.72 2.2 2.07 1.14 2.3 3.15 1.34 2.23 
2.86 0 3.22 3.86 1.44 3.79 3.1 4.69 2.16 3.29 4.46 2.76 3.81 1.6 1.38 2.1 4.52 4.67 2.86 4.48 4.69 3.84 3.64 2.52 4.78 3.16 2 2.55 4.33 2.08 4.23 
0.88 3.22 0 1.6 2.26 0.57 1.78 1.61 1.07 0.88 1.25 1.13 1.84 1.86 2.24 3.04 2.42 2.47 1.46 2.24 1.88 1.83 1.13 1.26 2.66 1.36 1.23 1.83 4 1.24 1.36 
1.12 3.86 1.6 0 3.42 1.55 3.36 1.36 2.15 2.47 1.98 2.67 0.33 2.27 3.37 2.69 0.84 0.93 3.02 0.7 0.97 3.39 2.67 2.75 1.1 2.96 2.26 3.34 2.69 2.44 2.67 
2.3 1.44 2.26 3.42 0 2.8 1.67 3.85 1.29 2.04 3.39 1.46 3.49 1.53 0.09 2.81 4.21 4.33 1.48 4.11 4.04 2.43 2.34 1.21 4.48 1.79 1.17 1.12 4.78 1.04 2.96 
1.25 3.79 0.57 1.55 2.8 0 2.08 1.12 1.64 1.1 0.71 1.54 1.85 2.39 2.79 3.47 2.29 2.3 1.82 2.08 1.52 1.91 1.19 1.73 2.5 1.64 1.8 2.25 4.16 1.8 1.12 
2.43 3.1 1.78 3.36 1.67 2.08 0 3.17 1.64 0.98 2.38 0.74 3.58 2.56 1.72 3.98 4.19 4.25 0.38 4.01 3.59 0.79 1.03 0.8 4.44 0.44 1.7 0.55 5.51 1.42 1.62 
1.86 4.69 1.61 1.36 3.85 1.12 3.17 0 2.61 2.2 0.97 2.66 1.66 3.16 3.83 3.93 1.73 1.65 2.93 1.5 0.64 2.88 2.21 2.83 1.84 2.73 2.77 3.36 3.99 2.83 1.89 
1.04 2.16 1.07 2.15 1.29 1.64 1.64 2.61 0 1.29 2.3 0.95 2.26 0.99 1.25 2.39 2.97 3.07 1.27 2.85 2.75 2.12 1.65 0.84 3.24 1.42 0.17 1.36 3.91 0.31 2.16 
1.68 3.29 0.88 2.47 2.04 1.1 0.98 2.2 1.29 0 1.46 0.59 2.71 2.27 2.05 3.62 3.28 3.32 0.75 3.09 2.62 0.97 0.37 0.83 3.51 0.54 1.42 1.22 4.83 1.25 0.94 
1.93 4.46 1.25 1.98 3.39 0.71 2.38 0.97 2.3 1.46 0 2.01 2.3 3.09 3.39 4.16 2.58 2.53 2.21 2.35 1.57 1.97 1.36 2.23 2.73 1.95 2.46 2.67 4.66 2.42 0.93 
1.7 2.76 1.13 2.67 1.46 1.54 0.74 2.66 0.95 0.59 2.01 0 2.87 1.92 1.48 3.33 3.51 3.57 0.36 3.34 3 1.19 0.89 0.25 3.76 0.48 1.04 0.71 4.78 0.79 1.51 
1.23 3.81 1.84 0.33 3.49 1.85 3.58 1.66 2.26 2.71 2.3 2.87 0 2.24 3.44 2.49 0.73 0.87 3.22 0.67 1.22 3.65 2.94 2.92 1 3.18 2.35 3.51 2.37 2.56 2.97 
1.3 1.6 1.86 2.27 1.53 2.39 2.56 3.16 0.99 2.27 3.09 1.92 2.24 0 1.46 1.43 2.95 3.1 2.2 2.9 3.11 3.1 2.64 1.77 3.22 2.39 0.88 2.16 3.25 1.15 3.11 
2.26 1.38 2.24 3.37 0.09 2.79 1.72 3.83 1.25 2.05 3.39 1.48 3.44 1.46 0 2.72 4.16 4.28 1.52 4.06 4 2.48 2.36 1.23 4.43 1.82 1.12 1.18 4.7 1.01 2.98 
2.23 2.1 3.04 2.69 2.81 3.47 3.98 3.93 2.39 3.62 4.16 3.33 2.49 1.43 2.72 0 3.04 3.23 3.63 3.1 3.65 4.5 3.98 3.19 3.26 3.8 2.3 3.58 2.25 2.57 4.38 
1.93 4.52 2.42 0.84 4.21 2.29 4.19 1.73 2.97 3.28 2.58 3.51 0.73 2.95 4.16 3.04 0 0.2 3.86 0.24 1.12 4.18 3.46 3.58 0.28 3.78 3.06 4.17 2.35 3.26 3.37 
2.04 4.67 2.47 0.93 4.33 2.3 4.25 1.65 3.07 3.32 2.53 3.57 0.87 3.1 4.28 3.23 0.2 0 3.92 0.24 1.02 4.2 3.47 3.66 0.21 3.83 3.17 4.25 2.51 3.37 3.36 
2.06 2.86 1.46 3.02 1.48 1.82 0.38 2.93 1.27 0.75 2.21 0.36 3.22 2.2 1.52 3.63 3.86 3.92 0 3.68 3.3 0.98 0.93 0.44 4.1 0.32 1.33 0.48 5.13 1.06 1.57 
1.81 4.48 2.24 0.7 4.11 2.08 4.01 1.5 2.85 3.09 2.35 3.34 0.67 2.9 4.06 3.1 0.24 0.24 3.68 0 0.89 3.98 3.25 3.43 0.43 3.6 2.95 4.01 2.56 3.14 3.15 
1.83 4.69 1.88 0.97 4.04 1.52 3.59 0.64 2.75 2.62 1.57 3 1.22 3.11 4 3.65 1.12 1.02 3.3 0.89 0 3.4 2.69 3.14 1.21 3.15 2.89 3.7 3.43 3.01 2.46 
2.65 3.84 1.83 3.39 2.43 1.91 0.79 2.88 2.12 0.97 1.97 1.19 3.65 3.1 2.48 4.5 4.18 4.2 0.98 3.98 3.4 0 0.73 1.38 4.4 0.72 2.22 1.33 5.79 1.98 1.07 
1.98 3.64 1.13 2.67 2.34 1.19 1.03 2.21 1.65 0.37 1.36 0.89 2.94 2.64 2.36 3.98 3.46 3.47 0.93 3.25 2.69 0.73 0 1.14 3.67 0.64 1.79 1.41 5.12 1.6 0.64 
1.72 2.52 1.26 2.75 1.21 1.73 0.8 2.83 0.84 0.83 2.23 0.25 2.92 1.77 1.23 3.19 3.58 3.66 0.44 3.43 3.14 1.38 1.14 0 3.84 0.66 0.9 0.59 4.74 0.63 1.76 
2.2 4.78 2.66 1.1 4.48 2.5 4.44 1.84 3.24 3.51 2.73 3.76 1 3.22 4.43 3.26 0.28 0.21 4.1 0.43 1.21 4.4 3.67 3.84 0 4.02 3.33 4.43 2.4 3.53 3.56 
2.07 3.16 1.36 2.96 1.79 1.64 0.44 2.73 1.42 0.54 1.95 0.48 3.18 2.39 1.82 3.8 3.78 3.83 0.32 3.6 3.15 0.72 0.64 0.66 4.02 0 1.51 0.78 5.2 1.26 1.26 
1.14 2 1.23 2.26 1.17 1.8 1.7 2.77 0.17 1.42 2.46 1.04 2.35 0.88 1.12 2.3 3.06 3.17 1.33 2.95 2.89 2.22 1.79 0.9 3.33 1.51 0 1.37 3.91 0.29 2.31 
2.3 2.55 1.83 3.34 1.12 2.25 0.55 3.36 1.36 1.22 2.67 0.71 3.51 2.16 1.18 3.58 4.17 4.25 0.48 4.01 3.7 1.33 1.41 0.59 4.43 0.78 1.37 0 5.26 1.08 2.04 
3.15 4.33 4 2.69 4.78 4.16 5.51 3.99 3.91 4.83 4.66 4.78 2.37 3.25 4.7 2.25 2.35 2.51 5.13 2.56 3.43 5.79 5.12 4.74 2.4 5.2 3.91 5.26 0 4.19 5.27 
1.34 2.08 1.24 2.44 1.04 1.8 1.42 2.83 0.31 1.25 2.42 0.79 2.56 1.15 1.01 2.57 3.26 3.37 1.06 3.14 3.01 1.98 1.6 0.63 3.53 1.26 0.29 1.08 4.19 0 2.16 
2.23 4.23 1.36 2.67 2.96 1.12 1.62 1.89 2.16 0.94 0.93 1.51 2.97 3.11 2.98 4.38 3.37 3.36 1.57 3.15 2.46 1.07 0.64 1.76 3.56 1.26 2.31 2.04 5.27 2.16 0 
