Number_Of_Customers: 10
Vehicle_Capacity:    50
Alpha:               0.75
Number_Of_Scenarios: 3

Location_Coordinates:
0 0 0
1 -2.30848 1.35803
2 -0.61804 -2.40399
3 1.17646 -2.18602
4 -0.387585 0.851328
5 -1.73559 -0.103781
6 0.75933 2.0527
7 -0.349479 1.31122
8 -2.31118 1.03455
9 -2.3914 -2.27548
10 0.931228 1.14622

Demand_per_scenario:
1 3 4 5
2 3 4 5
3 5 7 9
4 2 2 3
5 3 4 5
6 5 6 7
7 2 3 3
8 4 5 7
9 5 6 8
10 4 4 6

Probability_of_each_scenario_occuring:
0.333333 0.333333 0.333333 

Travel_Costs:
0 2.68 2.49 2.49 0.94 1.74 2.19 1.36 2.54 3.31 1.48 
2.68 0 4.13 4.98 1.99 1.58 3.15 1.96 0.33 3.64 3.25 
2.49 4.13 0 1.81 3.27 2.56 4.67 3.73 3.84 1.78 3.88 
2.49 4.98 1.81 0 3.42 3.58 4.26 3.82 4.75 3.57 3.35 
0.94 1.99 3.27 3.42 0 1.66 1.67 0.47 1.94 3.72 1.36 
1.74 1.58 2.56 3.58 1.66 0 3.3 1.99 1.28 2.27 2.95 
2.19 3.15 4.67 4.26 1.67 3.3 0 1.34 3.24 5.36 0.93 
1.36 1.96 3.73 3.82 0.47 1.99 1.34 0 1.99 4.13 1.3 
2.54 0.33 3.84 4.75 1.94 1.28 3.24 1.99 0 3.32 3.25 
3.31 3.64 1.78 3.57 3.72 2.27 5.36 4.13 3.32 0 4.77 
1.48 3.25 3.88 3.35 1.36 2.95 0.93 1.3 3.25 4.77 0 
