Number_Of_Customers: 50
Vehicle_Capacity:    50
Alpha:               0.75
Number_Of_Scenarios: 10

Location_Coordinates:
0 0 0
1 1.41668 0.0835059
2 -1.51557 -2.23724
3 -1.35426 -1.02335
4 0.514034 -0.622473
5 -1.91149 -1.45893
6 -0.189633 -2.1625
7 -0.21487 -1.32699
8 2.32718 -2.07714
9 -0.488654 2.19959
10 -1.47661 -2.33825
11 1.08164 -0.957949
12 -0.248807 -1.69133
13 -1.25915 2.39987
14 -0.401873 0.719222
15 -2.02803 -0.0657104
16 0.605596 -1.74317
17 -2.44644 -2.3031
18 1.74539 -0.179752
19 -1.08953 -1.75794
20 -0.739765 1.77205
21 -2.11244 1.1887
22 -1.56906 -1.21002
23 -1.77421 0.884844
24 1.5707 -1.24093
25 -1.26539 -2.48256
26 0.653174 -2.10036
27 -0.829955 0.942971
28 -1.48386 0.827802
29 -2.13555 -2.12514
30 -2.30397 2.11947
31 2.00177 -1.31565
32 -2.12448 -1.15304
33 0.844643 0.908776
34 -1.19419 -0.692289
35 -0.293952 -0.456621
36 0.568723 -1.46811
37 0.398919 -0.368966
38 -1.20386 1.68421
39 1.52924 2.00191
40 1.1695 0.727077
41 -0.0170575 -1.68572
42 -1.84649 1.01104
43 -2.38008 -1.98608
44 -0.0723938 -1.72256
45 -1.13594 -1.72338
46 0.212212 1.65125
47 -2.37551 -0.119865
48 0.421587 0.613055
49 -1.38426 -0.267167
50 -0.276818 -2.47327

Demand_per_scenario:
1 5 4 4 4 5 4 3 6 5 6
2 5 4 3 3 4 5 7 3 5 6
3 8 10 9 9 9 9 10 8 10 11
4 6 6 6 5 6 4 6 6 8 5
5 3 3 5 4 4 5 4 4 3 3
6 4 5 5 5 5 6 3 5 4 5
7 5 6 5 6 6 5 5 4 5 4
8 7 6 7 10 7 6 9 8 8 9
9 2 1 1 1 3 1 2 1 1 2
10 7 8 6 6 9 7 7 7 8 7
11 5 6 6 4 7 6 4 5 5 6
12 5 6 3 3 5 5 6 6 4 5
13 6 5 5 5 6 6 6 6 7 4
14 6 6 5 5 5 3 5 5 7 4
15 6 5 6 3 5 5 3 5 5 5
16 8 10 10 11 9 9 9 10 8 11
17 6 3 6 4 6 5 4 6 5 6
18 4 4 4 4 4 2 4 3 2 3
19 8 8 6 7 8 8 8 6 6 7
20 3 3 4 4 3 5 3 2 2 2
21 8 9 9 7 6 6 8 7 8 7
22 3 3 5 5 7 7 4 7 5 6
23 7 3 9 7 6 7 5 7 6 5
24 4 4 5 5 4 5 5 7 5 7
25 6 5 5 7 6 5 6 5 6 5
26 6 5 5 6 5 3 6 6 5 6
27 6 5 5 5 5 4 5 6 3 6
28 3 6 5 7 4 6 4 5 6 3
29 6 7 7 7 8 7 8 7 5 5
30 4 3 4 3 3 4 3 4 3 3
31 7 6 8 8 7 8 8 6 7 7
32 3 4 4 4 3 3 4 2 2 5
33 3 5 5 2 3 4 2 3 3 4
34 8 7 7 7 7 7 7 6 7 7
35 5 4 5 4 5 7 5 5 5 5
36 7 3 4 3 5 6 5 4 5 5
37 3 4 4 5 5 5 4 6 5 4
38 8 6 8 6 8 7 8 7 6 8
39 3 3 5 2 4 4 2 3 4 4
40 4 3 5 4 4 4 3 5 4 5
41 2 4 5 4 2 3 5 2 4 2
42 8 11 10 9 9 8 9 7 9 9
43 6 4 4 5 6 4 4 4 2 4
44 2 4 3 3 3 3 3 4 3 7
45 5 5 3 3 5 4 4 5 4 4
46 6 8 5 6 6 5 6 5 7 6
47 5 7 6 6 6 7 2 6 3 5
48 4 5 4 4 4 3 4 4 4 4
49 3 3 3 2 3 3 5 2 3 3
50 3 5 3 6 5 6 6 4 3 4

Probability_of_each_scenario_occuring:
0.1 0.1 0.1 0.1 0.1 0.1 0.1 0.1 0.1 0.1 

Travel_Costs:
0 1.42 2.71 1.7 0.81 2.41 2.18 1.35 3.12 2.26 2.77 1.45 1.71 2.72 0.83 2.03 1.85 3.36 1.76 2.07 1.93 2.43 1.99 1.99 2.01 2.79 2.2 1.26 1.7 3.02 3.14 2.4 2.42 1.25 1.39 0.55 1.58 0.55 2.08 2.52 1.38 1.69 2.11 3.1 1.73 2.07 1.67 2.38 0.75 1.41 2.49 
1.42 0 3.74 2.99 1.15 3.67 2.77 2.16 2.35 2.85 3.78 1.1 2.44 3.54 1.93 3.45 2 4.55 0.43 3.11 2.74 3.7 3.26 3.29 1.34 3.72 2.32 2.41 3 4.19 4.25 1.52 3.76 1.01 2.73 1.8 1.77 1.12 3.08 1.93 0.69 2.28 3.4 4.33 2.35 3.13 1.98 3.8 1.13 2.83 3.07 
2.71 3.74 0 1.23 2.6 0.88 1.33 1.59 3.85 4.56 0.11 2.9 1.38 4.65 3.16 2.24 2.18 0.94 3.86 0.65 4.09 3.48 1.03 3.14 3.25 0.36 2.18 3.26 3.07 0.64 4.43 3.64 1.25 3.94 1.58 2.16 2.23 2.68 3.94 5.22 4 1.6 3.27 0.91 1.54 0.64 4.26 2.29 3.45 1.98 1.27 
1.7 2.99 1.23 0 1.92 0.71 1.63 1.18 3.83 3.34 1.33 2.44 1.3 3.43 1.99 1.18 2.09 1.69 3.22 0.79 2.87 2.34 0.29 1.96 2.94 1.47 2.28 2.04 1.86 1.36 3.29 3.37 0.79 2.93 0.37 1.21 1.98 1.88 2.72 4.18 3.08 1.5 2.1 1.41 1.47 0.74 3.1 1.37 2.42 0.76 1.81 
0.81 1.15 2.6 1.92 0 2.57 1.7 1.02 2.33 3 2.63 0.66 1.32 3.51 1.63 2.61 1.13 3.41 1.31 1.97 2.71 3.2 2.17 2.75 1.23 2.58 1.49 2.07 2.47 3.05 3.94 1.65 2.7 1.57 1.71 0.83 0.85 0.28 2.88 2.82 1.51 1.19 2.88 3.2 1.25 1.99 2.3 2.94 1.24 1.94 2.02 
2.41 3.67 0.88 0.71 2.57 0 1.87 1.71 4.29 3.93 0.99 3.04 1.68 3.92 2.66 1.4 2.54 1 3.88 0.88 3.44 2.66 0.43 2.35 3.49 1.22 2.65 2.64 2.33 0.71 3.6 3.92 0.38 3.64 1.05 1.91 2.49 2.56 3.23 4.89 3.78 1.91 2.48 0.71 1.86 0.82 3.77 1.42 3.13 1.31 1.93 
2.18 2.77 1.33 1.63 1.7 1.87 0 0.84 2.52 4.38 1.3 1.76 0.48 4.69 2.89 2.79 0.9 2.27 2.78 0.99 3.98 3.87 1.68 3.44 1.99 1.13 0.85 3.18 3.26 1.95 4.78 2.35 2.19 3.25 1.79 1.71 1.03 1.89 3.98 4.51 3.2 0.51 3.59 2.2 0.46 1.05 3.84 3 2.85 2.25 0.33 
1.35 2.16 1.59 1.18 1.02 1.71 0.84 0 2.66 3.54 1.62 1.35 0.37 3.88 2.06 2.21 0.92 2.44 2.28 0.98 3.15 3.16 1.36 2.71 1.79 1.57 1.17 2.36 2.51 2.08 4.04 2.22 1.92 2.48 1.17 0.88 0.8 1.14 3.17 3.76 2.48 0.41 2.86 2.27 0.43 1.01 3.01 2.48 2.05 1.58 1.15 
3.12 2.35 3.85 3.83 2.33 4.29 2.52 2.66 0 5.13 3.82 1.68 2.61 5.74 3.91 4.8 1.76 4.78 1.99 3.44 4.93 5.52 4 5.06 1.13 3.62 1.68 4.37 4.8 4.47 6.25 0.83 4.55 3.34 3.79 3.09 1.87 2.58 5.16 4.16 3.04 2.38 5.2 4.71 2.43 3.49 4.29 5.1 3.3 4.13 2.64 
2.26 2.85 4.56 3.34 3 3.93 4.38 3.54 5.13 0 4.65 3.53 3.9 0.8 1.49 2.74 4.1 4.91 3.27 4.01 0.5 1.92 3.58 1.84 4.01 4.75 4.45 1.31 1.7 4.63 1.82 4.31 3.74 1.86 2.98 2.67 3.82 2.72 0.89 2.03 2.22 3.92 1.81 4.6 3.95 3.98 0.89 2.99 1.83 2.63 4.68 
2.77 3.78 0.11 1.33 2.63 0.99 1.3 1.62 3.82 4.65 0 2.91 1.39 4.75 3.25 2.34 2.17 0.98 3.88 0.7 4.18 3.59 1.14 3.24 3.24 0.26 2.15 3.35 3.17 0.7 4.54 3.63 1.36 4 1.68 2.23 2.23 2.72 4.04 5.28 4.05 1.6 3.37 0.97 1.54 0.71 4.34 2.4 3.51 2.08 1.21 
1.45 1.1 2.9 2.44 0.66 3.04 1.76 1.35 1.68 3.53 2.91 0 1.52 4.1 2.24 3.24 0.92 3.78 1.03 2.32 3.29 3.85 2.67 3.4 0.57 2.8 1.23 2.7 3.13 3.43 4.58 0.99 3.22 1.89 2.3 1.47 0.73 0.91 3.5 3 1.69 1.32 3.53 3.62 1.39 2.35 2.76 3.56 1.71 2.57 2.04 
1.71 2.44 1.38 1.3 1.32 1.68 0.48 0.37 2.61 3.9 1.39 1.52 0 4.22 2.42 2.42 0.86 2.29 2.51 0.85 3.5 3.44 1.41 3 1.88 1.29 1 2.7 2.81 1.94 4.33 2.29 1.96 2.83 1.38 1.24 0.85 1.48 3.51 4.1 2.81 0.24 3.14 2.16 0.18 0.89 3.38 2.65 2.4 1.83 0.79 
2.72 3.54 4.65 3.43 3.51 3.92 4.69 3.88 5.74 0.8 4.75 4.1 4.22 0 1.89 2.59 4.55 4.86 3.97 4.17 0.82 1.49 3.63 1.61 4.62 4.89 4.89 1.52 1.59 4.61 1.09 4.95 3.66 2.58 3.1 3.02 4.28 3.23 0.72 2.82 2.95 4.28 1.51 4.53 4.29 4.13 1.66 2.76 2.46 2.67 4.98 
0.83 1.93 3.16 1.99 1.63 2.66 2.89 2.06 3.91 1.49 3.25 2.24 2.42 1.89 0 1.81 2.67 3.65 2.33 2.58 1.11 1.78 2.26 1.39 2.79 3.32 3.02 0.49 1.09 3.34 2.37 3.15 2.55 1.27 1.62 1.19 2.4 1.36 1.26 2.32 1.58 2.44 1.48 3.36 2.47 2.56 1.12 2.15 0.84 1.4 3.2 
2.03 3.45 2.24 1.18 2.61 1.4 2.79 2.21 4.8 2.74 2.34 3.24 2.42 2.59 1.81 0 3.13 2.28 3.78 1.94 2.25 1.26 1.24 0.99 3.79 2.54 3.37 1.57 1.05 2.07 2.21 4.22 1.1 3.04 1.05 1.78 2.96 2.45 1.94 4.12 3.3 2.59 1.1 1.96 2.57 1.89 2.83 0.36 2.55 0.68 2.98 
1.85 2 2.18 2.09 1.13 2.54 0.9 0.92 1.76 4.1 2.17 0.92 0.86 4.55 2.67 3.13 0 3.11 1.94 1.7 3.77 4 2.24 3.55 1.09 2.02 0.37 3.05 3.32 2.77 4.84 1.47 2.8 2.67 2.09 1.57 0.28 1.39 3.88 3.86 2.54 0.63 3.69 3 0.68 1.75 3.42 3.4 2.37 2.48 1.15 
3.36 4.55 0.94 1.69 3.41 1 2.27 2.44 4.78 4.91 0.98 3.78 2.29 4.86 3.65 2.28 3.11 0 4.7 1.47 4.42 3.51 1.41 3.26 4.16 1.2 3.11 3.63 3.28 0.36 4.43 4.56 1.2 4.6 2.05 2.84 3.13 3.45 4.18 5.86 4.72 2.51 3.37 0.33 2.45 1.44 4.77 2.19 4.1 2.3 2.18 
1.76 0.43 3.86 3.22 1.31 3.88 2.78 2.28 1.99 3.27 3.88 1.03 2.51 3.97 2.33 3.78 1.94 4.7 0 3.25 3.16 4.1 3.48 3.68 1.08 3.8 2.21 2.81 3.39 4.35 4.66 1.17 4 1.42 2.99 2.06 1.75 1.36 3.49 2.2 1.08 2.32 3.79 4.51 2.39 3.27 2.39 4.13 1.55 3.14 3.06 
2.07 3.11 0.65 0.79 1.97 0.88 0.99 0.98 3.44 4.01 0.7 2.32 0.85 4.17 2.58 1.94 1.7 1.47 3.25 0 3.55 3.12 0.73 2.74 2.72 0.75 1.78 2.72 2.62 1.11 4.07 3.13 1.2 3.3 1.08 1.53 1.69 2.04 3.45 4.59 3.36 1.08 2.88 1.32 1.02 0.06 3.65 2.09 2.82 1.52 1.09 
1.93 2.74 4.09 2.87 2.71 3.44 3.98 3.15 4.93 0.5 4.18 3.29 3.5 0.82 1.11 2.25 3.77 4.42 3.16 3.55 0 1.5 3.1 1.37 3.8 4.29 4.12 0.84 1.21 4.14 1.61 4.13 3.24 1.81 2.51 2.28 3.5 2.43 0.48 2.29 2.18 3.54 1.35 4.11 3.56 3.52 0.96 2.51 1.65 2.14 4.28 
2.43 3.7 3.48 2.34 3.2 2.66 3.87 3.16 5.52 1.92 3.59 3.85 3.44 1.49 1.78 1.26 4 3.51 4.1 3.12 1.5 0 2.46 0.46 4.42 3.77 4.3 1.31 0.73 3.32 0.96 4.82 2.35 2.98 2.1 2.46 3.78 2.96 1.04 3.74 3.32 3.56 0.32 3.19 3.56 3.08 2.38 1.34 2.6 1.63 4.1 
1.99 3.26 1.03 0.29 2.17 0.43 1.68 1.36 4 3.58 1.14 2.67 1.41 3.63 2.26 1.24 2.24 1.41 3.48 0.73 3.1 2.46 0 2.11 3.14 1.31 2.4 2.28 2.04 1.08 3.41 3.58 0.56 3.22 0.64 1.49 2.16 2.15 2.92 4.47 3.36 1.63 2.24 1.13 1.59 0.68 3.38 1.36 2.7 0.97 1.81 
1.99 3.29 3.14 1.96 2.75 2.35 3.44 2.71 5.06 1.84 3.24 3.4 3 1.61 1.39 0.99 3.55 3.26 3.68 2.74 1.37 0.46 2.11 0 3.97 3.41 3.85 0.95 0.3 3.04 1.35 4.38 2.07 2.62 1.69 2 3.33 2.51 0.99 3.49 2.95 3.12 0.15 2.94 3.12 2.69 2.13 1.18 2.22 1.22 3.68 
2.01 1.34 3.25 2.94 1.23 3.49 1.99 1.79 1.13 4.01 3.24 0.57 1.88 4.62 2.79 3.79 1.09 4.16 1.08 2.72 3.8 4.42 3.14 3.97 0 3.1 1.26 3.25 3.69 3.82 5.13 0.44 3.7 2.27 2.82 2.03 1.03 1.47 4.04 3.25 2.01 1.65 4.1 4.03 1.72 2.75 3.2 4.11 2.19 3.12 2.23 
2.79 3.72 0.36 1.47 2.58 1.22 1.13 1.57 3.62 4.75 0.26 2.8 1.29 4.89 3.32 2.54 2.02 1.2 3.8 0.75 4.29 3.77 1.31 3.41 3.1 0 1.96 3.46 3.32 0.95 4.72 3.47 1.59 4 1.8 2.25 2.1 2.7 4.17 5.29 4.03 1.49 3.55 1.23 1.42 0.78 4.39 2.62 3.53 2.22 0.99 
2.2 2.32 2.18 2.28 1.49 2.65 0.85 1.17 1.68 4.45 2.15 1.23 1 4.89 3.02 3.37 0.37 3.11 2.21 1.78 4.12 4.3 2.4 3.85 1.26 1.96 0 3.39 3.63 2.79 5.16 1.57 2.94 3.02 2.33 1.9 0.64 1.75 4.22 4.2 2.88 0.79 4 3.04 0.82 1.83 3.78 3.62 2.73 2.75 1.01 
1.26 2.41 3.26 2.04 2.07 2.64 3.18 2.36 4.37 1.31 3.35 2.7 2.7 1.52 0.49 1.57 3.05 3.63 2.81 2.72 0.84 1.31 2.28 0.95 3.25 3.46 3.39 0 0.67 3.34 1.89 3.63 2.47 1.68 1.68 1.5 2.79 1.8 0.84 2.59 2.02 2.76 1.02 3.32 2.78 2.69 1.27 1.88 1.3 1.34 3.47 
1.7 3 3.07 1.86 2.47 2.33 3.26 2.51 4.8 1.7 3.17 3.13 2.81 1.59 1.09 1.05 3.32 3.28 3.39 2.62 1.21 0.73 2.04 0.3 3.69 3.32 3.63 0.67 0 3.03 1.54 4.1 2.09 2.33 1.55 1.76 3.08 2.24 0.91 3.24 2.66 2.92 0.41 2.96 2.92 2.58 1.89 1.31 1.92 1.1 3.52 
3.02 4.19 0.64 1.36 3.05 0.71 1.95 2.08 4.47 4.63 0.7 3.43 1.94 4.61 3.34 2.07 2.77 0.36 4.35 1.11 4.14 3.32 1.08 3.04 3.82 0.95 2.79 3.34 3.03 0 4.25 4.22 0.98 4.26 1.72 2.49 2.79 3.09 3.93 5.52 4.37 2.17 3.15 0.29 2.11 1.08 4.45 2.02 3.75 2.01 1.9 
3.14 4.25 4.43 3.29 3.94 3.6 4.78 4.04 6.25 1.82 4.54 4.58 4.33 1.09 2.37 2.21 4.84 4.43 4.66 4.07 1.61 0.96 3.41 1.35 5.13 4.72 5.16 1.89 1.54 4.25 0 5.51 3.28 3.38 3.03 3.27 4.6 3.68 1.19 3.84 3.75 4.44 1.2 4.11 4.45 4.02 2.56 2.25 3.12 2.56 5.03 
2.4 1.52 3.64 3.37 1.65 3.92 2.35 2.22 0.83 4.31 3.63 0.99 2.29 4.95 3.15 4.22 1.47 4.56 1.17 3.13 4.13 4.82 3.58 4.38 0.44 3.47 1.57 3.63 4.1 4.22 5.51 0 4.13 2.51 3.26 2.46 1.45 1.87 4.4 3.36 2.21 2.06 4.5 4.44 2.12 3.17 3.47 4.54 2.5 3.55 2.56 
2.42 3.76 1.25 0.79 2.7 0.38 2.19 1.92 4.55 3.74 1.36 3.22 1.96 3.66 2.55 1.1 2.8 1.2 4 1.2 3.24 2.35 0.56 2.07 3.7 1.59 2.94 2.47 2.09 0.98 3.28 4.13 0 3.62 1.04 1.96 2.72 2.65 2.99 4.83 3.8 2.18 2.19 0.88 2.13 1.15 3.66 1.07 3.1 1.16 2.28 
1.25 1.01 3.94 2.93 1.57 3.64 3.25 2.48 3.34 1.86 4 1.89 2.83 2.58 1.27 3.04 2.67 4.6 1.42 3.3 1.81 2.98 3.22 2.62 2.27 4 3.02 1.68 2.33 4.26 3.38 2.51 3.62 0 2.6 1.78 2.4 1.36 2.2 1.29 0.38 2.74 2.7 4.34 2.79 3.3 0.98 3.39 0.52 2.53 3.57 
1.39 2.73 1.58 0.37 1.71 1.05 1.79 1.17 3.79 2.98 1.68 2.3 1.38 3.1 1.62 1.05 2.09 2.05 2.99 1.08 2.51 2.1 0.64 1.69 2.82 1.8 2.33 1.68 1.55 1.72 3.03 3.26 1.04 2.6 0 0.94 1.93 1.63 2.38 3.84 2.76 1.55 1.83 1.76 1.53 1.04 2.74 1.32 2.08 0.47 2.01 
0.55 1.8 2.16 1.21 0.83 1.91 1.71 0.88 3.09 2.67 2.23 1.47 1.24 3.02 1.19 1.78 1.57 2.84 2.06 1.53 2.28 2.46 1.49 2 2.03 2.25 1.9 1.5 1.76 2.49 3.27 2.46 1.96 1.78 0.94 0 1.33 0.7 2.33 3.07 1.89 1.26 2.14 2.59 1.29 1.53 2.17 2.11 1.29 1.11 2.02 
1.58 1.77 2.23 1.98 0.85 2.49 1.03 0.8 1.87 3.82 2.23 0.73 0.85 4.28 2.4 2.96 0.28 3.13 1.75 1.69 3.5 3.78 2.16 3.33 1.03 2.1 0.64 2.79 3.08 2.79 4.6 1.45 2.72 2.4 1.93 1.33 0 1.12 3.62 3.61 2.28 0.63 3.47 3 0.69 1.73 3.14 3.24 2.09 2.3 1.32 
0.55 1.12 2.68 1.88 0.28 2.56 1.89 1.14 2.58 2.72 2.72 0.91 1.48 3.23 1.36 2.45 1.39 3.45 1.36 2.04 2.43 2.96 2.15 2.51 1.47 2.7 1.75 1.8 2.24 3.09 3.68 1.87 2.65 1.36 1.63 0.7 1.12 0 2.61 2.63 1.34 1.39 2.64 3.22 1.44 2.05 2.03 2.79 0.99 1.79 2.22 
2.08 3.08 3.94 2.72 2.88 3.23 3.98 3.17 5.16 0.89 4.04 3.5 3.51 0.72 1.26 1.94 3.88 4.18 3.49 3.45 0.48 1.04 2.92 0.99 4.04 4.17 4.22 0.84 0.91 3.93 1.19 4.4 2.99 2.2 2.38 2.33 3.62 2.61 0 2.76 2.56 3.58 0.94 3.86 3.59 3.41 1.42 2.16 1.95 1.96 4.26 
2.52 1.93 5.22 4.18 2.82 4.89 4.51 3.76 4.16 2.03 5.28 3 4.1 2.82 2.32 4.12 3.86 5.86 2.2 4.59 2.29 3.74 4.47 3.49 3.25 5.29 4.2 2.59 3.24 5.52 3.84 3.36 4.83 1.29 3.84 3.07 3.61 2.63 2.76 0 1.33 4 3.52 5.59 4.06 4.59 1.37 4.45 1.78 3.7 4.83 
1.38 0.69 4 3.08 1.51 3.78 3.2 2.48 3.04 2.22 4.05 1.69 2.81 2.95 1.58 3.3 2.54 4.72 1.08 3.36 2.18 3.32 3.36 2.95 2.01 4.03 2.88 2.02 2.66 4.37 3.75 2.21 3.8 0.38 2.76 1.89 2.28 1.34 2.56 1.33 0 2.69 3.03 4.47 2.75 3.37 1.34 3.65 0.76 2.75 3.52 
1.69 2.28 1.6 1.5 1.19 1.91 0.51 0.41 2.38 3.92 1.6 1.32 0.24 4.28 2.44 2.59 0.63 2.51 2.32 1.08 3.54 3.56 1.63 3.12 1.65 1.49 0.79 2.76 2.92 2.17 4.44 2.06 2.18 2.74 1.55 1.26 0.63 1.39 3.58 4 2.69 0 3.26 2.39 0.07 1.12 3.35 2.84 2.35 1.98 0.83 
2.11 3.4 3.27 2.1 2.88 2.48 3.59 2.86 5.2 1.81 3.37 3.53 3.14 1.51 1.48 1.1 3.69 3.37 3.79 2.88 1.35 0.32 2.24 0.15 4.1 3.55 4 1.02 0.41 3.15 1.2 4.5 2.19 2.7 1.83 2.14 3.47 2.64 0.94 3.52 3.03 3.26 0 3.05 3.26 2.83 2.16 1.25 2.31 1.36 3.83 
3.1 4.33 0.91 1.41 3.2 0.71 2.2 2.27 4.71 4.6 0.97 3.62 2.16 4.53 3.36 1.96 3 0.33 4.51 1.32 4.11 3.19 1.13 2.94 4.03 1.23 3.04 3.32 2.96 0.29 4.11 4.44 0.88 4.34 1.76 2.59 3 3.22 3.86 5.59 4.47 2.39 3.05 0 2.33 1.28 4.47 1.87 3.83 1.99 2.16 
1.73 2.35 1.54 1.47 1.25 1.86 0.46 0.43 2.43 3.95 1.54 1.39 0.18 4.29 2.47 2.57 0.68 2.45 2.39 1.02 3.56 3.56 1.59 3.12 1.72 1.42 0.82 2.78 2.92 2.11 4.45 2.12 2.13 2.79 1.53 1.29 0.69 1.44 3.59 4.06 2.75 0.07 3.26 2.33 0 1.07 3.39 2.81 2.39 1.96 0.78 
2.07 3.13 0.64 0.74 1.99 0.82 1.05 1.01 3.49 3.98 0.71 2.35 0.89 4.13 2.56 1.89 1.75 1.44 3.27 0.06 3.52 3.08 0.68 2.69 2.75 0.78 1.83 2.69 2.58 1.08 4.02 3.17 1.15 3.3 1.04 1.53 1.73 2.05 3.41 4.59 3.37 1.12 2.83 1.28 1.07 0 3.64 2.03 2.81 1.48 1.15 
1.67 1.98 4.26 3.1 2.3 3.77 3.84 3.01 4.29 0.89 4.34 2.76 3.38 1.66 1.12 2.83 3.42 4.77 2.39 3.65 0.96 2.38 3.38 2.13 3.2 4.39 3.78 1.27 1.89 4.45 2.56 3.47 3.66 0.98 2.74 2.17 3.14 2.03 1.42 1.37 1.34 3.35 2.16 4.47 3.39 3.64 0 3.14 1.06 2.5 4.16 
2.38 3.8 2.29 1.37 2.94 1.42 3 2.48 5.1 2.99 2.4 3.56 2.65 2.76 2.15 0.36 3.4 2.19 4.13 2.09 2.51 1.34 1.36 1.18 4.11 2.62 3.62 1.88 1.31 2.02 2.25 4.54 1.07 3.39 1.32 2.11 3.24 2.79 2.16 4.45 3.65 2.84 1.25 1.87 2.81 2.03 3.14 0 2.9 1.01 3.16 
0.75 1.13 3.45 2.42 1.24 3.13 2.85 2.05 3.3 1.83 3.51 1.71 2.4 2.46 0.84 2.55 2.37 4.1 1.55 2.82 1.65 2.6 2.7 2.22 2.19 3.53 2.73 1.3 1.92 3.75 3.12 2.5 3.1 0.52 2.08 1.29 2.09 0.99 1.95 1.78 0.76 2.35 2.31 3.83 2.39 2.81 1.06 2.9 0 2.01 3.17 
1.41 2.83 1.98 0.76 1.94 1.31 2.25 1.58 4.13 2.63 2.08 2.57 1.83 2.67 1.4 0.68 2.48 2.3 3.14 1.52 2.14 1.63 0.97 1.22 3.12 2.22 2.75 1.34 1.1 2.01 2.56 3.55 1.16 2.53 0.47 1.11 2.3 1.79 1.96 3.7 2.75 1.98 1.36 1.99 1.96 1.48 2.5 1.01 2.01 0 2.47 
2.49 3.07 1.27 1.81 2.02 1.93 0.33 1.15 2.64 4.68 1.21 2.04 0.79 4.98 3.2 2.98 1.15 2.18 3.06 1.09 4.28 4.1 1.81 3.68 2.23 0.99 1.01 3.47 3.52 1.9 5.03 2.56 2.28 3.57 2.01 2.02 1.32 2.22 4.26 4.83 3.52 0.83 3.83 2.16 0.78 1.15 4.16 3.16 3.17 2.47 0 
