Number_Of_Customers: 50
Vehicle_Capacity:    50
Alpha:               0.75
Number_Of_Scenarios: 3

Location_Coordinates:
0 0 0
1 0.724162 0.987758
2 1.2453 -0.17687
3 2.34967 0.866567
4 -0.611476 -2.07194
5 1.85637 -0.0465056
6 -1.61905 -1.33844
7 -0.0803119 0.197188
8 -0.866237 1.15157
9 -0.616275 2.26108
10 2.00864 -0.772769
11 2.07246 1.78801
12 1.16427 -2.19048
13 -0.417853 2.14938
14 -0.396705 -2.41426
15 -1.49449 2.08245
16 -0.263658 -1.29401
17 1.54405 0.771631
18 -1.20049 -1.71913
19 1.64802 -1.66445
20 0.651256 0.651276
21 1.00245 -1.897
22 2.11381 1.74523
23 2.01117 1.70986
24 -2.39821 -1.73837
25 -1.70864 -2.03839
26 0.699822 1.91244
27 2.32752 -1.42188
28 2.40168 0.0493558
29 -0.477781 -0.0601654
30 -1.19992 -1.98872
31 0.606955 1.09856
32 -1.51948 2.16604
33 -0.32558 -2.03133
34 -0.566682 0.777156
35 1.6683 -0.909729
36 0.185935 0.0119758
37 1.2778 1.01053
38 -0.995307 1.87442
39 -1.63304 -1.49453
40 1.35295 -0.90089
41 -1.26609 0.765249
42 1.53743 -0.386253
43 -1.7478 -0.332236
44 1.11757 -2.07358
45 -0.577366 1.20241
46 -1.17691 -0.352616
47 -1.41378 -1.34385
48 -1.12423 0.0538519
49 0.0888277 -2.07359
50 -0.906074 1.6153

Demand_per_scenario:
1 6 8 10
2 4 6 7
3 5 7 8
4 4 5 6
5 4 6 6
6 3 4 5
7 4 5 6
8 3 4 4
9 3 4 5
10 6 7 9
11 5 6 7
12 6 7 9
13 3 4 4
14 4 5 5
15 3 4 5
16 5 6 7
17 5 7 8
18 4 5 6
19 4 5 6
20 3 4 4
21 4 5 6
22 5 6 7
23 4 6 7
24 5 6 8
25 2 3 3
26 4 5 6
27 3 4 4
28 5 6 7
29 5 6 7
30 4 5 6
31 4 5 5
32 5 6 7
33 5 7 8
34 3 4 5
35 3 4 5
36 4 5 6
37 4 5 6
38 4 5 6
39 3 4 4
40 6 8 9
41 5 7 8
42 6 8 9
43 4 6 7
44 6 9 10
45 4 5 6
46 4 6 6
47 5 6 8
48 5 6 7
49 4 5 6
50 4 6 7

Probability_of_each_scenario_occuring:
0.333333 0.333333 0.333333 

Travel_Costs:
0 1.23 1.26 2.51 2.17 1.86 2.11 0.22 1.45 2.35 2.16 2.74 2.49 2.19 2.45 2.57 1.33 1.73 2.1 2.35 0.93 2.15 2.75 2.64 2.97 2.66 2.04 2.73 2.41 0.49 2.33 1.26 2.65 2.06 0.97 1.91 0.19 1.63 2.13 2.22 1.63 1.48 1.59 1.78 2.36 1.34 1.23 1.96 1.13 2.08 1.86 
1.23 0 1.28 1.64 3.34 1.54 3.31 1.13 1.6 1.85 2.18 1.57 3.21 1.63 3.59 2.48 2.49 0.85 3.33 2.81 0.35 2.9 1.59 1.48 4.15 3.89 0.93 2.9 1.93 1.6 3.55 0.17 2.54 3.2 1.31 2.12 1.12 0.56 1.94 3.43 2 2.01 1.6 2.81 3.09 1.32 2.33 3.17 2.08 3.13 1.75 
1.26 1.28 0 1.52 2.66 0.63 3.1 1.38 2.5 3.07 0.97 2.14 2.02 2.86 2.78 3.56 1.88 1 2.9 1.55 1.02 1.74 2.11 2.04 3.97 3.5 2.16 1.65 1.18 1.73 3.05 1.43 3.63 2.44 2.05 0.85 1.08 1.19 3.04 3.17 0.74 2.69 0.36 3 1.91 2.29 2.43 2.91 2.39 2.23 2.81 
2.51 1.64 1.52 0 4.18 1.04 4.55 2.53 3.23 3.28 1.68 0.97 3.28 3.06 4.28 4.04 3.4 0.82 4.4 2.63 1.72 3.08 0.91 0.91 5.42 5 1.96 2.29 0.82 2.98 4.56 1.76 4.09 3.95 2.92 1.91 2.33 1.09 3.5 4.63 2.03 3.62 1.5 4.27 3.19 2.95 3.74 4.37 3.57 3.71 3.35 
2.17 3.34 2.66 4.18 0 3.2 1.25 2.34 3.24 4.34 2.93 4.71 1.78 4.23 0.41 4.25 0.86 3.57 0.69 2.3 3.01 1.63 4.7 4.61 1.82 1.1 4.2 3.02 3.69 2.02 0.6 3.4 4.34 0.29 2.85 2.56 2.24 3.62 3.97 1.18 2.29 2.92 2.74 2.08 1.73 3.28 1.81 1.09 2.19 0.71 3.7 
1.86 1.54 0.63 1.04 3.2 0 3.71 1.96 2.98 3.39 0.75 1.85 2.26 3.17 3.27 3.97 2.46 0.88 3.49 1.64 1.4 2.04 1.82 1.77 4.58 4.09 2.28 1.46 0.56 2.34 3.63 1.7 4.04 2.95 2.56 0.89 1.68 1.21 3.44 3.78 1 3.23 0.47 3.62 2.16 2.74 3.05 3.52 2.99 2.69 3.23 
2.11 3.31 3.1 4.55 1.25 3.71 0 2.18 2.61 3.74 3.68 4.84 2.92 3.69 1.63 3.43 1.36 3.81 0.57 3.29 3.02 2.69 4.85 4.75 0.88 0.71 4 3.95 4.26 1.72 0.78 3.31 3.51 1.47 2.37 3.32 2.26 3.73 3.28 0.16 3.01 2.14 3.3 1.02 2.84 2.75 1.09 0.21 1.48 1.86 3.04 
0.22 1.13 1.38 2.53 2.34 1.96 2.18 0 1.24 2.14 2.31 2.68 2.7 1.99 2.64 2.36 1.51 1.73 2.22 2.55 0.87 2.36 2.69 2.59 3.02 2.77 1.89 2.91 2.49 0.48 2.46 1.14 2.44 2.25 0.76 2.07 0.33 1.59 1.92 2.3 1.81 1.32 1.72 1.75 2.57 1.13 1.23 2.04 1.06 2.28 1.65 
1.45 1.6 2.5 3.23 3.24 2.98 2.61 1.24 0 1.14 3.46 3.01 3.92 1.1 3.6 1.13 2.52 2.45 2.9 3.78 1.6 3.58 3.04 2.94 3.28 3.3 1.75 4.11 3.45 1.28 3.16 1.48 1.21 3.23 0.48 3.27 1.56 2.15 0.74 2.76 3.03 0.56 2.86 1.73 3.79 0.3 1.54 2.56 1.13 3.37 0.47 
2.35 1.85 3.07 3.28 4.34 3.39 3.74 2.14 1.14 0 4.02 2.74 4.8 0.23 4.69 0.9 3.58 2.63 4.03 4.54 2.05 4.47 2.78 2.69 4.38 4.44 1.37 4.72 3.75 2.33 4.29 1.69 0.91 4.31 1.49 3.91 2.39 2.27 0.55 3.9 3.73 1.64 3.42 2.83 4.67 1.06 2.68 3.7 2.27 4.4 0.71 
2.16 2.18 0.97 1.68 2.93 0.75 3.68 2.31 3.46 4.02 0 2.57 1.66 3.8 2.92 4.52 2.34 1.62 3.35 0.97 1.97 1.51 2.53 2.49 4.52 3.93 2.99 0.73 0.92 2.59 3.44 2.34 4.6 2.66 3.01 0.37 1.99 1.93 4.01 3.72 0.67 3.62 0.61 3.79 1.58 3.26 3.22 3.47 3.25 2.32 3.77 
2.74 1.57 2.14 0.97 4.71 1.85 4.84 2.68 3.01 2.74 2.57 0 4.09 2.52 4.88 3.58 3.87 1.15 4.8 3.48 1.82 3.84 0.06 0.1 5.7 5.38 1.38 3.23 1.77 3.15 5 1.62 3.62 4.51 2.83 2.73 2.6 1.12 3.07 4.96 2.79 3.5 2.24 4.37 3.98 2.72 3.9 4.69 3.64 4.35 2.99 
2.49 3.21 2.02 3.28 1.78 2.26 2.92 2.7 3.92 4.8 1.66 4.09 0 4.62 1.58 5.04 1.69 2.99 2.42 0.72 2.89 0.34 4.05 4 3.6 2.88 4.13 1.4 2.56 2.69 2.38 3.34 5.12 1.5 3.44 1.38 2.41 3.21 4.61 2.89 1.31 3.83 1.85 3.46 0.13 3.82 2.98 2.72 3.21 1.09 4.34 
2.19 1.63 2.86 3.06 4.23 3.17 3.69 1.99 1.1 0.23 3.8 2.52 4.62 0 4.57 1.08 3.45 2.4 3.95 4.34 1.85 4.29 2.57 2.47 4.37 4.39 1.15 4.51 3.52 2.22 4.22 1.47 1.11 4.19 1.39 3.71 2.23 2.05 0.64 3.85 3.53 1.63 3.21 2.82 4.5 0.97 2.62 3.64 2.22 4.26 0.73 
2.45 3.59 2.78 4.28 0.41 3.27 1.63 2.64 3.6 4.69 2.92 4.88 1.58 4.57 0 4.63 1.13 3.74 1.07 2.18 3.24 1.5 4.86 4.78 2.12 1.37 4.47 2.9 3.73 2.36 0.91 3.66 4.72 0.39 3.2 2.56 2.5 3.82 4.34 1.55 2.32 3.3 2.81 2.49 1.56 3.63 2.21 1.48 2.58 0.6 4.07 
2.57 2.48 3.56 4.04 4.25 3.97 3.43 2.36 1.13 0.9 4.52 3.58 5.04 1.08 4.63 0 3.6 3.31 3.82 4.9 2.58 4.7 3.63 3.53 3.93 4.13 2.21 5.19 4.4 2.38 4.09 2.33 0.09 4.28 1.61 4.36 2.67 2.98 0.55 3.58 4.13 1.34 3.91 2.43 4.91 1.28 2.46 3.43 2.07 4.45 0.76 
1.33 2.49 1.88 3.4 0.86 2.46 1.36 1.51 2.52 3.58 2.34 3.87 1.69 3.45 1.13 3.6 0 2.75 1.03 1.95 2.15 1.41 3.86 3.77 2.19 1.63 3.35 2.6 2.99 1.26 1.17 2.55 3.69 0.74 2.1 1.97 1.39 2.78 3.26 1.39 1.67 2.3 2.02 1.77 1.59 2.52 1.32 1.16 1.6 0.86 2.98 
1.73 0.85 1 0.82 3.57 0.88 3.81 1.73 2.45 2.63 1.62 1.15 2.99 2.4 3.74 3.31 2.75 0 3.71 2.44 0.91 2.73 1.13 1.05 4.68 4.3 1.42 2.33 1.13 2.19 3.9 1 3.37 3.37 2.12 1.69 1.56 0.36 2.77 3.91 1.69 2.82 1.16 3.48 2.88 2.17 2.95 3.64 2.77 3.2 2.6 
2.1 3.33 2.9 4.4 0.69 3.49 0.57 2.22 2.9 4.03 3.35 4.8 2.42 3.95 1.07 3.82 1.03 3.71 0 2.85 3.01 2.22 4.8 4.7 1.2 0.61 4.1 3.55 4.02 1.81 0.27 3.35 3.9 0.93 2.58 2.99 2.22 3.69 3.6 0.49 2.69 2.49 3.05 1.5 2.35 2.99 1.37 0.44 1.78 1.34 3.35 
2.35 2.81 1.55 2.63 2.3 1.64 3.29 2.55 3.78 4.54 0.97 3.48 0.72 4.34 2.18 4.9 1.95 2.44 2.85 0 2.53 0.69 3.45 3.4 4.05 3.38 3.71 0.73 1.88 2.67 2.87 2.96 4.98 2.01 3.3 0.76 2.23 2.71 4.42 3.29 0.82 3.8 1.29 3.65 0.67 3.63 3.12 3.08 3.27 1.62 4.16 
0.93 0.35 1.02 1.72 3.01 1.4 3.02 0.87 1.6 2.05 1.97 1.82 2.89 1.85 3.24 2.58 2.15 0.91 3.01 2.53 0 2.58 1.83 1.73 3.88 3.58 1.27 2.67 1.86 1.34 3.23 0.45 2.65 2.86 1.23 1.87 0.8 0.73 2.06 3.14 1.71 1.93 1.37 2.6 2.77 1.35 2.09 2.88 1.88 2.79 1.84 
2.15 2.9 1.74 3.08 1.63 2.04 2.69 2.36 3.58 4.47 1.51 3.84 0.34 4.29 1.5 4.7 1.41 2.73 2.22 0.69 2.58 0 3.81 3.75 3.41 2.72 3.83 1.41 2.4 2.36 2.21 3.03 4.79 1.34 3.11 1.2 2.08 2.93 4.27 2.67 1.06 3.5 1.61 3.17 0.22 3.48 2.68 2.48 2.89 0.94 4 
2.75 1.59 2.11 0.91 4.7 1.82 4.85 2.69 3.04 2.78 2.53 0.06 4.05 2.57 4.86 3.63 3.86 1.13 4.8 3.45 1.83 3.81 0 0.11 5.71 5.38 1.43 3.18 1.73 3.16 5 1.64 3.66 4.5 2.85 2.7 2.6 1.12 3.12 4.96 2.76 3.52 2.21 4.39 3.95 2.75 3.91 4.69 3.66 4.33 3.03 
2.64 1.48 2.04 0.91 4.61 1.77 4.75 2.59 2.94 2.69 2.49 0.1 4 2.47 4.78 3.53 3.77 1.05 4.7 3.4 1.73 3.75 0.11 0 5.6 5.29 1.33 3.15 1.71 3.06 4.9 1.54 3.56 4.42 2.75 2.65 2.5 1.02 3.02 4.86 2.7 3.42 2.15 4.28 3.89 2.64 3.8 4.59 3.55 4.25 2.92 
2.97 4.15 3.97 5.42 1.82 4.58 0.88 3.02 3.28 4.38 4.52 5.7 3.6 4.37 2.12 3.93 2.19 4.68 1.2 4.05 3.88 3.41 5.71 5.6 0 0.76 4.79 4.74 5.13 2.56 1.23 4.14 4.01 2.1 3.12 4.16 3.13 4.6 3.88 0.81 3.85 2.75 4.17 1.55 3.54 3.46 1.85 1.07 2.2 2.51 3.68 
2.66 3.89 3.5 5 1.1 4.09 0.71 2.77 3.3 4.44 3.93 5.38 2.88 4.39 1.37 4.13 1.63 4.3 0.61 3.38 3.58 2.72 5.38 5.29 0.76 0 4.63 4.09 4.62 2.33 0.52 3.9 4.21 1.39 3.04 3.57 2.8 4.27 3.98 0.55 3.27 2.84 3.65 1.71 2.83 3.44 1.77 0.76 2.18 1.8 3.75 
2.04 0.93 2.16 1.96 4.2 2.28 4 1.89 1.75 1.37 2.99 1.38 4.13 1.15 4.47 2.21 3.35 1.42 4.1 3.71 1.27 3.83 1.43 1.33 4.79 4.63 0 3.72 2.53 2.3 4.34 0.82 2.24 4.08 1.71 2.99 1.97 1.08 1.7 4.13 2.89 2.28 2.45 3.33 4.01 1.47 2.95 3.89 2.61 4.04 1.64 
2.73 2.9 1.65 2.29 3.02 1.46 3.95 2.91 4.11 4.72 0.73 3.23 1.4 4.51 2.9 5.19 2.6 2.33 3.55 0.73 2.67 1.41 3.18 3.15 4.74 4.09 3.72 0 1.48 3.12 3.58 3.06 5.27 2.73 3.64 0.84 2.58 2.65 4.69 3.97 1.11 4.21 1.31 4.22 1.38 3.92 3.67 3.75 3.76 2.34 4.44 
2.41 1.93 1.18 0.82 3.69 0.56 4.26 2.49 3.45 3.75 0.92 1.77 2.56 3.52 3.73 4.4 2.99 1.13 4.02 1.88 1.86 2.4 1.73 1.71 5.13 4.62 2.53 1.48 0 2.89 4.14 2.08 4.46 3.44 3.06 1.21 2.22 1.48 3.86 4.33 1.42 3.74 0.97 4.17 2.49 3.2 3.61 4.07 3.53 3.14 3.66 
0.49 1.6 1.73 2.98 2.02 2.34 1.72 0.48 1.28 2.33 2.59 3.15 2.69 2.22 2.36 2.38 1.26 2.19 1.81 2.67 1.34 2.36 3.16 3.06 2.56 2.33 2.3 3.12 2.89 0 2.06 1.59 2.46 1.98 0.85 2.31 0.67 2.06 2.01 1.85 2.02 1.15 2.05 1.3 2.57 1.27 0.76 1.59 0.66 2.1 1.73 
2.33 3.55 3.05 4.56 0.6 3.63 0.78 2.46 3.16 4.29 3.44 5 2.38 4.22 0.91 4.09 1.17 3.9 0.27 2.87 3.23 2.21 5 4.9 1.23 0.52 4.34 3.58 4.14 2.06 0 3.58 4.17 0.88 2.84 3.07 2.44 3.9 3.87 0.66 2.78 2.76 3.18 1.75 2.32 3.26 1.64 0.68 2.05 1.3 3.62 
1.26 0.17 1.43 1.76 3.4 1.7 3.31 1.14 1.48 1.69 2.34 1.62 3.34 1.47 3.66 2.33 2.55 1 3.35 2.96 0.45 3.03 1.64 1.54 4.14 3.9 0.82 3.06 2.08 1.59 3.58 0 2.38 3.27 1.22 2.28 1.17 0.68 1.79 3.43 2.14 1.91 1.76 2.76 3.22 1.19 2.3 3.17 2.03 3.22 1.6 
2.65 2.54 3.63 4.09 4.34 4.04 3.51 2.44 1.21 0.91 4.6 3.62 5.12 1.11 4.72 0.09 3.69 3.37 3.9 4.98 2.65 4.79 3.66 3.56 4.01 4.21 2.24 5.27 4.46 2.46 4.17 2.38 0 4.37 1.69 4.43 2.75 3.03 0.6 3.67 4.21 1.43 3.99 2.51 5 1.35 2.55 3.52 2.15 4.54 0.83 
2.06 3.2 2.44 3.95 0.29 2.95 1.47 2.25 3.23 4.31 2.66 4.51 1.5 4.19 0.39 4.28 0.74 3.37 0.93 2.01 2.86 1.34 4.5 4.42 2.1 1.39 4.08 2.73 3.44 1.98 0.88 3.27 4.37 0 2.82 2.29 2.11 3.44 3.97 1.42 2.03 2.96 2.49 2.22 1.45 3.25 1.89 1.29 2.24 0.42 3.7 
0.97 1.31 2.05 2.92 2.85 2.56 2.37 0.76 0.48 1.49 3.01 2.83 3.44 1.39 3.2 1.61 2.1 2.12 2.58 3.3 1.23 3.11 2.85 2.75 3.12 3.04 1.71 3.64 3.06 0.85 2.84 1.22 1.69 2.82 0 2.81 1.08 1.86 1.18 2.51 2.55 0.7 2.41 1.63 3.32 0.43 1.29 2.29 0.92 2.93 0.91 
1.91 2.12 0.85 1.91 2.56 0.89 3.32 2.07 3.27 3.91 0.37 2.73 1.38 3.71 2.56 4.36 1.97 1.69 2.99 0.76 1.87 1.2 2.7 2.65 4.16 3.57 2.99 0.84 1.21 2.31 3.07 2.28 4.43 2.29 2.81 0 1.75 1.96 3.86 3.36 0.32 3.38 0.54 3.47 1.29 3.09 2.9 3.12 2.96 1.97 3.61 
0.19 1.12 1.08 2.33 2.24 1.68 2.26 0.33 1.56 2.39 1.99 2.6 2.41 2.23 2.5 2.67 1.39 1.56 2.22 2.23 0.8 2.08 2.6 2.5 3.13 2.8 1.97 2.58 2.22 0.67 2.44 1.17 2.75 2.11 1.08 1.75 0 1.48 2.21 2.37 1.49 1.64 1.41 1.97 2.29 1.42 1.42 2.1 1.32 2.09 1.94 
1.63 0.56 1.19 1.09 3.62 1.21 3.73 1.59 2.15 2.27 1.93 1.12 3.21 2.05 3.82 2.98 2.78 0.36 3.69 2.71 0.73 2.93 1.12 1.02 4.6 4.27 1.08 2.65 1.48 2.06 3.9 0.68 3.03 3.44 1.86 1.96 1.48 0 2.44 3.85 1.92 2.56 1.43 3.32 3.09 1.87 2.81 3.58 2.59 3.31 2.27 
2.13 1.94 3.04 3.5 3.97 3.44 3.28 1.92 0.74 0.55 4.01 3.07 4.61 0.64 4.34 0.55 3.26 2.77 3.6 4.42 2.06 4.27 3.12 3.02 3.88 3.98 1.7 4.69 3.86 2.01 3.87 1.79 0.6 3.97 1.18 3.86 2.21 2.44 0 3.43 3.64 1.15 3.4 2.34 4.48 0.8 2.24 3.25 1.83 4.1 0.28 
2.22 3.43 3.17 4.63 1.18 3.78 0.16 2.3 2.76 3.9 3.72 4.96 2.89 3.85 1.55 3.58 1.39 3.91 0.49 3.29 3.14 2.67 4.96 4.86 0.81 0.55 4.13 3.97 4.33 1.85 0.66 3.43 3.67 1.42 2.51 3.36 2.37 3.85 3.43 0 3.05 2.29 3.36 1.17 2.82 2.9 1.23 0.27 1.63 1.82 3.2 
1.63 2 0.74 2.03 2.29 1 3.01 1.81 3.03 3.73 0.67 2.79 1.31 3.53 2.32 4.13 1.67 1.69 2.69 0.82 1.71 1.06 2.76 2.7 3.85 3.27 2.89 1.11 1.42 2.02 2.78 2.14 4.21 2.03 2.55 0.32 1.49 1.92 3.64 3.05 0 3.11 0.55 3.16 1.2 2.86 2.59 2.81 2.66 1.73 3.39 
1.48 2.01 2.69 3.62 2.92 3.23 2.14 1.32 0.56 1.64 3.62 3.5 3.83 1.63 3.3 1.34 2.3 2.82 2.49 3.8 1.93 3.5 3.52 3.42 2.75 2.84 2.28 4.21 3.74 1.15 2.76 1.91 1.43 2.96 0.7 3.38 1.64 2.56 1.15 2.29 3.11 0 3.04 1.2 3.71 0.82 1.13 2.12 0.73 3.15 0.93 
1.59 1.6 0.36 1.5 2.74 0.47 3.3 1.72 2.86 3.42 0.61 2.24 1.85 3.21 2.81 3.91 2.02 1.16 3.05 1.29 1.37 1.61 2.21 2.15 4.17 3.65 2.45 1.31 0.97 2.05 3.18 1.76 3.99 2.49 2.41 0.54 1.41 1.43 3.4 3.36 0.55 3.04 0 3.29 1.74 2.65 2.72 3.11 2.7 2.23 3.16 
1.78 2.81 3 4.27 2.08 3.62 1.02 1.75 1.73 2.83 3.79 4.37 3.46 2.82 2.49 2.43 1.77 3.48 1.5 3.65 2.6 3.17 4.39 4.28 1.55 1.71 3.33 4.22 4.17 1.3 1.75 2.76 2.51 2.22 1.63 3.47 1.97 3.32 2.34 1.17 3.16 1.2 3.29 0 3.36 1.94 0.58 1.07 0.74 2.54 2.13 
2.36 3.09 1.91 3.19 1.73 2.16 2.84 2.57 3.79 4.67 1.58 3.98 0.13 4.5 1.56 4.91 1.59 2.88 2.35 0.67 2.77 0.22 3.95 3.89 3.54 2.83 4.01 1.38 2.49 2.57 2.32 3.22 5 1.45 3.32 1.29 2.29 3.09 4.48 2.82 1.2 3.71 1.74 3.36 0 3.69 2.87 2.64 3.1 1.03 4.21 
1.34 1.32 2.29 2.95 3.28 2.74 2.75 1.13 0.3 1.06 3.26 2.72 3.82 0.97 3.63 1.28 2.52 2.17 2.99 3.63 1.35 3.48 2.75 2.64 3.46 3.44 1.47 3.92 3.2 1.27 3.26 1.19 1.35 3.25 0.43 3.09 1.42 1.87 0.8 2.9 2.86 0.82 2.65 1.94 3.69 0 1.67 2.69 1.28 3.35 0.53 
1.23 2.33 2.43 3.74 1.81 3.05 1.09 1.23 1.54 2.68 3.22 3.9 2.98 2.62 2.21 2.46 1.32 2.95 1.37 3.12 2.09 2.68 3.91 3.8 1.85 1.77 2.95 3.67 3.61 0.76 1.64 2.3 2.55 1.89 1.29 2.9 1.42 2.81 2.24 1.23 2.59 1.13 2.72 0.58 2.87 1.67 0 1.02 0.41 2.14 1.99 
1.96 3.17 2.91 4.37 1.09 3.52 0.21 2.04 2.56 3.7 3.47 4.69 2.72 3.64 1.48 3.43 1.16 3.64 0.44 3.08 2.88 2.48 4.69 4.59 1.07 0.76 3.89 3.75 4.07 1.59 0.68 3.17 3.52 1.29 2.29 3.12 2.1 3.58 3.25 0.27 2.81 2.12 3.11 1.07 2.64 2.69 1.02 0 1.43 1.68 3.01 
1.13 2.08 2.39 3.57 2.19 2.99 1.48 1.06 1.13 2.27 3.25 3.64 3.21 2.22 2.58 2.07 1.6 2.77 1.78 3.27 1.88 2.89 3.66 3.55 2.2 2.18 2.61 3.76 3.53 0.66 2.05 2.03 2.15 2.24 0.92 2.96 1.32 2.59 1.83 1.63 2.66 0.73 2.7 0.74 3.1 1.28 0.41 1.43 0 2.45 1.58 
2.08 3.13 2.23 3.71 0.71 2.69 1.86 2.28 3.37 4.4 2.32 4.35 1.09 4.26 0.6 4.45 0.86 3.2 1.34 1.62 2.79 0.94 4.33 4.25 2.51 1.8 4.04 2.34 3.14 2.1 1.3 3.22 4.54 0.42 2.93 1.97 2.09 3.31 4.1 1.82 1.73 3.15 2.23 2.54 1.03 3.35 2.14 1.68 2.45 0 3.83 
1.86 1.75 2.81 3.35 3.7 3.23 3.04 1.65 0.47 0.71 3.77 2.99 4.34 0.73 4.07 0.76 2.98 2.6 3.35 4.16 1.84 4 3.03 2.92 3.68 3.75 1.64 4.44 3.66 1.73 3.62 1.6 0.83 3.7 0.91 3.61 1.94 2.27 0.28 3.2 3.39 0.93 3.16 2.13 4.21 0.53 1.99 3.01 1.58 3.83 0 
