Number_Of_Customers: 10
Vehicle_Capacity:    50
Alpha:               0.75
Number_Of_Scenarios: 3

Location_Coordinates:
0 0 0
1 -0.713364 0.487236
2 -1.02513 0.591986
3 -0.497925 1.3745
4 1.30395 0.461439
5 0.412754 2.16186
6 -0.672783 -2.46699
7 2.32885 0.946114
8 1.34633 -2.27165
9 0.35876 -0.312624
10 0.723385 -2.06424

Demand_per_scenario:
1 4 5 6
2 4 5 7
3 4 6 7
4 2 3 4
5 4 5 6
6 3 3 4
7 5 7 9
8 3 3 4
9 4 5 7
10 3 4 5

Probability_of_each_scenario_occuring:
0.333333 0.333333 0.333333 

Travel_Costs:
0 0.87 1.19 1.47 1.39 2.21 2.56 2.52 2.65 0.48 2.19 
0.87 0 0.33 0.92 2.02 2.02 2.96 3.08 3.45 1.34 2.93 
1.19 0.33 0 0.95 2.34 2.13 3.08 3.38 3.72 1.66 3.19 
1.47 0.92 0.95 0 2.03 1.21 3.85 2.86 4.09 1.9 3.65 
1.39 2.02 2.34 2.03 0 1.92 3.54 1.14 2.74 1.23 2.6 
2.21 2.02 2.13 1.21 1.92 0 4.76 2.27 4.54 2.48 4.24 
2.56 2.96 3.08 3.85 3.54 4.76 0 4.55 2.03 2.39 1.46 
2.52 3.08 3.38 2.86 1.14 2.27 4.55 0 3.37 2.34 3.42 
2.65 3.45 3.72 4.09 2.74 4.54 2.03 3.37 0 2.2 0.66 
0.48 1.34 1.66 1.9 1.23 2.48 2.39 2.34 2.2 0 1.79 
2.19 2.93 3.19 3.65 2.6 4.24 1.46 3.42 0.66 1.79 0 
