Number_Of_Customers: 25
Vehicle_Capacity:    50
Alpha:               0
Number_Of_Scenarios: 3

Location_Coordinates:
0 0 0
1 1.16974 -0.220664
2 1.30351 -1.91804
3 -1.56769 1.90356
4 -1.88217 1.30486
5 0.712059 -2.42251
6 -0.195208 -0.852715
7 -1.57282 0.578511
8 -1.97384 0.710912
9 -1.70931 1.62965
10 -0.494386 0.854324
11 -1.3715 -0.760277
12 2.01661 -1.79135
13 -2.27863 -1.9121
14 -1.73781 -2.31676
15 2.25351 -0.245384
16 0.830249 -1.00457
17 1.17049 2.35248
18 -1.92446 0.588115
19 -0.54425 -2.20187
20 -1.75975 -1.04875
21 -1.33164 -0.953574
22 -1.71095 -0.930206
23 1.02307 -0.283307
24 -1.53255 2.36223
25 1.94829 -0.173337

Demand_per_scenario:
1 4 5 6
2 4 5 5
3 3 4 5
4 4 5 6
5 5 7 8
6 3 3 4
7 3 4 5
8 6 7 8
9 3 4 5
10 5 7 8
11 5 6 7
12 4 5 6
13 3 3 4
14 5 6 7
15 3 4 5
16 3 4 5
17 4 5 6
18 4 5 5
19 4 5 6
20 3 4 5
21 4 5 6
22 5 6 7
23 4 6 6
24 2 3 3
25 5 6 7

Probability_of_each_scenario_occuring:
0.333333 0.333333 0.333333 

Travel_Costs:
0 1.2 2.32 2.47 2.3 2.53 0.88 1.68 2.1 2.37 0.99 1.57 2.7 2.98 2.9 2.27 1.31 2.63 2.02 2.27 2.05 1.64 1.95 1.07 2.82 1.96 
1.2 0 1.71 3.47 3.42 2.25 1.51 2.86 3.28 3.43 1.99 2.6 1.79 3.85 3.59 1.09 0.86 2.58 3.2 2.62 3.05 2.61 2.97 0.16 3.74 0.78 
2.32 1.71 0 4.79 4.54 0.78 1.84 3.81 4.21 4.66 3.31 2.92 0.73 3.59 3.07 1.93 1.03 4.28 4.09 1.87 3.19 2.81 3.18 1.66 5.14 1.87 
2.47 3.47 4.79 0 0.68 4.9 3.08 1.33 1.26 0.31 1.51 2.68 5.15 3.89 4.23 4.39 3.77 2.78 1.37 4.24 2.96 2.87 2.84 3.4 0.47 4.09 
2.3 3.42 4.54 0.68 0 4.55 2.74 0.79 0.61 0.37 1.46 2.13 4.98 3.25 3.63 4.42 3.57 3.23 0.72 3.76 2.36 2.33 2.25 3.32 1.12 4.11 
2.53 2.25 0.78 4.9 4.55 0 1.82 3.78 4.13 4.73 3.5 2.67 1.45 3.04 2.46 2.67 1.43 4.8 4.01 1.28 2.83 2.52 2.85 2.17 5.29 2.57 
0.88 1.51 1.84 3.08 2.74 1.82 0 1.99 2.37 2.91 1.74 1.18 2.41 2.34 2.13 2.53 1.04 3.49 2.26 1.4 1.58 1.15 1.52 1.35 3.49 2.25 
1.68 2.86 3.81 1.33 0.79 3.78 1.99 0 0.43 1.06 1.12 1.36 4.31 2.59 2.9 3.92 2.88 3.27 0.36 2.97 1.64 1.56 1.52 2.74 1.79 3.61 
2.1 3.28 4.21 1.26 0.61 4.13 2.37 0.43 0 0.96 1.49 1.59 4.72 2.65 3.04 4.34 3.29 3.55 0.14 3.25 1.78 1.79 1.67 3.16 1.71 4.03 
2.37 3.43 4.66 0.31 0.37 4.73 2.91 1.06 0.96 0 1.45 2.42 5.06 3.59 3.95 4.39 3.66 2.97 1.07 4.01 2.68 2.62 2.56 3.34 0.76 4.08 
0.99 1.99 3.31 1.51 1.46 3.5 1.74 1.12 1.49 1.45 0 1.84 3.65 3.3 3.41 2.96 2.29 2.24 1.46 3.06 2.29 2 2.16 1.9 1.84 2.66 
1.57 2.6 2.92 2.68 2.13 2.67 1.18 1.36 1.59 2.42 1.84 0 3.55 1.47 1.6 3.67 2.22 4.02 1.46 1.67 0.49 0.2 0.38 2.45 3.13 3.38 
2.7 1.79 0.73 5.15 4.98 1.45 2.41 4.31 4.72 5.06 3.65 3.55 0 4.3 3.8 1.57 1.43 4.23 4.61 2.6 3.85 3.46 3.83 1.81 5.47 1.62 
2.98 3.85 3.59 3.89 3.25 3.04 2.34 2.59 2.65 3.59 3.3 1.47 4.3 0 0.68 4.83 3.24 5.49 2.53 1.76 1.01 1.35 1.14 3.69 4.34 4.58 
2.9 3.59 3.07 4.23 3.63 2.46 2.13 2.9 3.04 3.95 3.41 1.6 3.8 0.68 0 4.5 2.89 5.51 2.92 1.2 1.27 1.43 1.39 3.43 4.69 4.27 
2.27 1.09 1.93 4.39 4.42 2.67 2.53 3.92 4.34 4.39 2.96 3.67 1.57 4.83 4.5 0 1.62 2.82 4.27 3.42 4.1 3.66 4.03 1.24 4.6 0.32 
1.31 0.86 1.03 3.77 3.57 1.43 1.04 2.88 3.29 3.66 2.29 2.22 1.43 3.24 2.89 1.62 0 3.38 3.19 1.83 2.6 2.17 2.55 0.75 4.12 1.4 
2.63 2.58 4.28 2.78 3.23 4.8 3.49 3.27 3.55 2.97 2.24 4.02 4.23 5.49 5.51 2.82 3.38 0 3.57 4.87 4.49 4.15 4.37 2.64 2.71 2.65 
2.02 3.2 4.09 1.37 0.72 4.01 2.26 0.36 0.14 1.07 1.46 1.46 4.61 2.53 2.92 4.27 3.19 3.57 0 3.12 1.65 1.66 1.54 3.08 1.82 3.95 
2.27 2.62 1.87 4.24 3.76 1.28 1.4 2.97 3.25 4.01 3.06 1.67 2.6 1.76 1.2 3.42 1.83 4.87 3.12 0 1.68 1.48 1.73 2.48 4.67 3.22 
2.05 3.05 3.19 2.96 2.36 2.83 1.58 1.64 1.78 2.68 2.29 0.49 3.85 1.01 1.27 4.1 2.6 4.49 1.65 1.68 0 0.44 0.13 2.89 3.42 3.81 
1.64 2.61 2.81 2.87 2.33 2.52 1.15 1.56 1.79 2.62 2 0.2 3.46 1.35 1.43 3.66 2.17 4.15 1.66 1.48 0.44 0 0.39 2.45 3.33 3.38 
1.95 2.97 3.18 2.84 2.25 2.85 1.52 1.52 1.67 2.56 2.16 0.38 3.83 1.14 1.39 4.03 2.55 4.37 1.54 1.73 0.13 0.39 0 2.81 3.3 3.74 
1.07 0.16 1.66 3.4 3.32 2.17 1.35 2.74 3.16 3.34 1.9 2.45 1.81 3.69 3.43 1.24 0.75 2.64 3.08 2.48 2.89 2.45 2.81 0 3.68 0.94 
2.82 3.74 5.14 0.47 1.12 5.29 3.49 1.79 1.71 0.76 1.84 3.13 5.47 4.34 4.69 4.6 4.12 2.71 1.82 4.67 3.42 3.33 3.3 3.68 0 4.31 
1.96 0.78 1.87 4.09 4.11 2.57 2.25 3.61 4.03 4.08 2.66 3.38 1.62 4.58 4.27 0.32 1.4 2.65 3.95 3.22 3.81 3.38 3.74 0.94 4.31 0 
