Number_Of_Customers: 70
Vehicle_Capacity:    50
Alpha:               0.75
Number_Of_Scenarios: 50

Location_Coordinates:
0 0 0
1 -1.66562 0.879734
2 0.683224 -2.05486
3 -0.965775 -1.77505
4 1.72158 -0.391436
5 1.14158 1.47062
6 1.63941 -1.50194
7 1.96334 -2.1251
8 -1.57323 -1.19725
9 -2.1293 -2.15283
10 2.35248 -1.93381
11 -1.59954 1.50739
12 -0.288774 1.58341
13 2.29502 2.45004
14 -2.19691 1.52985
15 2.11178 -2.26191
16 -0.985871 0.463857
17 1.04855 -1.93837
18 1.83493 -0.30477
19 -2.26791 -1.8302
20 -0.243925 0.351007
21 -0.618229 -0.572572
22 1.78756 -1.55676
23 0.520004 -0.292411
24 0.448231 -1.5871
25 0.590058 2.10983
26 -0.115329 1.66013
27 1.77643 1.40452
28 0.743931 -1.75305
29 1.51095 -0.393413
30 -2.09318 -0.0621121
31 1.08265 1.12635
32 0.561998 0.500565
33 -2.00643 -2.00608
34 -1.10965 0.117626
35 1.94539 1.24804
36 0.748539 0.694314
37 -0.656606 -0.584594
38 -0.275955 2.02531
39 -0.591997 0.2998
40 -1.25361 0.54732
41 -1.18953 -2.41537
42 -0.113659 -0.261676
43 2.00668 1.28264
44 2.30322 0.298581
45 -1.75381 -1.2465
46 0.119646 0.895324
47 -2.29616 -1.48036
48 -0.484916 0.0148914
49 0.280186 -0.905724
50 2.49197 2.49392
51 0.266173 -1.42669
52 1.63355 0.0757183
53 -2.40283 0.578385
54 0.90999 -0.791624
55 0.167622 2.22048
56 -0.42771 1.47993
57 -1.76528 1.00893
58 2.06144 1.59651
59 -2.40536 -1.90495
60 -1.45774 -0.269723
61 1.76201 -0.88066
62 -1.25171 2.48286
63 -0.587322 -1.12013
64 -0.957094 -0.88558
65 1.06129 2.07432
66 -1.82527 -2.32092
67 2.28154 0.89821
68 1.22295 -0.855038
69 -0.626287 -1.01126
70 -1.19751 -1.56763

Demand_per_scenario:
1 4 3 4 6 3 4 4 2 4 4 4 4 3 5 5 2 3 4 5 3 5 5 3 4 4 5 3 5 3 5 4 5 5 4 4 4 2 4 3 4 3 5 4 5 4 5 5 5 2 6
2 7 6 4 4 4 5 5 5 5 6 5 5 6 4 5 4 4 4 5 5 5 6 3 5 2 4 5 5 4 3 5 4 5 5 6 5 6 6 3 3 5 6 4 5 4 3 4 4 4 4
3 6 5 4 6 5 6 6 5 5 5 5 6 2 5 5 5 6 6 6 7 6 6 5 5 4 5 5 7 3 6 7 7 6 5 4 4 6 5 6 5 7 4 5 5 4 7 5 5 7 7
4 6 6 7 6 5 8 6 6 7 6 6 5 5 5 7 5 6 7 6 7 5 7 5 5 6 6 5 7 6 5 6 7 7 4 6 5 7 5 7 6 6 6 7 7 7 7 7 7 5 6
5 5 5 5 4 6 6 5 4 7 5 4 6 6 6 5 5 5 5 6 6 5 6 4 5 5 4 4 5 4 5 6 5 5 5 3 2 6 6 4 5 6 3 4 4 5 4 5 6 6 5
6 9 9 7 9 7 6 7 6 6 8 10 7 8 9 6 7 7 8 7 8 8 9 7 8 9 7 5 8 8 7 7 8 8 8 9 9 6 8 5 8 9 7 8 9 8 9 7 8 8 8
7 5 4 3 1 4 3 4 5 2 4 3 4 4 4 2 3 3 2 3 2 4 4 4 3 4 3 3 4 3 3 3 4 2 2 4 3 4 5 1 4 4 1 4 3 4 4 3 2 2 5
8 6 5 6 6 7 6 5 8 4 6 7 5 5 5 3 5 4 5 6 6 4 5 5 5 6 6 6 5 4 4 5 6 4 4 5 5 6 6 5 6 3 4 4 6 5 5 5 4 6 6
9 6 6 7 4 6 6 5 6 7 4 6 7 4 6 4 5 7 6 4 4 6 5 4 3 6 4 6 7 6 5 5 7 6 7 7 4 7 5 6 5 5 6 6 5 4 5 6 4 5 7
10 6 4 5 3 3 4 3 6 4 3 4 4 5 3 1 3 5 5 3 5 5 4 4 4 2 4 4 5 4 3 4 5 4 5 4 4 4 4 3 4 3 5 6 4 5 3 4 3 4 3
11 7 8 5 7 6 8 5 7 6 8 6 6 7 6 7 6 7 5 6 6 6 6 7 7 7 7 6 8 6 5 6 6 5 5 7 6 4 5 7 7 7 6 8 6 6 6 6 8 6 8
12 8 7 6 6 6 6 6 6 8 7 6 7 5 6 7 6 6 5 6 7 7 6 7 7 6 6 5 6 6 7 6 5 7 7 9 5 5 6 6 8 5 5 5 6 8 6 7 6 7 7
13 4 4 5 5 4 3 4 5 3 3 4 4 5 5 4 4 3 1 3 3 4 4 3 1 3 4 4 3 3 3 4 2 2 3 5 3 2 5 2 3 3 3 2 4 5 5 4 5 2 4
14 6 4 3 4 5 5 5 4 5 5 5 5 4 5 3 5 5 5 6 3 4 3 2 5 5 3 3 4 5 4 5 5 5 4 3 5 5 2 6 5 5 2 5 3 4 5 2 5 6 4
15 5 4 6 6 6 5 5 9 4 6 6 4 6 4 4 6 5 7 6 4 5 4 7 5 4 5 6 3 4 4 5 6 7 4 7 4 5 6 4 4 5 6 4 5 2 2 4 5 4 6
16 4 7 6 5 6 4 6 3 4 4 5 4 3 4 5 5 7 5 4 2 5 4 4 4 6 2 3 4 5 5 5 3 5 3 3 5 5 5 4 4 3 5 3 5 3 5 5 4 5 5
17 5 4 5 5 5 5 7 5 4 4 5 6 6 6 5 6 6 6 3 5 5 7 4 3 5 4 7 6 5 6 6 4 5 6 5 5 9 5 5 6 4 5 4 7 4 5 6 5 3 5
18 6 4 6 7 6 7 7 7 5 4 6 6 7 7 6 6 6 7 8 6 5 5 5 8 7 5 7 6 5 7 6 5 7 7 6 7 6 7 7 5 6 6 6 6 6 6 7 5 7 6
19 6 6 8 7 6 5 8 6 3 5 6 6 6 6 5 6 6 6 5 5 7 6 7 6 9 8 6 5 6 4 3 7 4 7 7 7 6 6 7 7 6 5 6 7 6 6 7 5 7 4
20 4 6 4 3 5 3 4 5 4 4 5 6 5 3 6 4 4 3 5 5 4 5 4 6 6 3 2 4 4 4 6 5 5 4 2 6 6 3 5 4 3 5 4 3 4 2 6 3 5 4
21 2 3 4 4 4 3 4 5 4 6 4 3 4 6 1 4 3 4 4 3 3 2 4 5 4 2 3 2 4 2 4 3 5 6 3 4 4 6 6 2 2 3 4 2 3 4 4 4 5 4
22 7 6 7 6 7 6 5 7 7 6 6 7 8 8 6 8 8 8 7 7 6 7 6 6 6 7 8 5 8 7 6 8 7 6 6 7 7 6 6 6 8 7 8 7 8 7 8 6 6 8
23 4 5 5 3 5 3 3 3 3 5 4 4 5 4 6 5 4 7 2 6 6 4 4 5 4 2 4 5 5 6 5 5 6 7 5 4 7 5 3 4 4 4 5 5 5 5 4 5 5 5
24 1 4 4 3 5 4 4 5 2 5 6 1 5 3 3 5 4 4 4 5 4 4 5 5 3 3 5 3 2 3 4 3 4 5 3 3 6 4 6 4 5 3 3 5 5 4 5 6 4 4
25 5 5 3 6 4 3 6 5 5 3 3 6 5 5 6 5 5 4 7 5 4 4 3 5 5 5 5 4 5 5 5 5 4 4 5 4 7 5 5 5 4 2 5 4 2 6 5 6 5 3
26 6 5 7 5 6 8 3 6 4 6 4 6 4 5 5 7 6 5 5 8 4 4 5 6 5 5 7 5 6 6 5 6 5 7 4 4 6 5 7 5 6 6 5 5 5 5 5 5 6 6
27 6 4 6 6 6 6 6 5 6 6 6 6 6 6 6 7 7 6 4 7 5 6 5 7 5 8 8 6 6 7 5 6 7 5 5 5 5 6 6 8 5 4 5 5 7 6 6 6 6 4
28 6 6 6 7 7 5 6 7 7 8 7 7 8 8 5 7 6 8 6 8 6 6 6 6 8 7 6 8 4 8 5 6 6 8 5 5 7 7 8 6 8 7 8 7 6 7 5 6 7 7
29 5 6 4 5 4 5 8 7 6 5 5 7 6 5 6 4 5 6 5 5 7 6 6 5 5 6 5 4 5 6 6 5 5 5 7 5 5 8 6 6 5 5 6 6 4 5 5 6 6 6
30 8 8 9 8 7 6 7 8 8 9 6 7 6 6 7 9 8 7 7 9 7 7 6 5 8 6 9 8 6 7 8 7 7 7 8 8 6 6 8 8 8 6 9 10 9 7 7 6 7 8
31 6 5 8 4 5 6 4 6 4 5 5 5 6 6 5 4 3 5 6 5 5 6 5 6 5 3 7 7 5 4 4 5 5 6 3 4 5 5 5 4 4 5 5 5 4 6 6 4 4 7
32 5 5 6 5 3 5 5 5 4 5 4 5 6 4 5 5 5 6 4 5 4 4 6 4 3 6 3 5 6 6 5 4 4 5 5 5 5 4 5 6 4 7 5 8 5 5 4 4 5 5
33 5 7 8 7 5 5 5 7 7 5 6 6 6 5 5 6 7 5 7 7 6 5 5 6 4 8 8 3 6 5 7 5 5 6 7 6 7 6 7 5 8 5 6 6 7 6 5 6 7 6
34 6 8 6 7 6 7 6 6 8 7 8 6 6 7 6 8 6 7 7 6 7 10 7 7 9 6 7 5 6 8 6 6 6 7 7 7 8 7 7 8 6 7 7 8 6 6 7 6 7 7
35 6 7 6 8 7 6 7 6 5 7 6 9 7 7 8 7 9 8 7 6 7 6 6 6 6 6 6 5 9 7 9 6 6 6 6 7 6 8 6 7 7 7 7 6 8 7 7 9 7 6
36 2 2 2 1 3 2 4 1 4 3 3 4 3 3 2 1 3 1 4 4 2 2 1 3 3 3 3 1 2 3 1 5 2 2 2 1 3 2 2 2 3 2 2 3 3 3 3 2 2 3
37 3 7 4 7 5 6 5 5 5 6 8 5 7 7 5 5 6 6 5 6 7 6 6 6 4 6 5 5 7 6 4 6 4 6 5 6 6 5 7 7 6 6 6 7 5 6 5 6 5 6
38 6 4 6 6 7 7 7 6 5 6 5 7 7 5 6 6 6 7 6 5 7 7 7 5 4 5 5 7 8 6 5 6 7 5 6 7 6 8 6 8 6 8 6 6 7 7 6 5 6 7
39 4 2 1 1 1 1 3 1 1 1 1 1 1 3 1 2 1 1 1 1 1 1 1 1 3 2 1 2 1 1 1 1 2 1 1 1 1 1 1 1 1 2 2 1 1 1 2 1 1 1
40 6 3 6 6 3 5 5 5 5 6 5 6 5 4 4 5 7 5 5 5 6 4 6 6 5 6 5 6 5 5 5 6 6 6 6 5 5 5 5 5 3 4 6 3 4 6 5 4 6 7
41 7 8 10 7 8 8 8 9 7 6 8 8 7 8 7 8 7 6 8 7 8 9 8 7 8 8 7 9 7 6 6 5 7 8 7 9 7 7 8 8 9 6 8 8 8 8 7 6 7 8
42 3 5 4 4 6 5 5 4 1 4 4 4 5 5 7 5 4 6 6 6 5 5 6 3 4 4 5 3 5 5 4 6 5 6 4 5 4 4 6 5 4 3 5 6 5 5 5 3 6 6
43 6 9 7 9 7 10 7 9 10 8 6 6 9 7 9 8 5 7 9 9 8 10 6 9 8 8 9 7 9 7 8 8 8 9 8 9 8 8 6 8 8 9 8 8 7 9 7 9 8 9
44 7 9 6 6 7 7 6 8 7 8 9 5 8 9 7 7 7 8 8 9 6 7 7 8 7 5 8 7 6 7 7 6 7 7 7 6 8 7 5 8 8 7 7 7 7 7 7 8 7 5
45 6 7 5 6 7 7 7 8 6 7 8 7 7 7 6 6 5 8 7 6 6 8 6 6 7 7 5 5 6 6 6 7 7 7 5 7 5 7 6 7 7 6 7 8 6 6 6 7 7 7
46 8 8 7 8 8 8 9 8 7 7 6 7 7 7 9 6 6 9 7 7 8 6 8 7 8 8 7 8 9 8 7 6 6 9 8 7 9 8 8 8 6 9 6 8 8 7 8 7 8 8
47 1 2 3 1 4 3 3 3 4 2 3 3 3 3 3 5 1 3 3 4 4 4 4 3 3 3 3 4 1 2 2 1 4 5 3 3 4 3 3 4 3 4 3 2 2 4 4 3 2 3
48 7 5 7 5 5 7 6 7 6 6 6 6 6 7 7 7 7 5 7 5 8 6 5 6 5 6 7 6 6 7 6 5 5 8 7 6 7 5 6 5 8 7 7 7 5 6 6 6 6 5
49 10 11 10 10 10 9 10 9 10 10 10 10 8 9 11 9 10 8 9 10 11 9 8 9 10 9 11 11 10 10 9 10 10 9 9 8 8 10 9 9 9 8 11 9 10 8 9 9 9 8
50 7 8 7 7 7 9 8 9 8 7 7 7 7 8 8 8 8 7 7 8 9 6 8 8 5 6 7 7 8 7 8 6 7 6 8 7 7 7 6 6 8 9 7 9 7 8 8 7 8 7
51 1 1 2 2 1 1 3 3 2 1 1 2 2 2 2 2 1 2 4 2 2 2 2 2 1 1 2 2 3 1 3 1 4 3 2 1 2 2 2 2 2 2 1 3 3 2 1 1 2 3
52 6 7 6 8 4 6 7 7 7 7 6 7 7 8 5 6 6 5 6 6 7 6 5 5 6 6 6 5 6 7 5 6 6 6 5 4 6 8 6 5 6 5 7 7 6 6 6 7 6 6
53 2 4 6 5 4 4 3 4 2 3 3 4 4 4 5 3 4 2 4 4 3 4 2 4 4 5 5 6 1 3 2 3 6 3 5 3 4 3 3 3 6 3 4 4 5 3 5 5 4 4
54 5 6 4 4 6 6 4 5 7 6 6 4 5 5 6 4 5 5 5 5 5 6 5 5 6 7 6 4 4 5 5 4 7 5 3 5 6 6 5 5 6 6 7 5 5 6 5 5 6 3
55 2 3 3 2 5 3 5 3 3 5 4 5 4 3 3 6 6 3 4 3 3 3 3 4 4 4 4 3 3 3 4 3 3 3 2 3 6 4 5 5 4 3 3 2 5 2 4 4 3 4
56 5 9 6 7 6 7 6 8 9 8 7 8 5 6 7 8 7 7 7 7 6 7 6 8 8 7 7 8 8 7 7 7 8 7 7 9 6 7 9 7 6 8 5 6 7 9 9 6 6 7
57 7 7 10 9 8 7 8 6 8 8 6 7 8 6 7 6 7 8 7 7 8 7 6 7 9 7 6 6 7 8 7 9 7 10 7 8 7 7 7 7 8 8 6 8 7 6 8 7 9 8
58 5 6 6 4 5 6 4 5 5 5 3 8 7 6 6 7 4 6 4 3 6 6 6 5 6 5 5 7 7 5 6 5 5 5 5 5 5 5 6 6 4 5 5 4 3 6 6 5 8 5
59 5 5 5 5 6 6 5 5 5 5 6 4 6 2 4 5 4 6 6 4 4 5 6 4 4 5 3 4 6 4 5 5 4 6 5 5 4 5 5 4 6 6 6 5 5 3 4 6 5 6
60 7 5 6 5 6 7 7 6 6 7 7 7 8 6 6 5 8 5 6 7 6 8 7 6 4 8 7 8 7 7 7 5 7 5 3 6 6 6 7 7 5 7 6 9 7 5 7 4 7 8
61 8 9 9 8 8 8 8 9 6 6 9 9 8 8 7 7 8 8 6 7 7 8 9 5 6 8 7 7 9 9 9 9 7 6 8 9 7 6 9 8 10 8 7 9 7 6 8 6 7 8
62 6 7 6 6 7 7 8 7 9 7 6 7 6 6 7 6 8 7 5 6 6 8 7 6 8 5 7 7 6 7 5 6 7 7 6 6 7 7 8 6 6 6 5 6 7 7 8 5 7 6
63 7 6 5 7 8 5 6 7 6 6 6 7 6 7 7 4 7 7 6 8 6 7 5 7 7 5 5 6 5 6 7 5 6 6 7 7 7 6 7 5 6 5 6 8 6 6 6 6 7 5
64 3 4 4 2 4 3 3 3 4 5 4 4 3 4 5 2 4 3 4 3 2 4 2 2 4 5 2 3 3 4 4 6 6 3 3 3 3 4 4 3 4 4 3 3 3 4 2 4 5 3
65 5 5 6 3 5 5 4 4 4 4 3 5 5 4 5 4 3 3 5 5 3 4 5 4 3 4 5 3 5 4 3 5 5 4 6 4 3 4 4 4 6 4 5 6 5 7 4 2 3 4
66 6 7 6 6 5 6 5 5 7 6 5 5 6 6 7 3 6 5 4 5 4 6 6 8 6 6 5 7 5 5 6 5 6 3 5 5 6 4 6 6 7 6 4 7 6 7 6 7 5 5
67 8 7 7 8 7 8 7 7 7 7 7 7 7 8 9 8 9 6 8 9 7 8 5 8 8 7 6 8 7 6 8 8 9 7 6 7 8 8 7 8 6 7 8 6 8 9 6 7 7 5
68 2 5 4 5 4 7 5 5 2 4 5 6 5 4 3 4 6 3 4 4 4 4 5 4 7 5 5 3 6 2 6 4 4 5 3 5 5 5 6 6 3 4 3 3 3 7 4 4 5 6
69 6 7 7 8 7 6 7 6 6 8 8 7 6 9 7 5 8 7 9 7 7 7 6 6 9 8 9 6 6 8 8 7 8 8 7 8 8 8 8 7 7 9 6 5 8 6 7 6 6 8
70 6 5 3 5 4 5 5 7 6 5 3 4 3 4 4 3 5 6 5 5 5 3 3 4 7 5 5 7 5 6 6 4 4 6 4 3 5 5 3 6 4 6 3 5 6 4 4 3 3 5

Probability_of_each_scenario_occuring:
0.02 0.02 0.02 0.02 0.02 0.02 0.02 0.02 0.02 0.02 0.02 0.02 0.02 0.02 0.02 0.02 0.02 0.02 0.02 0.02 0.02 0.02 0.02 0.02 0.02 0.02 0.02 0.02 0.02 0.02 0.02 0.02 0.02 0.02 0.02 0.02 0.02 0.02 0.02 0.02 0.02 0.02 0.02 0.02 0.02 0.02 0.02 0.02 0.02 0.02 

Travel_Costs:
0 1.89 2.17 2.03 1.77 1.87 2.23 2.9 1.98 3.03 3.05 2.2 1.61 3.36 2.68 3.1 1.09 2.21 1.87 2.92 0.43 0.85 2.38 0.6 1.65 2.2 1.67 2.27 1.91 1.57 2.1 1.57 0.76 2.84 1.12 2.32 1.03 0.88 2.05 0.67 1.37 2.7 0.29 2.39 2.33 2.16 0.91 2.74 0.49 0.95 3.53 1.46 1.64 2.48 1.21 2.23 1.55 2.04 2.61 3.07 1.49 1.97 2.79 1.27 1.31 2.34 2.96 2.46 1.5 1.19 1.98 
1.89 0 3.76 2.75 3.62 2.87 4.08 4.72 2.08 3.07 4.91 0.64 1.55 4.27 0.84 4.92 0.8 3.92 3.7 2.78 1.52 1.8 4.23 2.49 3.25 2.57 1.74 3.49 3.57 3.43 1.04 2.76 2.26 2.91 0.95 3.63 2.43 1.78 1.81 1.23 0.53 3.33 1.93 3.7 4.02 2.13 1.79 2.45 1.47 2.65 4.46 3.01 3.4 0.8 3.08 2.28 1.38 0.17 3.8 2.89 1.17 3.86 1.66 2.28 1.91 2.98 3.21 3.95 3.37 2.16 2.5 
2.17 3.76 0 1.68 1.97 3.56 1.11 1.29 2.42 2.82 1.68 4.24 3.77 4.79 4.6 1.45 3.03 0.39 2.1 2.96 2.58 1.98 1.22 1.77 0.53 4.17 3.8 3.63 0.31 1.86 3.42 3.21 2.56 2.7 2.82 3.54 2.75 1.99 4.2 2.68 3.25 1.91 1.97 3.6 2.86 2.57 3.01 3.04 2.38 1.22 4.9 0.76 2.34 4.06 1.29 4.31 3.71 3.93 3.91 3.1 2.79 1.6 4.94 1.58 2.02 4.15 2.53 3.36 1.32 1.68 1.95 
2.03 2.75 1.68 0 3.03 3.87 2.62 2.95 0.84 1.23 3.33 3.35 3.43 5.34 3.53 3.12 2.24 2.03 3.17 1.31 2.25 1.26 2.77 2.1 1.43 4.19 3.54 4.2 1.71 2.84 2.06 3.56 2.75 1.07 1.9 4.2 3.01 1.23 3.87 2.11 2.35 0.68 1.74 4.27 3.88 0.95 2.89 1.37 1.86 1.52 5.5 1.29 3.2 2.76 2.12 4.16 3.3 2.9 4.54 1.45 1.59 2.88 4.27 0.76 0.89 4.36 1.02 4.21 2.38 0.84 0.32 
1.77 3.62 1.97 3.03 0 1.96 1.12 1.76 3.4 4.24 1.67 3.83 2.82 2.9 4.37 1.92 2.84 1.69 0.15 4.25 2.11 2.35 1.17 1.21 1.75 2.75 2.76 1.8 1.68 0.22 3.83 1.65 1.47 4.07 2.88 1.66 1.46 2.39 3.14 2.42 3.12 3.55 1.84 1.7 0.91 3.58 2.06 4.17 2.25 1.54 2.99 1.79 0.48 4.24 0.91 3.04 2.85 3.76 2.02 4.4 3.19 0.5 4.14 2.43 2.73 2.56 4.04 1.41 0.69 2.43 3.15 
1.87 2.87 3.56 3.87 1.96 0 3.02 3.69 3.81 4.89 3.62 2.75 1.44 1.52 3.34 3.86 2.36 3.42 1.91 4.75 1.79 2.7 3.1 1.87 3.14 0.85 1.28 0.64 3.25 1.91 3.58 0.35 1.14 4.7 2.63 0.84 0.88 2.74 1.53 2.1 2.57 4.54 2.14 0.89 1.66 3.98 1.18 4.54 2.19 2.53 1.7 3.03 1.48 3.66 2.28 1.23 1.57 2.95 0.93 4.9 3.13 2.44 2.6 3.12 3.16 0.61 4.82 1.28 2.33 3.05 3.84 
2.23 4.08 1.11 2.62 1.12 3.02 0 0.71 3.23 3.83 0.84 4.43 3.64 4.01 4.89 0.9 3.28 0.74 1.22 3.93 2.65 2.45 0.16 1.65 1.2 3.77 3.62 2.91 0.94 1.12 4.01 2.69 2.28 3.69 3.2 2.77 2.38 2.48 4.02 2.87 3.55 2.98 2.15 2.81 1.92 3.41 2.84 3.94 2.62 1.49 4.09 1.38 1.58 4.55 1.02 4.01 3.63 4.24 3.13 4.07 3.34 0.64 4.93 2.26 2.67 3.63 3.57 2.49 0.77 2.32 2.84 
2.9 4.72 1.29 2.95 1.76 3.69 0.71 0 3.66 4.1 0.44 5.09 4.34 4.59 5.54 0.21 3.93 0.94 1.83 4.25 3.32 3.02 0.6 2.34 1.61 4.46 4.32 3.54 1.28 1.79 4.56 3.37 2.98 3.98 3.81 3.38 3.07 3.04 4.72 3.53 4.19 3.17 2.8 3.41 2.45 3.82 3.54 4.31 3.26 2.08 4.65 1.84 2.23 5.14 1.7 4.71 4.33 4.88 3.73 4.38 3.9 1.27 5.62 2.75 3.18 4.3 3.8 3.05 1.48 2.82 3.21 
1.98 2.08 2.42 0.84 3.4 3.81 3.23 3.66 0 1.11 4 2.71 3.07 5.32 2.8 3.84 1.77 2.73 3.53 0.94 2.05 1.15 3.38 2.29 2.06 3.96 3.21 4.25 2.39 3.19 1.25 3.53 2.73 0.92 1.4 4.29 3 1.11 3.48 1.79 1.78 1.28 1.74 4.36 4.16 0.19 2.7 0.78 1.63 1.88 5.5 1.86 3.46 1.96 2.52 3.84 2.92 2.22 4.59 1.1 0.94 3.36 3.7 0.99 0.7 4.21 1.16 4.39 2.82 0.97 0.53 
3.03 3.07 2.82 1.23 4.24 4.89 3.83 4.1 1.11 0 4.49 3.7 4.17 6.39 3.69 4.25 2.86 3.19 4.38 0.36 3.14 2.19 3.97 3.24 2.64 5.06 4.32 5.29 2.91 4.05 2.1 4.6 3.78 0.2 2.49 5.31 4.05 2.16 4.58 2.9 2.84 0.98 2.77 5.38 5.07 0.99 3.79 0.7 2.73 2.72 6.56 2.51 4.38 2.75 3.34 4.94 4.02 3.19 5.63 0.38 2 4.1 4.72 1.86 1.73 5.3 0.35 5.37 3.6 1.89 1.11 
3.05 4.91 1.68 3.33 1.67 3.62 0.84 0.44 4 4.49 0 5.25 4.4 4.39 5.72 0.41 4.12 1.31 1.71 4.63 3.46 3.27 0.68 2.47 1.94 4.42 4.36 3.39 1.62 1.76 4.83 3.32 3.03 4.36 4.03 3.21 3.08 3.3 4.76 3.7 4.38 3.58 2.98 3.24 2.24 4.17 3.61 4.68 3.45 2.32 4.43 2.15 2.14 5.38 1.84 4.7 4.41 5.07 3.55 4.76 4.16 1.21 5.71 3.06 3.48 4.22 4.2 2.84 1.57 3.12 3.57 
2.2 0.64 4.24 3.35 3.83 2.75 4.43 5.09 2.71 3.7 5.25 0 1.32 4.01 0.6 5.29 1.22 4.35 3.89 3.41 1.79 2.3 4.57 2.79 3.72 2.28 1.5 3.38 4.02 3.65 1.65 2.71 2.39 3.54 1.48 3.56 2.49 2.3 1.43 1.58 1.03 3.95 2.32 3.62 4.09 2.76 1.83 3.07 1.87 3.06 4.21 3.48 3.54 1.23 3.41 1.91 1.18 0.53 3.67 3.51 1.79 4.13 1.04 2.82 2.48 2.73 3.84 3.93 3.69 2.71 3.11 
1.61 1.55 3.77 3.43 2.82 1.44 3.64 4.34 3.07 4.17 4.4 1.32 0 2.73 1.91 4.54 1.32 3.77 2.85 3.95 1.24 2.19 3.77 2.05 3.26 1.03 0.19 2.08 3.5 2.68 2.45 1.45 1.38 3.98 1.68 2.26 1.37 2.2 0.45 1.32 1.42 4.1 1.86 2.32 2.9 3.19 0.81 3.67 1.59 2.56 2.93 3.07 2.45 2.35 2.67 0.79 0.18 1.59 2.36 4.09 2.2 3.21 1.32 2.72 2.56 1.44 4.2 2.67 2.87 2.62 3.28 
3.36 4.27 4.79 5.34 2.9 1.52 4.01 4.59 5.32 6.39 4.39 4.01 2.73 0 4.59 4.72 3.84 4.57 2.8 6.26 3.3 4.2 4.04 3.27 4.44 1.74 2.54 1.17 4.49 2.95 5.06 1.8 2.61 6.2 4.13 1.26 2.34 4.24 2.61 3.6 4.03 5.99 3.63 1.21 2.16 5.49 2.68 6.05 3.7 3.92 0.21 4.38 2.47 5.06 3.53 2.14 2.9 4.31 0.89 6.41 4.64 3.38 3.55 4.59 4.66 1.29 6.31 1.56 3.48 4.53 5.33 
2.68 0.84 4.6 3.53 4.37 3.34 4.89 5.54 2.8 3.69 5.72 0.6 1.91 4.59 0 5.74 1.62 4.75 4.43 3.37 2.29 2.63 5.05 3.28 4.09 2.85 2.09 3.98 4.41 4.18 1.6 3.31 2.95 3.55 1.79 4.16 3.07 2.62 1.99 2.03 1.37 4.08 2.75 4.22 4.67 2.82 2.41 3.02 2.29 3.48 4.79 3.85 4.1 0.98 3.88 2.47 1.77 0.68 4.26 3.45 1.95 4.64 1.35 3.11 2.72 3.31 3.87 4.53 4.17 2.99 3.26 
3.1 4.92 1.45 3.12 1.92 3.86 0.9 0.21 3.84 4.25 0.41 5.29 4.54 4.72 5.74 0 4.13 1.12 1.98 4.41 3.52 3.22 0.78 2.54 1.8 4.63 4.52 3.69 1.46 1.97 4.75 3.55 3.17 4.13 4.01 3.52 3.26 3.24 4.91 3.73 4.39 3.31 3 3.55 2.57 4 3.74 4.48 3.46 2.28 4.78 2.03 2.39 5.34 1.9 4.89 4.53 5.08 3.86 4.54 4.09 1.43 5.82 2.94 3.37 4.47 3.94 3.17 1.67 3.02 3.39 
1.09 0.8 3.03 2.24 2.84 2.36 3.28 3.93 1.77 2.86 4.12 1.22 1.32 3.84 1.62 4.13 0 3.15 2.93 2.63 0.76 1.1 3.44 1.69 2.51 2.28 1.48 2.92 2.82 2.64 1.23 2.18 1.55 2.68 0.37 3.04 1.75 1.1 1.72 0.43 0.29 2.89 1.14 3.11 3.3 1.88 1.19 2.35 0.68 1.87 4.03 2.27 2.65 1.43 2.28 2.11 1.16 0.96 3.26 2.77 0.88 3.06 2.04 1.64 1.35 2.61 2.91 3.3 2.58 1.52 2.05 
2.21 3.92 0.39 2.03 1.69 3.42 0.74 0.94 2.73 3.19 1.31 4.35 3.77 4.57 4.75 1.12 3.15 0 1.82 3.32 2.63 2.16 0.84 1.73 0.7 4.08 3.79 3.43 0.36 1.62 3.66 3.07 2.49 3.06 2.99 3.32 2.65 2.18 4.18 2.78 3.39 2.29 2.05 3.37 2.57 2.89 2.99 3.38 2.49 1.29 4.67 0.94 2.1 4.28 1.16 4.26 3.73 4.08 3.68 3.46 3.02 1.28 4.99 1.83 2.27 4.02 2.9 3.1 1.1 1.92 2.28 
1.87 3.7 2.1 3.17 0.15 1.91 1.22 1.83 3.53 4.38 1.71 3.89 2.85 2.8 4.43 1.98 2.93 1.82 0 4.38 2.18 2.47 1.26 1.32 1.89 2.72 2.77 1.72 1.82 0.34 3.94 1.62 1.51 4.21 2.98 1.56 1.48 2.51 3.15 2.51 3.21 3.69 1.95 1.6 0.77 3.72 2.1 4.3 2.35 1.67 2.88 1.93 0.44 4.33 1.05 3.03 2.89 3.84 1.92 4.54 3.3 0.59 4.16 2.56 2.86 2.51 4.18 1.29 0.83 2.57 3.29 
2.92 2.78 2.96 1.31 4.25 4.75 3.93 4.25 0.94 0.36 4.63 3.41 3.95 6.26 3.37 4.41 2.63 3.32 4.38 0 2.98 2.08 4.07 3.19 2.73 4.87 4.11 5.18 3.02 4.05 1.78 4.47 3.67 0.32 2.27 5.22 3.94 2.04 4.34 2.72 2.59 1.23 2.67 5.29 5.05 0.78 3.63 0.36 2.57 2.72 6.44 2.57 4.35 2.42 3.35 4.73 3.79 2.89 5.53 0.16 1.76 4.15 4.44 1.83 1.62 5.14 0.67 5.31 3.63 1.84 1.11 
0.43 1.52 2.58 2.25 2.11 1.79 2.65 3.32 2.05 3.14 3.46 1.79 1.24 3.3 2.29 3.52 0.76 2.63 2.18 2.98 0 1 2.79 1 2.06 1.95 1.32 2.28 2.33 1.91 1.9 1.54 0.82 2.95 0.9 2.37 1.06 1.03 1.68 0.36 1.03 2.93 0.63 2.44 2.55 2.2 0.66 2.76 0.42 1.37 3.48 1.85 1.9 2.18 1.63 1.92 1.15 1.66 2.63 3.13 1.37 2.36 2.36 1.52 1.43 2.17 3.11 2.59 1.9 1.42 2.15 
0.85 1.8 1.98 1.26 2.35 2.7 2.45 3.02 1.15 2.19 3.27 2.3 2.19 4.2 2.63 3.22 1.1 2.16 2.47 2.08 1 0 2.6 1.18 1.48 2.95 2.29 3.11 1.81 2.14 1.57 2.41 1.6 2 0.85 3.15 1.87 0.05 2.63 0.88 1.29 1.93 0.6 3.22 3.05 1.33 1.65 1.91 0.61 0.96 4.37 1.23 2.35 2.13 1.55 2.91 2.07 1.96 3.45 2.23 0.9 2.41 3.13 0.55 0.47 3.14 2.13 3.26 1.87 0.44 1.16 
2.38 4.23 1.22 2.77 1.17 3.1 0.16 0.6 3.38 3.97 0.68 4.57 3.77 4.04 5.05 0.78 3.44 0.84 1.26 4.07 2.79 2.6 0 1.8 1.34 3.86 3.74 2.97 1.07 1.2 4.16 2.78 2.4 3.83 3.35 2.81 2.48 2.64 4.14 3.02 3.7 3.1 2.31 2.85 1.93 3.56 2.97 4.09 2.77 1.65 4.12 1.53 1.64 4.71 1.17 4.11 3.76 4.39 3.17 4.21 3.5 0.68 5.06 2.42 2.83 3.71 3.7 2.51 0.91 2.48 2.99 
0.6 2.49 1.77 2.1 1.21 1.87 1.65 2.34 2.29 3.24 2.47 2.79 2.05 3.27 3.28 2.54 1.69 1.73 1.32 3.19 1 1.18 1.8 0 1.3 2.41 2.06 2.12 1.48 1 2.63 1.53 0.8 3.06 1.69 2.1 1.02 1.22 2.46 1.26 1.97 2.73 0.64 2.17 1.88 2.47 1.26 3.06 1.06 0.66 3.42 1.17 1.18 3.05 0.64 2.54 2.01 2.63 2.44 3.35 1.98 1.38 3.3 1.39 1.6 2.43 3.11 2.13 0.91 1.36 2.14 
1.65 3.25 0.53 1.43 1.75 3.14 1.2 1.61 2.06 2.64 1.94 3.72 3.26 4.44 4.09 1.8 2.51 0.7 1.89 2.73 2.06 1.48 1.34 1.3 0 3.7 3.3 3.28 0.34 1.6 2.97 2.79 2.1 2.5 2.31 3.21 2.31 1.5 3.69 2.16 2.73 1.84 1.44 3.27 2.65 2.23 2.51 2.75 1.86 0.71 4.57 0.25 2.05 3.59 0.92 3.82 3.19 3.42 3.57 2.88 2.32 1.5 4.42 1.14 1.58 3.72 2.39 3.09 1.07 1.22 1.65 
2.2 2.57 4.17 4.19 2.75 0.85 3.77 4.46 3.96 5.06 4.42 2.28 1.03 1.74 2.85 4.63 2.28 4.08 2.72 4.87 1.95 2.95 3.86 2.41 3.7 0 0.84 1.39 3.87 2.67 3.46 1.1 1.61 4.87 2.62 1.61 1.43 2.97 0.88 2.17 2.42 4.87 2.48 1.65 2.5 4.1 1.31 4.61 2.36 3.04 1.95 3.56 2.29 3.37 2.92 0.44 1.2 2.6 1.56 5.01 3.14 3.22 1.88 3.44 3.38 0.48 5.05 2.09 3.04 3.35 4.09 
1.67 1.74 3.8 3.54 2.76 1.28 3.62 4.32 3.21 4.32 4.36 1.5 0.19 2.54 2.09 4.52 1.48 3.79 2.77 4.11 1.32 2.29 3.74 2.06 3.3 0.84 0 1.91 3.52 2.62 2.63 1.32 1.35 4.13 1.84 2.11 1.3 2.31 0.4 1.45 1.6 4.22 1.93 2.16 2.78 3.34 0.81 3.83 1.69 2.6 2.74 3.12 2.36 2.54 2.66 0.63 0.37 1.78 2.18 4.24 2.36 3.16 1.41 2.83 2.69 1.25 4.34 2.52 2.85 2.72 3.41 
2.27 3.49 3.63 4.2 1.8 0.64 2.91 3.54 4.25 5.29 3.39 3.38 2.08 1.17 3.98 3.69 2.92 3.43 1.72 5.18 2.28 3.11 2.97 2.12 3.28 1.39 1.91 0 3.33 1.82 4.14 0.75 1.52 5.1 3.16 0.24 1.25 3.15 2.15 2.62 3.15 4.84 2.52 0.27 1.23 4.42 1.74 5 2.66 2.76 1.31 3.21 1.34 4.27 2.37 1.81 2.21 3.57 0.35 5.34 3.65 2.29 3.22 3.46 3.57 0.98 5.19 0.72 2.33 3.41 4.21 
1.91 3.57 0.31 1.71 1.68 3.25 0.94 1.28 2.39 2.91 1.62 4.02 3.5 4.49 4.41 1.46 2.82 0.36 1.82 3.02 2.33 1.81 1.07 1.48 0.34 3.87 3.52 3.33 0 1.57 3.31 2.9 2.27 2.77 2.64 3.24 2.45 1.83 3.92 2.45 3.05 2.05 1.73 3.29 2.58 2.55 2.73 3.06 2.16 0.97 4.6 0.58 2.04 3.92 0.98 4.02 3.44 3.74 3.6 3.16 2.66 1.35 4.69 1.48 1.91 3.85 2.64 3.07 1.02 1.56 1.96 
1.57 3.43 1.86 2.84 0.22 1.91 1.12 1.79 3.19 4.05 1.76 3.65 2.68 2.95 4.18 1.97 2.64 1.62 0.34 4.05 1.91 2.14 1.2 1 1.6 2.67 2.62 1.82 1.57 0 3.62 1.58 1.31 3.87 2.67 1.7 1.33 2.18 3.01 2.22 2.93 3.38 1.63 1.75 1.06 3.38 1.9 3.96 2.04 1.34 3.05 1.62 0.49 4.04 0.73 2.94 2.7 3.57 2.07 4.2 2.98 0.55 3.99 2.23 2.52 2.51 3.86 1.51 0.55 2.23 2.96 
2.1 1.04 3.42 2.06 3.83 3.58 4.01 4.56 1.25 2.1 4.83 1.65 2.45 5.06 1.6 4.75 1.23 3.66 3.94 1.78 1.9 1.57 4.16 2.63 2.97 3.46 2.63 4.14 3.31 3.62 0 3.4 2.72 1.95 1 4.25 2.95 1.53 2.77 1.55 1.04 2.53 1.99 4.32 4.42 1.24 2.42 1.44 1.62 2.52 5.25 2.73 3.73 0.72 3.1 3.22 2.27 1.13 4.48 1.87 0.67 3.95 2.69 1.85 1.41 3.81 2.28 4.48 3.41 1.75 1.76 
1.57 2.76 3.21 3.56 1.65 0.35 2.69 3.37 3.53 4.6 3.32 2.71 1.45 1.8 3.31 3.55 2.18 3.07 1.62 4.47 1.54 2.41 2.78 1.53 2.79 1.1 1.32 0.75 2.9 1.58 3.4 0 0.82 4.4 2.42 0.88 0.55 2.44 1.63 1.87 2.41 4.21 1.84 0.94 1.48 3.7 1 4.27 1.93 2.19 1.97 2.69 1.19 3.53 1.93 1.43 1.56 2.86 1.09 4.63 2.9 2.12 2.7 2.8 2.87 0.95 4.51 1.23 1.99 2.74 3.53 
0.76 2.26 2.56 2.75 1.47 1.14 2.28 2.98 2.73 3.78 3.03 2.39 1.38 2.61 2.95 3.17 1.55 2.49 1.51 3.67 0.82 1.6 2.4 0.8 2.1 1.61 1.35 1.52 2.27 1.31 2.72 0.82 0 3.59 1.72 1.58 0.27 1.64 1.74 1.18 1.82 3.41 1.02 1.65 1.76 2.91 0.6 3.48 1.16 1.44 2.78 1.95 1.16 2.97 1.34 1.77 1.4 2.39 1.86 3.82 2.17 1.83 2.69 1.99 2.06 1.66 3.7 1.77 1.51 1.93 2.72 
2.84 2.91 2.7 1.07 4.07 4.7 3.69 3.98 0.92 0.2 4.36 3.54 3.98 6.2 3.55 4.13 2.68 3.06 4.21 0.32 2.95 2 3.83 3.06 2.5 4.87 4.13 5.1 2.77 3.87 1.95 4.4 3.59 0 2.31 5.12 3.86 1.97 4.39 2.71 2.67 0.92 2.58 5.19 4.89 0.81 3.6 0.61 2.53 2.54 6.37 2.35 4.2 2.62 3.16 4.76 3.83 3.03 5.44 0.42 1.83 3.94 4.56 1.68 1.54 5.11 0.37 5.18 3.43 1.71 0.93 
1.12 0.95 2.82 1.9 2.88 2.63 3.2 3.81 1.4 2.49 4.03 1.48 1.68 4.13 1.79 4.01 0.37 2.99 2.98 2.27 0.9 0.85 3.35 1.69 2.31 2.62 1.84 3.16 2.64 2.67 1 2.42 1.72 2.31 0 3.26 1.95 0.84 2.09 0.55 0.46 2.54 1.07 3.33 3.42 1.51 1.46 2 0.64 1.73 4.32 2.07 2.75 1.38 2.22 2.47 1.53 1.11 3.5 2.41 0.53 3.05 2.37 1.35 1.02 2.93 2.55 3.48 2.53 1.23 1.69 
2.32 3.63 3.54 4.2 1.66 0.84 2.77 3.38 4.29 5.31 3.21 3.56 2.26 1.26 4.16 3.52 3.04 3.32 1.56 5.22 2.37 3.15 2.81 2.1 3.21 1.61 2.11 0.24 3.24 1.7 4.25 0.88 1.58 5.12 3.26 0 1.32 3.19 2.36 2.71 3.28 4.83 2.56 0.08 1.02 4.47 1.86 5.05 2.73 2.73 1.37 3.16 1.22 4.4 2.29 2.03 2.39 3.72 0.37 5.38 3.73 2.14 3.43 3.47 3.61 1.22 5.2 0.49 2.23 3.43 4.22 
1.03 2.43 2.75 3.01 1.46 0.88 2.38 3.07 3 4.05 3.08 2.49 1.37 2.34 3.07 3.26 1.75 2.65 1.48 3.94 1.06 1.87 2.48 1.02 2.31 1.43 1.3 1.25 2.45 1.33 2.95 0.55 0.27 3.86 1.95 1.32 0 1.91 1.68 1.4 2.01 3.67 1.29 1.39 1.61 3.17 0.67 3.75 1.41 1.67 2.51 2.18 1.08 3.16 1.5 1.64 1.42 2.54 1.6 4.09 2.41 1.88 2.69 2.26 2.33 1.42 3.97 1.55 1.63 2.2 2.99 
0.88 1.78 1.99 1.23 2.39 2.74 2.48 3.04 1.11 2.16 3.3 2.3 2.2 4.24 2.62 3.24 1.1 2.18 2.51 2.04 1.03 0.05 2.64 1.22 1.5 2.97 2.31 3.15 1.83 2.18 1.53 2.44 1.64 1.97 0.84 3.19 1.91 0 2.64 0.89 1.28 1.91 0.64 3.26 3.09 1.29 1.68 1.87 0.63 1 4.41 1.25 2.39 2.1 1.59 2.93 2.08 1.95 3.49 2.2 0.87 2.44 3.13 0.54 0.43 3.17 2.1 3.3 1.9 0.43 1.13 
2.05 1.81 4.2 3.87 3.14 1.53 4.02 4.72 3.48 4.58 4.76 1.43 0.45 2.61 1.99 4.91 1.72 4.18 3.15 4.34 1.68 2.63 4.14 2.46 3.69 0.88 0.4 2.15 3.92 3.01 2.77 1.63 1.74 4.39 2.09 2.36 1.68 2.64 0 1.76 1.78 4.54 2.3 2.41 3.11 3.6 1.2 4.05 2.03 2.99 2.81 3.5 2.73 2.58 3.06 0.49 0.57 1.81 2.38 4.48 2.59 3.55 1.08 3.17 2.99 1.34 4.62 2.8 3.25 3.06 3.71 
0.67 1.23 2.68 2.11 2.42 2.1 2.87 3.53 1.79 2.9 3.7 1.58 1.32 3.6 2.03 3.73 0.43 2.78 2.51 2.72 0.36 0.88 3.02 1.26 2.16 2.17 1.45 2.62 2.45 2.22 1.55 1.87 1.18 2.71 0.55 2.71 1.4 0.89 1.76 0 0.71 2.79 0.74 2.78 2.9 1.94 0.93 2.47 0.31 1.49 3.79 1.93 2.24 1.84 1.86 2.07 1.2 1.38 2.96 2.86 1.04 2.64 2.29 1.42 1.25 2.43 2.9 2.94 2.16 1.32 1.97 
1.37 0.53 3.25 2.35 3.12 2.57 3.55 4.19 1.78 2.84 4.38 1.03 1.42 4.03 1.37 4.39 0.29 3.39 3.21 2.59 1.03 1.29 3.7 1.97 2.73 2.42 1.6 3.15 3.05 2.93 1.04 2.41 1.82 2.67 0.46 3.28 2.01 1.28 1.78 0.71 0 2.97 1.4 3.35 3.57 1.87 1.42 2.29 0.94 2.12 4.23 2.5 2.93 1.15 2.55 2.2 1.25 0.69 3.48 2.71 0.85 3.34 1.94 1.8 1.47 2.78 2.93 3.56 2.85 1.69 2.12 
2.7 3.33 1.91 0.68 3.55 4.54 2.98 3.17 1.28 0.98 3.58 3.95 4.1 5.99 4.08 3.31 2.89 2.29 3.69 1.23 2.93 1.93 3.1 2.73 1.84 4.87 4.22 4.84 2.05 3.38 2.53 4.21 3.41 0.92 2.54 4.83 3.67 1.91 4.54 2.79 2.97 0 2.41 4.89 4.43 1.3 3.57 1.45 2.54 2.11 6.14 1.76 3.77 3.24 2.66 4.84 3.97 3.48 5.17 1.32 2.17 3.33 4.9 1.43 1.55 5.03 0.65 4.8 2.88 1.52 0.85 
0.29 1.93 1.97 1.74 1.84 2.14 2.15 2.8 1.74 2.77 2.98 2.32 1.86 3.63 2.75 3 1.14 2.05 1.95 2.67 0.63 0.6 2.31 0.64 1.44 2.48 1.93 2.52 1.73 1.63 1.99 1.84 1.02 2.58 1.07 2.56 1.29 0.64 2.3 0.74 1.4 2.41 0 2.63 2.49 1.92 1.19 2.5 0.47 0.76 3.8 1.23 1.78 2.44 1.16 2.5 1.77 2.09 2.87 2.82 1.35 1.98 2.98 0.99 1.05 2.62 2.68 2.67 1.47 0.91 1.7 
2.39 3.7 3.6 4.27 1.7 0.89 2.81 3.41 4.36 5.38 3.24 3.62 2.32 1.21 4.22 3.55 3.11 3.37 1.6 5.29 2.44 3.22 2.85 2.17 3.27 1.65 2.16 0.27 3.29 1.75 4.32 0.94 1.65 5.19 3.33 0.08 1.39 3.26 2.41 2.78 3.35 4.89 2.63 0 1.03 4.54 1.93 5.12 2.8 2.79 1.31 3.23 1.27 4.47 2.35 2.07 2.45 3.79 0.32 5.45 3.8 2.18 3.48 3.54 3.68 1.24 5.27 0.48 2.28 3.5 4.29 
2.33 4.02 2.86 3.88 0.91 1.66 1.92 2.45 4.16 5.07 2.24 4.09 2.9 2.16 4.67 2.57 3.3 2.57 0.77 5.05 2.55 3.05 1.93 1.88 2.65 2.5 2.78 1.23 2.58 1.06 4.42 1.48 1.76 4.89 3.42 1.02 1.61 3.09 3.11 2.9 3.57 4.43 2.49 1.03 0 4.35 2.27 4.94 2.81 2.36 2.21 2.67 0.71 4.72 1.77 2.88 2.98 4.14 1.33 5.2 3.81 1.3 4.18 3.22 3.47 2.17 4.89 0.61 1.59 3.21 3.97 
2.16 2.13 2.57 0.95 3.58 3.98 3.41 3.82 0.19 0.99 4.17 2.76 3.19 5.49 2.82 4 1.88 2.89 3.72 0.78 2.2 1.33 3.56 2.47 2.23 4.1 3.34 4.42 2.55 3.38 1.24 3.7 2.91 0.81 1.51 4.47 3.17 1.29 3.6 1.94 1.87 1.3 1.92 4.54 4.35 0 2.85 0.6 1.79 2.07 5.66 2.03 3.64 1.94 2.71 3.97 3.04 2.26 4.76 0.93 1.03 3.54 3.77 1.18 0.88 4.36 1.08 4.57 3.01 1.16 0.65 
0.91 1.79 3.01 2.89 2.06 1.18 2.84 3.54 2.7 3.79 3.61 1.83 0.81 2.68 2.41 3.74 1.19 2.99 2.1 3.63 0.66 1.65 2.97 1.26 2.51 1.31 0.81 1.74 2.73 1.9 2.42 1 0.6 3.6 1.46 1.86 0.67 1.68 1.2 0.93 1.42 3.57 1.19 1.93 2.27 2.85 0 3.39 1.07 1.81 2.87 2.33 1.73 2.55 1.87 1.33 0.81 1.89 2.07 3.78 1.97 2.42 2.1 2.14 2.09 1.51 3.76 2.17 2.07 2.05 2.8 
2.74 2.45 3.04 1.37 4.17 4.54 3.94 4.31 0.78 0.7 4.68 3.07 3.67 6.05 3.02 4.48 2.35 3.38 4.3 0.36 2.76 1.91 4.09 3.06 2.75 4.61 3.83 5 3.06 3.96 1.44 4.27 3.48 0.61 2 5.05 3.75 1.87 4.05 2.47 2.29 1.45 2.5 5.12 4.94 0.6 3.39 0 2.35 2.64 6.23 2.57 4.23 2.07 3.28 4.45 3.51 2.55 5.34 0.44 1.48 4.11 4.1 1.75 1.47 4.89 0.97 5.16 3.58 1.74 1.11 
0.49 1.47 2.38 1.86 2.25 2.19 2.62 3.26 1.63 2.73 3.45 1.87 1.59 3.7 2.29 3.46 0.68 2.49 2.35 2.57 0.42 0.61 2.77 1.06 1.86 2.36 1.69 2.66 2.16 2.04 1.62 1.93 1.16 2.53 0.64 2.73 1.41 0.63 2.03 0.31 0.94 2.54 0.47 2.8 2.81 1.79 1.07 2.35 0 1.2 3.88 1.63 2.12 2 1.62 2.31 1.47 1.63 3 2.72 1.02 2.42 2.59 1.14 1.02 2.58 2.7 2.91 1.92 1.04 1.74 
0.95 2.65 1.22 1.52 1.54 2.53 1.49 2.08 1.88 2.72 2.32 3.06 2.56 3.92 3.48 2.28 1.87 1.29 1.67 2.72 1.37 0.96 1.65 0.66 0.71 3.04 2.6 2.76 0.97 1.34 2.52 2.19 1.44 2.54 1.73 2.73 1.67 1 2.99 1.49 2.12 2.11 0.76 2.79 2.36 2.07 1.81 2.64 1.2 0 4.06 0.53 1.68 3.07 0.65 3.13 2.49 2.81 3.08 2.87 1.86 1.49 3.72 0.9 1.24 3.09 2.54 2.7 0.95 0.92 1.62 
3.53 4.46 4.9 5.5 2.99 1.7 4.09 4.65 5.5 6.56 4.43 4.21 2.93 0.21 4.79 4.78 4.03 4.67 2.88 6.44 3.48 4.37 4.12 3.42 4.57 1.95 2.74 1.31 4.6 3.05 5.25 1.97 2.78 6.37 4.32 1.37 2.51 4.41 2.81 3.79 4.23 6.14 3.8 1.31 2.21 5.66 2.87 6.23 3.88 4.06 0 4.51 2.57 5.26 3.65 2.35 3.1 4.51 1 6.59 4.83 3.46 3.75 4.75 4.83 1.5 6.47 1.61 3.59 4.7 5.49 
1.46 3.01 0.76 1.29 1.79 3.03 1.38 1.84 1.86 2.51 2.15 3.48 3.07 4.38 3.85 2.03 2.27 0.94 1.93 2.57 1.85 1.23 1.53 1.17 0.25 3.56 3.12 3.21 0.58 1.62 2.73 2.69 1.95 2.35 2.07 3.16 2.18 1.25 3.5 1.93 2.5 1.76 1.23 3.23 2.67 2.03 2.33 2.57 1.63 0.53 4.51 0 2.04 3.34 0.91 3.65 2.99 3.18 3.52 2.72 2.08 1.6 4.2 0.91 1.34 3.6 2.28 3.08 1.12 0.99 1.48 
1.64 3.4 2.34 3.2 0.48 1.48 1.58 2.23 3.46 4.38 2.14 3.54 2.45 2.47 4.1 2.39 2.65 2.1 0.44 4.35 1.9 2.35 1.64 1.18 2.05 2.29 2.36 1.34 2.04 0.49 3.73 1.19 1.16 4.2 2.75 1.22 1.08 2.39 2.73 2.24 2.93 3.77 1.78 1.27 0.71 3.64 1.73 4.23 2.12 1.68 2.57 2.04 0 4.07 1.13 2.6 2.5 3.53 1.58 4.5 3.12 0.97 3.76 2.53 2.77 2.08 4.21 1.05 1.02 2.51 3.28 
2.48 0.8 4.06 2.76 4.24 3.66 4.55 5.14 1.96 2.75 5.38 1.23 2.35 5.06 0.98 5.34 1.43 4.28 4.33 2.42 2.18 2.13 4.71 3.05 3.59 3.37 2.54 4.27 3.92 4.04 0.72 3.53 2.97 2.62 1.38 4.4 3.16 2.1 2.58 1.84 1.15 3.24 2.44 4.47 4.72 1.94 2.55 2.07 2 3.07 5.26 3.34 4.07 0 3.59 3.06 2.18 0.77 4.58 2.49 1.27 4.42 2.23 2.49 2.06 3.78 2.96 4.7 3.9 2.39 2.47 
1.21 3.08 1.29 2.12 0.91 2.28 1.02 1.7 2.52 3.34 1.84 3.41 2.67 3.53 3.88 1.9 2.28 1.16 1.05 3.35 1.63 1.55 1.17 0.64 0.92 2.92 2.66 2.37 0.98 0.73 3.1 1.93 1.34 3.16 2.22 2.29 1.5 1.59 3.06 1.86 2.55 2.66 1.16 2.35 1.77 2.71 1.87 3.28 1.62 0.65 3.65 0.91 1.13 3.59 0 3.11 2.64 3.23 2.66 3.5 2.43 0.86 3.93 1.54 1.87 2.87 3.14 2.18 0.32 1.56 2.25 
2.23 2.28 4.31 4.16 3.04 1.23 4.01 4.71 3.84 4.94 4.7 1.91 0.79 2.14 2.47 4.89 2.11 4.26 3.03 4.73 1.92 2.91 4.11 2.54 3.82 0.44 0.63 1.81 4.02 2.94 3.22 1.43 1.77 4.76 2.47 2.03 1.64 2.93 0.49 2.07 2.2 4.84 2.5 2.07 2.88 3.97 1.33 4.45 2.31 3.13 2.35 3.65 2.6 3.06 3.11 0 0.96 2.29 2 4.87 2.98 3.49 1.45 3.43 3.31 0.91 4.96 2.5 3.26 3.33 4.03 
1.55 1.38 3.71 3.3 2.85 1.57 3.63 4.33 2.92 4.02 4.41 1.18 0.18 2.9 1.77 4.53 1.16 3.73 2.89 3.79 1.15 2.07 3.76 2.01 3.19 1.2 0.37 2.21 3.44 2.7 2.27 1.56 1.4 3.83 1.53 2.39 1.42 2.08 0.57 1.2 1.25 3.97 1.77 2.45 2.98 3.04 0.81 3.51 1.47 2.49 3.1 2.99 2.5 2.18 2.64 0.96 0 1.42 2.5 3.93 2.04 3.22 1.3 2.61 2.43 1.61 4.05 2.78 2.86 2.5 3.15 
2.04 0.17 3.93 2.9 3.76 2.95 4.24 4.88 2.22 3.19 5.07 0.53 1.59 4.31 0.68 5.08 0.96 4.08 3.84 2.89 1.66 1.96 4.39 2.63 3.42 2.6 1.78 3.57 3.74 3.57 1.13 2.86 2.39 3.03 1.11 3.72 2.54 1.95 1.81 1.38 0.69 3.48 2.09 3.79 4.14 2.26 1.89 2.55 1.63 2.81 4.51 3.18 3.53 0.77 3.23 2.29 1.42 0 3.88 2.99 1.32 4.01 1.57 2.44 2.06 3.03 3.34 4.05 3.53 2.32 2.64 
2.61 3.8 3.91 4.54 2.02 0.93 3.13 3.73 4.59 5.63 3.55 3.67 2.36 0.89 4.26 3.86 3.26 3.68 1.92 5.53 2.63 3.45 3.17 2.44 3.57 1.56 2.18 0.35 3.6 2.07 4.48 1.09 1.86 5.44 3.5 0.37 1.6 3.49 2.38 2.96 3.48 5.17 2.87 0.32 1.33 4.76 2.07 5.34 3 3.08 1 3.52 1.58 4.58 2.66 2 2.5 3.88 0 5.68 3.99 2.5 3.43 3.8 3.91 1.11 5.52 0.74 2.6 3.75 4.55 
3.07 2.89 3.1 1.45 4.4 4.9 4.07 4.38 1.1 0.38 4.76 3.51 4.09 6.41 3.45 4.54 2.77 3.46 4.54 0.16 3.13 2.23 4.21 3.35 2.88 5.01 4.24 5.34 3.16 4.2 1.87 4.63 3.82 0.42 2.41 5.38 4.09 2.2 4.48 2.86 2.71 1.32 2.82 5.45 5.2 0.93 3.78 0.44 2.72 2.87 6.59 2.72 4.5 2.49 3.5 4.87 3.93 2.99 5.68 0 1.89 4.3 4.54 1.99 1.78 5.28 0.72 5.47 3.78 2 1.26 
1.49 1.17 2.79 1.59 3.19 3.13 3.34 3.9 0.94 2 4.16 1.79 2.2 4.64 1.95 4.09 0.88 3.02 3.3 1.76 1.37 0.9 3.5 1.98 2.32 3.14 2.36 3.65 2.66 2.98 0.67 2.9 2.17 1.83 0.53 3.73 2.41 0.87 2.59 1.04 0.85 2.17 1.35 3.8 3.81 1.03 1.97 1.48 1.02 1.86 4.83 2.08 3.12 1.27 2.43 2.98 2.04 1.32 3.99 1.89 0 3.28 2.77 1.22 0.8 3.45 2.09 3.92 2.75 1.12 1.33 
1.97 3.86 1.6 2.88 0.5 2.44 0.64 1.27 3.36 4.1 1.21 4.13 3.21 3.38 4.64 1.43 3.06 1.28 0.59 4.15 2.36 2.41 0.68 1.38 1.5 3.22 3.16 2.29 1.35 0.55 3.95 2.12 1.83 3.94 3.05 2.14 1.88 2.44 3.55 2.64 3.34 3.33 1.98 2.18 1.3 3.54 2.42 4.11 2.42 1.49 3.46 1.6 0.97 4.42 0.86 3.49 3.22 4.01 2.5 4.3 3.28 0 4.52 2.37 2.72 3.04 3.87 1.86 0.54 2.4 3.04 
2.79 1.66 4.94 4.27 4.14 2.6 4.93 5.62 3.7 4.72 5.71 1.04 1.32 3.55 1.35 5.82 2.04 4.99 4.16 4.44 2.36 3.13 5.06 3.3 4.42 1.88 1.41 3.22 4.69 3.99 2.69 2.7 2.69 4.56 2.37 3.43 2.69 3.13 1.08 2.29 1.94 4.9 2.98 3.48 4.18 3.77 2.1 4.1 2.59 3.72 3.75 4.2 3.76 2.23 3.93 1.45 1.3 1.57 3.43 4.54 2.77 4.52 0 3.67 3.39 2.35 4.84 3.88 4.16 3.55 4.06 
1.27 2.28 1.58 0.76 2.43 3.12 2.26 2.75 0.99 1.86 3.06 2.82 2.72 4.59 3.11 2.94 1.64 1.83 2.56 1.83 1.52 0.55 2.42 1.39 1.14 3.44 2.83 3.46 1.48 2.23 1.85 2.8 1.99 1.68 1.35 3.47 2.26 0.54 3.17 1.42 1.8 1.43 0.99 3.54 3.22 1.18 2.14 1.75 1.14 0.9 4.75 0.91 2.53 2.49 1.54 3.43 2.61 2.44 3.8 1.99 1.22 2.37 3.67 0 0.44 3.6 1.73 3.51 1.83 0.12 0.76 
1.31 1.91 2.02 0.89 2.73 3.16 2.67 3.18 0.7 1.73 3.48 2.48 2.56 4.66 2.72 3.37 1.35 2.27 2.86 1.62 1.43 0.47 2.83 1.6 1.58 3.38 2.69 3.57 1.91 2.52 1.41 2.87 2.06 1.54 1.02 3.61 2.33 0.43 2.99 1.25 1.47 1.55 1.05 3.68 3.47 0.88 2.09 1.47 1.02 1.24 4.83 1.34 2.77 2.06 1.87 3.31 2.43 2.06 3.91 1.78 0.8 2.72 3.39 0.44 0 3.59 1.68 3.7 2.19 0.36 0.73 
2.34 2.98 4.15 4.36 2.56 0.61 3.63 4.3 4.21 5.3 4.22 2.73 1.44 1.29 3.31 4.47 2.61 4.02 2.51 5.14 2.17 3.14 3.71 2.43 3.72 0.48 1.25 0.98 3.85 2.51 3.81 0.95 1.66 5.11 2.93 1.22 1.42 3.17 1.34 2.43 2.78 5.03 2.62 1.24 2.17 4.36 1.51 4.89 2.58 3.09 1.5 3.6 2.08 3.78 2.87 0.91 1.61 3.03 1.11 5.28 3.45 3.04 2.35 3.6 3.59 0 5.26 1.7 2.94 3.52 4.29 
2.96 3.21 2.53 1.02 4.04 4.82 3.57 3.8 1.16 0.35 4.2 3.84 4.2 6.31 3.87 3.94 2.91 2.9 4.18 0.67 3.11 2.13 3.7 3.11 2.39 5.05 4.34 5.19 2.64 3.86 2.28 4.51 3.7 0.37 2.55 5.2 3.97 2.1 4.62 2.9 2.93 0.65 2.68 5.27 4.89 1.08 3.76 0.97 2.7 2.54 6.47 2.28 4.21 2.96 3.14 4.96 4.05 3.34 5.52 0.72 2.09 3.87 4.84 1.73 1.68 5.26 0 5.22 3.39 1.78 0.99 
2.46 3.95 3.36 4.21 1.41 1.28 2.49 3.05 4.39 5.37 2.84 3.93 2.67 1.56 4.53 3.17 3.3 3.1 1.29 5.31 2.59 3.26 2.51 2.13 3.09 2.09 2.52 0.72 3.07 1.51 4.48 1.23 1.77 5.18 3.48 0.49 1.55 3.3 2.8 2.94 3.56 4.8 2.67 0.48 0.61 4.57 2.17 5.16 2.91 2.7 1.61 3.08 1.05 4.7 2.18 2.5 2.78 4.05 0.74 5.47 3.92 1.86 3.88 3.51 3.7 1.7 5.22 0 2.05 3.48 4.27 
1.5 3.37 1.32 2.38 0.69 2.33 0.77 1.48 2.82 3.6 1.57 3.69 2.87 3.48 4.17 1.67 2.58 1.1 0.83 3.63 1.9 1.87 0.91 0.91 1.07 3.04 2.85 2.33 1.02 0.55 3.41 1.99 1.51 3.43 2.53 2.23 1.63 1.9 3.25 2.16 2.85 2.88 1.47 2.28 1.59 3.01 2.07 3.58 1.92 0.95 3.59 1.12 1.02 3.9 0.32 3.26 2.86 3.53 2.6 3.78 2.75 0.54 4.16 1.83 2.19 2.94 3.39 2.05 0 1.86 2.53 
1.19 2.16 1.68 0.84 2.43 3.05 2.32 2.82 0.97 1.89 3.12 2.71 2.62 4.53 2.99 3.02 1.52 1.92 2.57 1.84 1.42 0.44 2.48 1.36 1.22 3.35 2.72 3.41 1.56 2.23 1.75 2.74 1.93 1.71 1.23 3.43 2.2 0.43 3.06 1.32 1.69 1.52 0.91 3.5 3.21 1.16 2.05 1.74 1.04 0.92 4.7 0.99 2.51 2.39 1.56 3.33 2.5 2.32 3.75 2 1.12 2.4 3.55 0.12 0.36 3.52 1.78 3.48 1.86 0 0.8 
1.98 2.5 1.95 0.32 3.15 3.84 2.84 3.21 0.53 1.11 3.57 3.11 3.28 5.33 3.26 3.39 2.05 2.28 3.29 1.11 2.15 1.16 2.99 2.14 1.65 4.09 3.41 4.21 1.96 2.96 1.76 3.53 2.72 0.93 1.69 4.22 2.99 1.13 3.71 1.97 2.12 0.85 1.7 4.29 3.97 0.65 2.8 1.11 1.74 1.62 5.49 1.48 3.28 2.47 2.25 4.03 3.15 2.64 4.55 1.26 1.33 3.04 4.06 0.76 0.73 4.29 0.99 4.27 2.53 0.8 0 
