Number_Of_Customers: 30
Vehicle_Capacity:    50
Alpha:               0.75
Number_Of_Scenarios: 3

Location_Coordinates:
0 0 0
1 1.99972 -0.751205
2 -0.500044 0.76562
3 -2.21681 2.0302
4 1.52352 0.819045
5 0.68371 1.11548
6 -2.09184 2.40105
7 -0.473198 1.96606
8 -1.41586 -1.30229
9 2.46058 -0.0190628
10 -0.387941 -0.131306
11 -1.8516 0.0758271
12 -0.574515 -0.878927
13 -2.13069 -0.534306
14 -0.0780463 -1.724
15 -0.334916 1.06644
16 -1.33191 -0.383651
17 1.98176 2.45519
18 -0.590856 -0.514207
19 -2.28518 -2.00756
20 -1.03037 2.49262
21 -1.52154 2.49797
22 -1.68883 0.853209
23 -0.123557 -1.61605
24 -0.89142 -2.09394
25 2.09286 -0.312138
26 -1.1087 1.03298
27 1.27216 1.22901
28 1.01756 2.17379
29 -0.108453 2.22993
30 -1.53664 -1.37212

Demand_per_scenario:
1 5 8 9
2 3 4 5
3 5 7 8
4 6 9 11
5 2 3 3
6 3 4 5
7 3 5 5
8 5 7 8
9 3 4 4
10 5 7 8
11 5 7 8
12 3 5 6
13 5 7 9
14 4 6 6
15 1 2 2
16 4 6 7
17 5 7 9
18 3 5 6
19 4 6 7
20 3 4 5
21 3 3 4
22 4 6 7
23 5 7 8
24 3 5 5
25 4 5 6
26 6 9 11
27 4 5 6
28 3 4 5
29 5 7 8
30 5 8 9

Probability_of_each_scenario_occuring:
0.333333 0.333333 0.333333 

Travel_Costs:
0 2.14 0.92 3.01 1.73 1.31 3.19 2.03 1.93 2.47 0.41 1.86 1.06 2.2 1.73 1.12 1.39 3.16 0.79 3.05 2.7 2.93 1.9 1.63 2.28 2.12 1.52 1.77 2.41 2.24 2.07 
2.14 0 2.93 5.06 1.65 2.29 5.17 3.68 3.46 0.87 2.47 3.94 2.58 4.14 2.3 2.96 3.36 3.21 2.61 4.47 4.44 4.8 4.03 2.3 3.19 0.45 3.59 2.11 3.09 3.66 3.6 
0.92 2.93 0 2.14 2.03 1.24 2.29 1.21 2.27 3.07 0.91 1.52 1.65 2.09 2.53 0.35 1.42 3.01 1.29 3.3 1.81 2.02 1.2 2.42 2.89 2.81 0.67 1.84 2.08 1.52 2.38 
3.01 5.06 2.14 0 3.94 3.05 0.4 1.75 3.43 5.11 2.84 1.99 3.35 2.57 4.33 2.12 2.58 4.23 3.02 4.04 1.28 0.84 1.29 4.21 4.34 4.91 1.5 3.58 3.24 2.12 3.47 
1.73 1.65 2.03 3.94 0 0.9 3.95 2.31 3.63 1.26 2.14 3.46 2.7 3.9 3.01 1.88 3.1 1.7 2.5 4.75 3.06 3.48 3.22 2.94 3.79 1.27 2.65 0.49 1.45 2.16 3.77 
1.31 2.29 1.24 3.05 0.9 0 3.06 1.44 3.21 2.11 1.65 2.75 2.36 3.27 2.94 1.02 2.52 1.87 2.07 4.31 2.2 2.61 2.39 2.85 3.58 2.01 1.8 0.6 1.11 1.37 3.34 
3.19 5.17 2.29 0.4 3.95 3.06 0 1.68 3.77 5.16 3.06 2.34 3.62 2.94 4.6 2.21 2.89 4.08 3.28 4.42 1.07 0.58 1.6 4.48 4.66 4.99 1.69 3.57 3.12 2 3.82 
2.03 3.68 1.21 1.75 2.31 1.44 1.68 0 3.41 3.55 2.1 2.34 2.85 3 3.72 0.92 2.51 2.51 2.49 4.37 0.77 1.18 1.65 3.6 4.09 3.44 1.13 1.9 1.51 0.46 3.51 
1.93 3.46 2.27 3.43 3.63 3.21 3.77 3.41 0 4.09 1.56 1.45 0.95 1.05 1.41 2.61 0.93 5.07 1.15 1.12 3.82 3.81 2.18 1.33 0.95 3.65 2.36 3.7 4.25 3.77 0.14 
2.47 0.87 3.07 5.11 1.26 2.11 5.16 3.55 4.09 0 2.86 4.32 3.16 4.63 3.06 3 3.81 2.53 3.1 5.15 4.31 4.72 4.25 3.04 3.95 0.48 3.73 1.73 2.63 3.42 4.23 
0.41 2.47 0.91 2.84 2.14 1.65 3.06 2.1 1.56 2.86 0 1.48 0.78 1.79 1.63 1.2 0.98 3.51 0.44 2.67 2.71 2.87 1.64 1.51 2.03 2.49 1.37 2.15 2.7 2.38 1.7 
1.86 3.94 1.52 1.99 3.46 2.75 2.34 2.34 1.45 4.32 1.48 0 1.6 0.68 2.53 1.82 0.7 4.52 1.4 2.13 2.56 2.45 0.8 2.42 2.38 3.97 1.22 3.33 3.56 2.78 1.49 
1.06 2.58 1.65 3.35 2.7 2.36 3.62 2.85 0.95 3.16 0.78 1.6 0 1.6 0.99 1.97 0.91 4.21 0.37 2.05 3.41 3.51 2.06 0.87 1.26 2.73 1.99 2.81 3.45 3.15 1.09 
2.2 4.14 2.09 2.57 3.9 3.27 2.94 3 1.05 4.63 1.79 0.68 1.6 0 2.38 2.41 0.82 5.09 1.54 1.49 3.23 3.1 1.46 2.29 2 4.23 1.88 3.84 4.16 3.43 1.03 
1.73 2.3 2.53 4.33 3.01 2.94 4.6 3.72 1.41 3.06 1.63 2.53 0.99 2.38 0 2.81 1.84 4.66 1.32 2.23 4.33 4.47 3.04 0.12 0.9 2.59 2.95 3.25 4.05 3.96 1.51 
1.12 2.96 0.35 2.12 1.88 1.02 2.21 0.92 2.61 3 1.2 1.82 1.97 2.41 2.81 0 1.76 2.71 1.61 3.65 1.59 1.86 1.38 2.7 3.21 2.8 0.78 1.62 1.75 1.19 2.72 
1.39 3.36 1.42 2.58 3.1 2.52 2.89 2.51 0.93 3.81 0.98 0.7 0.91 0.82 1.84 1.76 0 4.37 0.76 1.89 2.9 2.89 1.29 1.73 1.77 3.43 1.44 3.07 3.48 2.89 1.01 
3.16 3.21 3.01 4.23 1.7 1.87 4.08 2.51 5.07 2.53 3.51 4.52 4.21 5.09 4.66 2.71 4.37 0 3.93 6.18 3.02 3.51 4.01 4.59 5.39 2.77 3.41 1.42 1.01 2.11 5.2 
0.79 2.61 1.29 3.02 2.5 2.07 3.28 2.49 1.15 3.1 0.44 1.4 0.37 1.54 1.32 1.61 0.76 3.93 0 2.26 3.04 3.16 1.76 1.2 1.61 2.7 1.64 2.56 3.14 2.79 1.28 
3.05 4.47 3.3 4.04 4.75 4.31 4.42 4.37 1.12 5.15 2.67 2.13 2.05 1.49 2.23 3.65 1.89 6.18 2.26 0 4.68 4.57 2.93 2.2 1.4 4.7 3.27 4.81 5.33 4.77 0.99 
2.7 4.44 1.81 1.28 3.06 2.2 1.07 0.77 3.82 4.31 2.71 2.56 3.41 3.23 4.33 1.59 2.9 3.02 3.04 4.68 0 0.5 1.77 4.21 4.59 4.2 1.47 2.63 2.08 0.96 3.9 
2.93 4.8 2.02 0.84 3.48 2.61 0.58 1.18 3.81 4.72 2.87 2.45 3.51 3.1 4.47 1.86 2.89 3.51 3.16 4.57 0.5 0 1.66 4.35 4.64 4.58 1.53 3.07 2.56 1.44 3.88 
1.9 4.03 1.2 1.29 3.22 2.39 1.6 1.65 2.18 4.25 1.64 0.8 2.06 1.46 3.04 1.38 1.29 4.01 1.76 2.93 1.77 1.66 0 2.93 3.06 3.96 0.61 2.99 3.02 2.1 2.24 
1.63 2.3 2.42 4.21 2.94 2.85 4.48 3.6 1.33 3.04 1.51 2.42 0.87 2.29 0.12 2.7 1.73 4.59 1.2 2.2 4.21 4.35 2.93 0 0.91 2.58 2.83 3.17 3.96 3.85 1.44 
2.28 3.19 2.89 4.34 3.79 3.58 4.66 4.09 0.95 3.95 2.03 2.38 1.26 2 0.9 3.21 1.77 5.39 1.61 1.4 4.59 4.64 3.06 0.91 0 3.48 3.14 3.97 4.68 4.4 0.97 
2.12 0.45 2.81 4.91 1.27 2.01 4.99 3.44 3.65 0.48 2.49 3.97 2.73 4.23 2.59 2.8 3.43 2.77 2.7 4.7 4.2 4.58 3.96 2.58 3.48 0 3.48 1.75 2.71 3.37 3.79 
1.52 3.59 0.67 1.5 2.65 1.8 1.69 1.13 2.36 3.73 1.37 1.22 1.99 1.88 2.95 0.78 1.44 3.41 1.64 3.27 1.47 1.53 0.61 2.83 3.14 3.48 0 2.39 2.42 1.56 2.45 
1.77 2.11 1.84 3.58 0.49 0.6 3.57 1.9 3.7 1.73 2.15 3.33 2.81 3.84 3.25 1.62 3.07 1.42 2.56 4.81 2.63 3.07 2.99 3.17 3.97 1.75 2.39 0 0.98 1.71 3.83 
2.41 3.09 2.08 3.24 1.45 1.11 3.12 1.51 4.25 2.63 2.7 3.56 3.45 4.16 4.05 1.75 3.48 1.01 3.14 5.33 2.08 2.56 3.02 3.96 4.68 2.71 2.42 0.98 0 1.13 4.38 
2.24 3.66 1.52 2.12 2.16 1.37 2 0.46 3.77 3.42 2.38 2.78 3.15 3.43 3.96 1.19 2.89 2.11 2.79 4.77 0.96 1.44 2.1 3.85 4.4 3.37 1.56 1.71 1.13 0 3.88 
2.07 3.6 2.38 3.47 3.77 3.34 3.82 3.51 0.14 4.23 1.7 1.49 1.09 1.03 1.51 2.72 1.01 5.2 1.28 0.99 3.9 3.88 2.24 1.44 0.97 3.79 2.45 3.83 4.38 3.88 0 
