Number_Of_Customers: 15
Vehicle_Capacity:    50
Alpha:               0.75
Number_Of_Scenarios: 3

Location_Coordinates:
0 0 0
1 -1.02891 2.18622
2 -1.12315 -1.70155
3 2.03441 2.38535
4 0.521962 -2.38386
5 -0.514051 0.339824
6 1.42427 -2.22728
7 1.04012 1.27373
8 -2.49614 2.31067
9 0.47357 -0.712557
10 -0.945283 -2.37712
11 -2.24567 2.02477
12 0.346593 0.190999
13 0.126324 -1.86867
14 -1.76084 0.543904
15 1.39447 1.77481

Demand_per_scenario:
1 6 7 9
2 5 6 7
3 3 4 5
4 2 3 4
5 6 7 9
6 5 7 8
7 3 4 5
8 5 6 7
9 4 5 6
10 3 4 5
11 3 4 5
12 4 4 5
13 2 3 4
14 5 7 8
15 6 8 10

Probability_of_each_scenario_occuring:
0.333333 0.333333 0.333333 

Travel_Costs:
0 2.42 2.04 3.14 2.45 0.62 2.65 1.65 3.41 0.86 2.56 3.03 0.4 1.88 1.85 2.26 
2.42 0 3.89 3.07 4.83 1.92 5.05 2.27 1.48 3.27 4.57 1.23 2.43 4.22 1.8 2.46 
2.04 3.89 0 5.17 1.79 2.14 2.61 3.68 4.25 1.88 0.7 3.9 2.4 1.27 2.34 4.3 
3.14 3.07 5.17 0 5.01 3.27 4.66 1.5 4.54 3.47 5.62 4.3 2.77 4.67 4.22 0.89 
2.45 4.83 1.79 5.01 0 2.92 0.92 3.7 5.59 1.68 1.47 5.21 2.59 0.65 3.72 4.25 
0.62 1.92 2.14 3.27 2.92 0 3.22 1.82 2.8 1.45 2.76 2.42 0.88 2.3 1.27 2.39 
2.65 5.05 2.61 4.66 0.92 3.22 0 3.53 6 1.79 2.38 5.62 2.65 1.35 4.23 4.01 
1.65 2.27 3.68 1.5 3.7 1.82 3.53 0 3.69 2.07 4.16 3.38 1.29 3.28 2.9 0.62 
3.41 1.48 4.25 4.54 5.59 2.8 6 3.69 0 4.24 4.94 0.39 3.55 4.94 1.92 3.93 
0.86 3.27 1.88 3.47 1.68 1.45 1.79 2.07 4.24 0 2.19 3.86 0.92 1.21 2.57 2.66 
2.56 4.57 0.7 5.62 1.47 2.76 2.38 4.16 4.94 2.19 0 4.59 2.88 1.19 3.04 4.77 
3.03 1.23 3.9 4.3 5.21 2.42 5.62 3.38 0.39 3.86 4.59 0 3.18 4.56 1.56 3.65 
0.4 2.43 2.4 2.77 2.59 0.88 2.65 1.29 3.55 0.92 2.88 3.18 0 2.08 2.14 1.9 
1.88 4.22 1.27 4.67 0.65 2.3 1.35 3.28 4.94 1.21 1.19 4.56 2.08 0 3.07 3.86 
1.85 1.8 2.34 4.22 3.72 1.27 4.23 2.9 1.92 2.57 3.04 1.56 2.14 3.07 0 3.39 
2.26 2.46 4.3 0.89 4.25 2.39 4.01 0.62 3.93 2.66 4.77 3.65 1.9 3.86 3.39 0 
