Number_Of_Customers: 40
Vehicle_Capacity:    50
Alpha:               0.75
Number_Of_Scenarios: 3

Location_Coordinates:
0 0 0
1 2.33863 0.408695
2 -1.06972 1.18645
3 0.659237 -0.198533
4 -1.73624 -0.968346
5 0.00182926 0.744424
6 1.53739 -1.16775
7 -1.45364 -1.30168
8 -2.39136 -1.54607
9 0.253083 -1.43775
10 0.786786 -1.49522
11 -0.172901 -0.9438
12 -2.44606 -0.990784
13 -2.10927 -0.485162
14 0.881121 -1.00644
15 -0.302828 0.372037
16 -2.16938 -0.691657
17 0.312695 0.473071
18 0.903601 1.82992
19 0.533586 -2.02649
20 0.777039 -0.302577
21 -0.413228 -0.124327
22 0.442504 2.16824
23 1.61343 1.99421
24 1.76709 -0.450439
25 -0.533055 0.94229
26 2.07121 0.885622
27 -0.356485 -1.43881
28 -2.13744 1.05855
29 1.07202 2.47131
30 0.379962 1.01712
31 -0.335885 -0.219999
32 2.4771 -2.39098
33 -0.183268 -0.182846
34 1.91117 1.05079
35 0.604959 -2.44921
36 1.09396 1.17443
37 -1.40932 -1.45833
38 -0.213673 -1.20547
39 -0.334881 1.65017
40 -0.58598 1.43931

Demand_per_scenario:
1 5 7 8
2 2 3 3
3 5 7 9
4 6 9 10
5 2 3 3
6 3 5 5
7 4 6 7
8 5 7 8
9 5 6 7
10 6 8 10
11 4 6 7
12 5 7 9
13 4 5 7
14 4 5 6
15 5 6 8
16 6 8 9
17 6 8 10
18 3 4 5
19 4 5 6
20 6 9 10
21 4 5 6
22 4 5 6
23 3 4 5
24 3 5 6
25 4 5 6
26 3 5 5
27 2 3 3
28 4 6 7
29 3 4 5
30 5 7 8
31 4 5 6
32 3 4 5
33 3 4 5
34 2 3 3
35 4 6 7
36 5 6 8
37 4 6 7
38 5 6 8
39 3 5 6
40 2 3 3

Probability_of_each_scenario_occuring:
0.333333 0.333333 0.333333 

Travel_Costs:
0 2.38 1.6 0.69 1.99 0.75 1.94 1.96 2.85 1.46 1.69 0.96 2.64 2.17 1.34 0.48 2.28 0.57 2.05 2.1 0.84 0.44 2.22 2.57 1.83 1.09 2.26 1.49 2.39 2.7 1.09 0.41 3.45 0.26 2.19 2.53 1.61 2.03 1.23 1.69 1.56 
2.38 0 3.5 1.79 4.31 2.37 1.77 4.17 5.12 2.79 2.46 2.86 4.99 4.54 2.04 2.65 4.65 2.03 2.02 3.04 1.72 2.81 2.59 1.75 1.04 2.93 0.55 3.27 4.53 2.43 2.06 2.75 2.81 2.6 0.78 3.35 1.47 4.19 3.02 2.95 3.11 
1.6 3.5 0 2.22 2.26 1.16 3.52 2.52 3.04 2.94 3.27 2.32 2.58 1.97 2.94 1.12 2.18 1.56 2.08 3.6 2.38 1.47 1.81 2.81 3.28 0.59 3.16 2.73 1.08 2.5 1.46 1.59 5.04 1.64 2.99 4.01 2.17 2.67 2.55 0.87 0.55 
0.69 1.79 2.22 0 2.52 1.15 1.31 2.39 3.34 1.31 1.31 1.12 3.21 2.79 0.84 1.12 2.88 0.76 2.05 1.84 0.16 1.08 2.38 2.4 1.14 1.66 1.79 1.61 3.07 2.71 1.25 1 2.85 0.85 1.77 2.26 1.45 2.43 1.34 2.1 2.06 
1.99 4.31 2.26 2.52 0 2.45 3.28 0.44 0.88 2.05 2.58 1.57 0.72 0.62 2.62 1.97 0.52 2.51 3.85 2.51 2.6 1.57 3.82 4.48 3.55 2.26 4.24 1.46 2.07 4.45 2.91 1.59 4.45 1.75 4.17 2.78 3.55 0.59 1.55 2.97 2.67 
0.75 2.37 1.16 1.15 2.45 0 2.46 2.52 3.32 2.2 2.38 1.7 3.01 2.45 1.96 0.49 2.61 0.42 1.42 2.83 1.31 0.97 1.5 2.04 2.14 0.58 2.08 2.22 2.17 2.04 0.47 1.03 4 0.95 1.94 3.26 1.18 2.62 1.97 0.97 0.92 
1.94 1.77 3.52 1.31 3.28 2.46 0 3 3.95 1.32 0.82 1.73 3.99 3.71 0.68 2.4 3.74 2.05 3.07 1.33 1.16 2.22 3.52 3.17 0.76 2.96 2.13 1.92 4.3 3.67 2.48 2.1 1.55 1.99 2.25 1.59 2.39 2.97 1.76 3.39 3.37 
1.96 4.17 2.52 2.39 0.44 2.52 3 0 0.97 1.72 2.25 1.33 1.04 1.05 2.36 2.04 0.95 2.51 3.92 2.12 2.45 1.58 3.96 4.51 3.34 2.43 4.15 1.11 2.46 4.55 2.96 1.56 4.08 1.7 4.11 2.36 3.56 0.17 1.25 3.16 2.88 
2.85 5.12 3.04 3.34 0.88 3.32 3.95 0.97 0 2.65 3.18 2.3 0.56 1.1 3.32 2.84 0.89 3.38 4.72 2.97 3.41 2.44 4.68 5.35 4.31 3.11 5.09 2.04 2.62 5.31 3.78 2.45 4.95 2.6 5.03 3.13 4.43 0.99 2.21 3.81 3.49 
1.46 2.79 2.94 1.31 2.05 2.2 1.32 1.72 2.65 0 0.54 0.66 2.74 2.55 0.77 1.9 2.54 1.92 3.34 0.66 1.26 1.48 3.62 3.7 1.81 2.51 2.96 0.61 3.46 4 2.46 1.36 2.42 1.33 3 1.08 2.75 1.67 0.53 3.15 3 
1.69 2.46 3.27 1.31 2.58 2.38 0.82 2.25 3.18 0.54 0 1.11 3.28 3.07 0.5 2.17 3.07 2.03 3.33 0.59 1.2 1.83 3.68 3.59 1.44 2.78 2.71 1.15 3.89 3.98 2.55 1.7 1.92 1.64 2.79 0.98 2.69 2.2 1.05 3.34 3.24 
0.96 2.86 2.32 1.12 1.57 1.7 1.73 1.33 2.3 0.66 1.11 0 2.28 1.99 1.06 1.33 2.02 1.5 2.98 1.3 1.15 0.86 3.18 3.44 2.01 1.93 2.9 0.53 2.81 3.64 2.04 0.75 3.02 0.77 2.89 1.7 2.47 1.34 0.27 2.6 2.42 
2.64 4.99 2.58 3.21 0.72 3.01 3.99 1.04 0.56 2.74 3.28 2.28 0 0.61 3.33 2.54 0.41 3.13 4.38 3.16 3.3 2.21 4.29 5.04 4.25 2.72 4.9 2.14 2.08 4.94 3.47 2.25 5.12 2.41 4.82 3.39 4.15 1.14 2.25 3.39 3.07 
2.17 4.54 1.97 2.79 0.62 2.45 3.71 1.05 1.1 2.55 3.07 1.99 0.61 0 3.04 2 0.22 2.61 3.8 3.06 2.9 1.74 3.69 4.48 3.88 2.13 4.4 2 1.55 4.35 2.91 1.8 4.97 1.95 4.31 3.36 3.61 1.2 2.03 2.78 2.46 
1.34 2.04 2.94 0.84 2.62 1.96 0.68 2.36 3.32 0.77 0.5 1.06 3.33 3.04 0 1.82 3.07 1.59 2.84 1.08 0.72 1.57 3.21 3.09 1.05 2.41 2.24 1.32 3.66 3.49 2.09 1.45 2.12 1.35 2.31 1.47 2.2 2.34 1.12 2.93 2.86 
0.48 2.65 1.12 1.12 1.97 0.49 2.4 2.04 2.84 1.9 2.17 1.33 2.54 2 1.82 0 2.15 0.63 1.9 2.55 1.28 0.51 1.95 2.52 2.23 0.62 2.43 1.82 1.96 2.51 0.94 0.6 3.92 0.57 2.32 2.97 1.62 2.14 1.59 1.28 1.11 
2.28 4.65 2.18 2.88 0.52 2.61 3.74 0.95 0.89 2.54 3.07 2.02 0.41 0.22 3.07 2.15 0 2.75 3.98 3.02 2.98 1.85 3.88 4.64 3.95 2.32 4.53 1.97 1.76 4.53 3.07 1.9 4.95 2.06 4.44 3.29 3.76 1.08 2.03 2.98 2.66 
0.57 2.03 1.56 0.76 2.51 0.42 2.05 2.51 3.38 1.92 2.03 1.5 3.13 2.61 1.59 0.63 2.75 0 1.48 2.51 0.91 0.95 1.71 2.01 1.73 0.97 1.81 2.03 2.52 2.14 0.55 0.95 3.59 0.83 1.7 2.94 1.05 2.59 1.76 1.35 1.32 
2.05 2.02 2.08 2.05 3.85 1.42 3.07 3.92 4.72 3.34 3.33 2.98 4.38 3.8 2.84 1.9 3.98 1.48 0 3.88 2.14 2.36 0.58 0.73 2.44 1.69 1.51 3.51 3.14 0.67 0.97 2.4 4.51 2.29 1.28 4.29 0.69 4.03 3.24 1.26 1.54 
2.1 3.04 3.6 1.84 2.51 2.83 1.33 2.12 2.97 0.66 0.59 1.3 3.16 3.06 1.08 2.55 3.02 2.51 3.88 0 1.75 2.13 4.2 4.17 2.01 3.16 3.3 1.07 4.09 4.53 3.05 2.01 1.98 1.98 3.38 0.43 3.25 2.03 1.12 3.78 3.65 
0.84 1.72 2.38 0.16 2.6 1.31 1.16 2.45 3.41 1.26 1.2 1.15 3.3 2.9 0.72 1.28 2.98 0.91 2.14 1.75 0 1.21 2.5 2.45 1.01 1.81 1.76 1.61 3.22 2.79 1.38 1.12 2.7 0.97 1.77 2.16 1.52 2.48 1.35 2.25 2.22 
0.44 2.81 1.47 1.08 1.57 0.97 2.22 1.58 2.44 1.48 1.83 0.86 2.21 1.74 1.57 0.51 1.85 0.95 2.36 2.13 1.21 0 2.45 2.94 2.21 1.08 2.69 1.32 2.1 3 1.39 0.13 3.68 0.24 2.61 2.54 1.99 1.67 1.1 1.78 1.58 
2.22 2.59 1.81 2.38 3.82 1.5 3.52 3.96 4.68 3.62 3.68 3.18 4.29 3.69 3.21 1.95 3.88 1.71 0.58 4.2 2.5 2.45 0 1.19 2.94 1.57 2.08 3.7 2.81 0.7 1.16 2.52 5 2.44 1.85 4.63 1.19 4.08 3.44 0.94 1.27 
2.57 1.75 2.81 2.4 4.48 2.04 3.17 4.51 5.35 3.7 3.59 3.44 5.04 4.48 3.09 2.52 4.64 2.01 0.73 4.17 2.45 2.94 1.19 0 2.45 2.4 1.2 3.96 3.87 0.73 1.58 2.96 4.47 2.83 0.99 4.56 0.98 4.59 3.69 1.98 2.27 
1.83 1.04 3.28 1.14 3.55 2.14 0.76 3.34 4.31 1.81 1.44 2.01 4.25 3.88 1.05 2.23 3.95 1.73 2.44 2.01 1.01 2.21 2.94 2.45 0 2.69 1.38 2.35 4.19 3.01 2.02 2.12 2.07 1.97 1.51 2.32 1.76 3.34 2.12 2.98 3.02 
1.09 2.93 0.59 1.66 2.26 0.58 2.96 2.43 3.11 2.51 2.78 1.93 2.72 2.13 2.41 0.62 2.32 0.97 1.69 3.16 1.81 1.08 1.57 2.4 2.69 0 2.61 2.39 1.61 2.22 0.92 1.18 4.5 1.18 2.45 3.58 1.65 2.56 2.18 0.74 0.5 
2.26 0.55 3.16 1.79 4.24 2.08 2.13 4.15 5.09 2.96 2.71 2.9 4.9 4.4 2.24 2.43 4.53 1.81 1.51 3.3 1.76 2.69 2.08 1.2 1.38 2.61 0 3.37 4.22 1.88 1.7 2.65 3.31 2.5 0.23 3.65 1.02 4.2 3.1 2.53 2.72 
1.49 3.27 2.73 1.61 1.46 2.22 1.92 1.11 2.04 0.61 1.15 0.53 2.14 2 1.32 1.82 1.97 2.03 3.51 1.07 1.61 1.32 3.7 3.96 2.35 2.39 3.37 0 3.07 4.17 2.57 1.22 2.99 1.27 3.37 1.4 2.99 1.06 0.28 3.09 2.89 
2.39 4.53 1.08 3.07 2.07 2.17 4.3 2.46 2.62 3.46 3.89 2.81 2.08 1.55 3.66 1.96 1.76 2.52 3.14 4.09 3.22 2.1 2.81 3.87 4.19 1.61 4.22 3.07 0 3.51 2.52 2.21 5.77 2.32 4.05 4.46 3.24 2.63 2.98 1.9 1.6 
2.7 2.43 2.5 2.71 4.45 2.04 3.67 4.55 5.31 4 3.98 3.64 4.94 4.35 3.49 2.51 4.53 2.14 0.67 4.53 2.79 3 0.7 0.73 3.01 2.22 1.88 4.17 3.51 0 1.62 3.04 5.07 2.94 1.65 4.95 1.3 4.65 3.9 1.63 1.96 
1.09 2.06 1.46 1.25 2.91 0.47 2.48 2.96 3.78 2.46 2.55 2.04 3.47 2.91 2.09 0.94 3.07 0.55 0.97 3.05 1.38 1.39 1.16 1.58 2.02 0.92 1.7 2.57 2.52 1.62 0 1.43 4.01 1.33 1.54 3.48 0.74 3.06 2.31 0.96 1.06 
0.41 2.75 1.59 1 1.59 1.03 2.1 1.56 2.45 1.36 1.7 0.75 2.25 1.8 1.45 0.6 1.9 0.95 2.4 2.01 1.12 0.13 2.52 2.96 2.12 1.18 2.65 1.22 2.21 3.04 1.43 0 3.56 0.16 2.59 2.42 2 1.64 1 1.88 1.68 
3.45 2.81 5.04 2.85 4.45 4 1.55 4.08 4.95 2.42 1.92 3.02 5.12 4.97 2.12 3.92 4.95 3.59 4.51 1.98 2.7 3.68 5 4.47 2.07 4.5 3.31 2.99 5.77 5.07 4.01 3.56 0 3.46 3.49 1.88 3.83 4 2.95 4.93 4.91 
0.26 2.6 1.64 0.85 1.75 0.95 1.99 1.7 2.6 1.33 1.64 0.77 2.41 1.95 1.35 0.57 2.06 0.83 2.29 1.98 0.97 0.24 2.44 2.83 1.97 1.18 2.5 1.27 2.32 2.94 1.33 0.16 3.46 0 2.44 2.4 1.87 1.77 1.03 1.84 1.68 
2.19 0.78 2.99 1.77 4.17 1.94 2.25 4.11 5.03 3 2.79 2.89 4.82 4.31 2.31 2.32 4.44 1.7 1.28 3.38 1.77 2.61 1.85 0.99 1.51 2.45 0.23 3.37 4.05 1.65 1.54 2.59 3.49 2.44 0 3.74 0.83 4.17 3.1 2.33 2.53 
2.53 3.35 4.01 2.26 2.78 3.26 1.59 2.36 3.13 1.08 0.98 1.7 3.39 3.36 1.47 2.97 3.29 2.94 4.29 0.43 2.16 2.54 4.63 4.56 2.32 3.58 3.65 1.4 4.46 4.95 3.48 2.42 1.88 2.4 3.74 0 3.66 2.25 1.49 4.21 4.07 
1.61 1.47 2.17 1.45 3.55 1.18 2.39 3.56 4.43 2.75 2.69 2.47 4.15 3.61 2.2 1.62 3.76 1.05 0.69 3.25 1.52 1.99 1.19 0.98 1.76 1.65 1.02 2.99 3.24 1.3 0.74 2 3.83 1.87 0.83 3.66 0 3.64 2.72 1.51 1.71 
2.03 4.19 2.67 2.43 0.59 2.62 2.97 0.17 0.99 1.67 2.2 1.34 1.14 1.2 2.34 2.14 1.08 2.59 4.03 2.03 2.48 1.67 4.08 4.59 3.34 2.56 4.2 1.06 2.63 4.65 3.06 1.64 4 1.77 4.17 2.25 3.64 0 1.23 3.29 3.02 
1.23 3.02 2.55 1.34 1.55 1.97 1.76 1.25 2.21 0.53 1.05 0.27 2.25 2.03 1.12 1.59 2.03 1.76 3.24 1.12 1.35 1.1 3.44 3.69 2.12 2.18 3.1 0.28 2.98 3.9 2.31 1 2.95 1.03 3.1 1.49 2.72 1.23 0 2.86 2.68 
1.69 2.95 0.87 2.1 2.97 0.97 3.39 3.16 3.81 3.15 3.34 2.6 3.39 2.78 2.93 1.28 2.98 1.35 1.26 3.78 2.25 1.78 0.94 1.98 2.98 0.74 2.53 3.09 1.9 1.63 0.96 1.88 4.93 1.84 2.33 4.21 1.51 3.29 2.86 0 0.33 
1.56 3.11 0.55 2.06 2.67 0.92 3.37 2.88 3.49 3 3.24 2.42 3.07 2.46 2.86 1.11 2.66 1.32 1.54 3.65 2.22 1.58 1.27 2.27 3.02 0.5 2.72 2.89 1.6 1.96 1.06 1.68 4.91 1.68 2.53 4.07 1.71 3.02 2.68 0.33 0 
