Number_Of_Customers: 10
Vehicle_Capacity:    50
Alpha:               0.75
Number_Of_Scenarios: 3

Location_Coordinates:
0 0 0
1 -1.61578 -1.43301
2 0.380139 -1.00127
3 1.61526 -2.2604
4 -0.582142 0.943458
5 1.69795 2.40459
6 -0.997644 -2.39748
7 0.557526 0.337249
8 -1.85077 -0.957665
9 -0.472373 0.820769
10 -0.331018 1.57538

Demand_per_scenario:
1 6 7 9
2 4 5 6
3 5 7 8
4 3 4 5
5 5 6 7
6 5 6 7
7 4 5 7
8 3 4 5
9 3 3 4
10 3 4 5

Probability_of_each_scenario_occuring:
0.333333 0.333333 0.333333 

Travel_Costs:
0 2.16 1.08 2.78 1.11 2.95 2.6 0.66 2.09 0.95 1.61 
2.16 0 2.05 3.34 2.6 5.08 1.15 2.81 0.54 2.53 3.28 
1.08 2.05 0 1.77 2.17 3.66 1.97 1.36 2.24 2.02 2.68 
2.78 3.34 1.77 0 3.89 4.67 2.62 2.81 3.71 3.73 4.31 
1.11 2.6 2.17 3.89 0 2.71 3.37 1.3 2.29 0.17 0.68 
2.95 5.08 3.66 4.67 2.71 0 5.51 2.37 4.89 2.69 2.2 
2.6 1.15 1.97 2.62 3.37 5.51 0 3.15 1.68 3.27 4.03 
0.66 2.81 1.36 2.81 1.3 2.37 3.15 0 2.74 1.14 1.53 
2.09 0.54 2.24 3.71 2.29 4.89 1.68 2.74 0 2.26 2.96 
0.95 2.53 2.02 3.73 0.17 2.69 3.27 1.14 2.26 0 0.77 
1.61 3.28 2.68 4.31 0.68 2.2 4.03 1.53 2.96 0.77 0 
