Number_Of_Customers: 25
Vehicle_Capacity:    50
Alpha:               0.75
Number_Of_Scenarios: 3

Location_Coordinates:
0 0 0
1 1.68656 0.949061
2 0.875545 0.278302
3 2.4183 -0.659496
4 0.849184 2.24123
5 -1.57736 -0.639643
6 -0.481271 1.274
7 2.06319 0.964533
8 0.910068 0.508296
9 -2.06346 -0.513532
10 -0.934048 1.45423
11 1.26078 -0.115541
12 -1.90341 -0.66696
13 0.41119 0.872613
14 1.00458 -1.08056
15 -0.983291 -1.17039
16 -0.6981 2.03981
17 -1.95708 2.30239
18 1.20435 1.44735
19 0.574948 -1.85018
20 -0.975679 1.76876
21 -2.48314 0.806741
22 -1.10701 -0.441862
23 -1.3745 -1.27292
24 1.08589 0.562348
25 1.38592 -1.90512

Demand_per_scenario:
1 5 6 7
2 4 5 7
3 3 4 5
4 5 6 7
5 1 2 2
6 3 4 5
7 4 5 6
8 6 8 10
9 5 6 7
10 4 5 6
11 6 7 9
12 5 6 7
13 5 7 8
14 5 6 8
15 5 6 7
16 5 6 8
17 3 4 5
18 4 5 6
19 5 7 9
20 5 6 7
21 4 5 6
22 3 3 4
23 7 9 11
24 2 2 3
25 5 6 7

Probability_of_each_scenario_occuring:
0.333333 0.333333 0.333333 

Travel_Costs:
0 1.94 0.92 2.51 2.4 1.71 1.37 2.28 1.05 2.13 1.73 1.27 2.02 0.97 1.48 1.53 2.16 3.03 1.89 1.94 2.03 2.62 1.2 1.88 1.23 2.36 
1.94 0 1.06 1.77 1.54 3.64 2.2 0.38 0.9 4.03 2.67 1.15 3.94 1.28 2.15 3.41 2.63 3.89 0.7 3.02 2.79 4.18 3.13 3.79 0.72 2.87 
0.92 1.06 0 1.81 1.97 2.62 1.69 1.38 0.24 3.05 2.16 0.56 2.94 0.76 1.37 2.36 2.37 3.49 1.22 2.15 2.38 3.41 2.11 2.74 0.36 2.25 
2.51 1.77 1.81 0 3.3 4 3.49 1.67 1.91 4.49 3.97 1.28 4.33 2.53 1.48 3.44 4.13 5.29 2.44 2.2 4.18 5.12 3.54 3.85 1.81 1.62 
2.4 1.54 1.97 3.3 0 3.77 1.65 1.77 1.74 4.01 1.95 2.4 4.01 1.44 3.33 3.88 1.57 2.81 0.87 4.11 1.89 3.63 3.33 4.16 1.7 4.19 
1.71 3.64 2.62 4 3.77 0 2.21 3.98 2.74 0.51 2.2 2.89 0.33 2.5 2.62 0.8 2.83 2.97 3.48 2.47 2.49 1.71 0.52 0.67 2.93 3.23 
1.37 2.2 1.69 3.49 1.65 2.21 0 2.57 1.59 2.39 0.49 2.23 2.41 0.98 2.79 2.5 0.8 1.8 1.7 3.3 0.7 2.06 1.83 2.7 1.73 3.69 
2.28 0.38 1.38 1.67 1.77 3.98 2.57 0 1.25 4.39 3.04 1.35 4.29 1.66 2.31 3.73 2.97 4.24 0.99 3.19 3.15 4.55 3.47 4.11 1.06 2.95 
1.05 0.9 0.24 1.91 1.74 2.74 1.59 1.25 0 3.15 2.08 0.72 3.05 0.62 1.6 2.54 2.23 3.39 0.99 2.39 2.27 3.41 2.23 2.9 0.19 2.46 
2.13 4.03 3.05 4.49 4.01 0.51 2.39 4.39 3.15 0 2.27 3.35 0.23 2.84 3.12 1.27 2.9 2.82 3.82 2.96 2.53 1.39 0.96 1.03 3.33 3.72 
1.73 2.67 2.16 3.97 1.95 2.2 0.49 3.04 2.08 2.27 0 2.7 2.34 1.47 3.2 2.63 0.64 1.33 2.14 3.64 0.32 1.68 1.91 2.77 2.21 4.09 
1.27 1.15 0.56 1.28 2.4 2.89 2.23 1.35 0.72 3.35 2.7 0 3.22 1.31 1 2.48 2.92 4.03 1.57 1.87 2.93 3.86 2.4 2.88 0.71 1.8 
2.02 3.94 2.94 4.33 4.01 0.33 2.41 4.29 3.05 0.23 2.34 3.22 0 2.78 2.94 1.05 2.97 2.97 3.76 2.75 2.61 1.59 0.83 0.81 3.24 3.52 
0.97 1.28 0.76 2.53 1.44 2.5 0.98 1.66 0.62 2.84 1.47 1.31 2.78 0 2.05 2.48 1.62 2.77 0.98 2.73 1.66 2.9 2.01 2.8 0.75 2.95 
1.48 2.15 1.37 1.48 3.33 2.62 2.79 2.31 1.6 3.12 3.2 1 2.94 2.05 0 1.99 3.56 4.5 2.54 0.89 3.47 3.97 2.21 2.39 1.65 0.91 
1.53 3.41 2.36 3.44 3.88 0.8 2.5 3.73 2.54 1.27 2.63 2.48 1.05 2.48 1.99 0 3.23 3.61 3.42 1.71 2.94 2.49 0.74 0.41 2.7 2.49 
2.16 2.63 2.37 4.13 1.57 2.83 0.8 2.97 2.23 2.9 0.64 2.92 2.97 1.62 3.56 3.23 0 1.29 2 4.1 0.39 2.17 2.52 3.39 2.32 4.47 
3.03 3.89 3.49 5.29 2.81 2.97 1.8 4.24 3.39 2.82 1.33 4.03 2.97 2.77 4.5 3.61 1.29 0 3.28 4.87 1.12 1.59 2.88 3.63 3.51 5.38 
1.89 0.7 1.22 2.44 0.87 3.48 1.7 0.99 0.99 3.82 2.14 1.57 3.76 0.98 2.54 3.42 2 3.28 0 3.36 2.21 3.75 2.99 3.75 0.9 3.36 
1.94 3.02 2.15 2.2 4.11 2.47 3.3 3.19 2.39 2.96 3.64 1.87 2.75 2.73 0.89 1.71 4.1 4.87 3.36 0 3.94 4.06 2.2 2.04 2.47 0.82 
2.03 2.79 2.38 4.18 1.89 2.49 0.7 3.15 2.27 2.53 0.32 2.93 2.61 1.66 3.47 2.94 0.39 1.12 2.21 3.94 0 1.79 2.22 3.07 2.39 4.37 
2.62 4.18 3.41 5.12 3.63 1.71 2.06 4.55 3.41 1.39 1.68 3.86 1.59 2.9 3.97 2.49 2.17 1.59 3.75 4.06 1.79 0 1.86 2.36 3.58 4.73 
1.2 3.13 2.11 3.54 3.33 0.52 1.83 3.47 2.23 0.96 1.91 2.4 0.83 2.01 2.21 0.74 2.52 2.88 2.99 2.2 2.22 1.86 0 0.88 2.42 2.9 
1.88 3.79 2.74 3.85 4.16 0.67 2.7 4.11 2.9 1.03 2.77 2.88 0.81 2.8 2.39 0.41 3.39 3.63 3.75 2.04 3.07 2.36 0.88 0 3.07 2.84 
1.23 0.72 0.36 1.81 1.7 2.93 1.73 1.06 0.19 3.33 2.21 0.71 3.24 0.75 1.65 2.7 2.32 3.51 0.9 2.47 2.39 3.58 2.42 3.07 0 2.49 
2.36 2.87 2.25 1.62 4.19 3.23 3.69 2.95 2.46 3.72 4.09 1.8 3.52 2.95 0.91 2.49 4.47 5.38 3.36 0.82 4.37 4.73 2.9 2.84 2.49 0 
