Number_Of_Customers: 25
Vehicle_Capacity:    50
Alpha:               1
Number_Of_Scenarios: 3

Location_Coordinates:
0 0 0
1 2.15122 0.522189
2 1.42927 1.6694
3 -2.41312 -2.3517
4 -0.0377081 1.24009
5 2.11641 0.576885
6 0.709042 1.87287
7 2.25213 1.50243
8 1.40399 1.80516
9 -0.66471 -1.77371
10 -0.761837 0.798119
11 -1.01239 -0.220088
12 0.972949 2.36152
13 0.0298595 1.8483
14 -0.624187 -0.715232
15 -0.899831 1.54085
16 2.11772 -2.45324
17 -1.67359 1.90912
18 1.55646 -0.619392
19 -0.12652 -1.42999
20 1.21389 1.9249
21 1.74793 2.48997
22 -1.14937 2.4609
23 0.418738 -2.27505
24 -1.77542 0.553306
25 -0.583783 -1.63706

Demand_per_scenario:
1 4 5 6
2 3 4 5
3 5 7 8
4 3 5 6
5 2 3 4
6 5 6 8
7 6 8 10
8 5 7 8
9 5 7 9
10 3 4 4
11 4 6 7
12 3 4 5
13 3 5 5
14 4 6 7
15 3 5 6
16 5 7 8
17 4 5 6
18 5 6 8
19 2 3 4
20 3 5 6
21 3 4 5
22 4 6 7
23 3 4 5
24 3 4 5
25 4 5 6

Probability_of_each_scenario_occuring:
0.333333 0.333333 0.333333 

Travel_Costs:
0 2.22 2.2 3.37 1.25 2.2 2.01 2.71 2.29 1.9 1.11 1.04 2.56 1.85 0.95 1.79 3.25 2.54 1.68 1.44 2.28 3.05 2.72 2.32 1.86 1.74 
2.22 0 1.36 5.4 2.31 0.07 1.98 0.99 1.49 3.64 2.93 3.25 2.19 2.51 3.04 3.22 2.98 4.07 1.29 3 1.69 2.01 3.83 3.3 3.93 3.49 
2.2 1.36 0 5.57 1.53 1.3 0.75 0.84 0.14 4.03 2.36 3.09 0.83 1.42 3.15 2.34 4.18 3.12 2.3 3.47 0.34 0.89 2.7 4.08 3.4 3.88 
3.37 5.4 5.57 0 4.31 5.4 5.26 6.06 5.65 1.85 3.56 2.56 5.81 4.86 2.43 4.18 4.54 4.33 4.34 2.47 5.61 6.39 4.98 2.84 2.98 1.97 
1.25 2.31 1.53 4.31 0 2.26 0.98 2.31 1.55 3.08 0.85 1.76 1.51 0.62 2.05 0.92 4.28 1.77 2.45 2.68 1.43 2.18 1.66 3.55 1.87 2.93 
2.2 0.07 1.3 5.4 2.26 0 1.92 0.94 1.42 3.65 2.89 3.23 2.12 2.45 3.03 3.17 3.04 4.02 1.33 3.01 1.63 1.95 3.78 3.32 3.9 3.5 
2.01 1.98 0.75 5.26 0.98 1.92 0 1.59 0.7 3.9 1.83 2.71 0.56 0.68 2.92 1.65 4.55 2.39 2.64 3.41 0.51 1.21 1.95 4.16 2.82 3.75 
2.71 0.99 0.84 6.06 2.31 0.94 1.59 0 0.91 4.39 3.1 3.7 1.55 2.25 3.64 3.16 3.96 3.95 2.24 3.78 1.13 1.11 3.54 4.2 4.14 4.24 
2.29 1.49 0.14 5.65 1.55 1.42 0.7 0.91 0 4.14 2.39 3.16 0.71 1.38 3.24 2.32 4.32 3.08 2.43 3.58 0.23 0.77 2.64 4.2 3.42 3.98 
1.9 3.64 4.03 1.85 3.08 3.65 3.9 4.39 4.14 0 2.58 1.6 4.45 3.69 1.06 3.33 2.87 3.82 2.51 0.64 4.15 4.9 4.27 1.2 2.58 0.16 
1.11 2.93 2.36 3.56 0.85 2.89 1.83 3.1 2.39 2.58 0 1.05 2.34 1.32 1.52 0.76 4.35 1.44 2.72 2.32 2.28 3.03 1.71 3.3 1.05 2.45 
1.04 3.25 3.09 2.56 1.76 3.23 2.71 3.7 3.16 1.6 1.05 0 3.26 2.32 0.63 1.77 3.85 2.23 2.6 1.5 3.1 3.87 2.69 2.51 1.09 1.49 
2.56 2.19 0.83 5.81 1.51 2.12 0.56 1.55 0.71 4.45 2.34 3.26 0 1.08 3.47 2.05 4.95 2.69 3.04 3.95 0.5 0.79 2.13 4.67 3.29 4.3 
1.85 2.51 1.42 4.86 0.62 2.45 0.68 2.25 1.38 3.69 1.32 2.32 1.08 0 2.65 0.98 4.79 1.71 2.91 3.29 1.19 1.84 1.33 4.15 2.23 3.54 
0.95 3.04 3.15 2.43 2.05 3.03 2.92 3.64 3.24 1.06 1.52 0.63 3.47 2.65 0 2.28 3.25 2.83 2.19 0.88 3.22 3.99 3.22 1.88 1.72 0.93 
1.79 3.22 2.34 4.18 0.92 3.17 1.65 3.16 2.32 3.33 0.76 1.77 2.05 0.98 2.28 0 5.01 0.86 3.28 3.07 2.15 2.82 0.96 4.04 1.32 3.2 
3.25 2.98 4.18 4.54 4.28 3.04 4.55 3.96 4.32 2.87 4.35 3.85 4.95 4.79 3.25 5.01 0 5.78 1.92 2.47 4.48 4.96 5.91 1.71 4.92 2.83 
2.54 4.07 3.12 4.33 1.77 4.02 2.39 3.95 3.08 3.82 1.44 2.23 2.69 1.71 2.83 0.86 5.78 0 4.11 3.69 2.89 3.48 0.77 4.68 1.36 3.71 
1.68 1.29 2.3 4.34 2.45 1.33 2.64 2.24 2.43 2.51 2.72 2.6 3.04 2.91 2.19 3.28 1.92 4.11 0 1.87 2.57 3.12 4.1 2.01 3.54 2.37 
1.44 3 3.47 2.47 2.68 3.01 3.41 3.78 3.58 0.64 2.32 1.5 3.95 3.29 0.88 3.07 2.47 3.69 1.87 0 3.62 4.35 4.03 1.01 2.58 0.51 
2.28 1.69 0.34 5.61 1.43 1.63 0.51 1.13 0.23 4.15 2.28 3.1 0.5 1.19 3.22 2.15 4.48 2.89 2.57 3.62 0 0.78 2.43 4.28 3.29 3.99 
3.05 2.01 0.89 6.39 2.18 1.95 1.21 1.11 0.77 4.9 3.03 3.87 0.79 1.84 3.99 2.82 4.96 3.48 3.12 4.35 0.78 0 2.9 4.95 4.03 4.75 
2.72 3.83 2.7 4.98 1.66 3.78 1.95 3.54 2.64 4.27 1.71 2.69 2.13 1.33 3.22 0.96 5.91 0.77 4.1 4.03 2.43 2.9 0 4.99 2.01 4.14 
2.32 3.3 4.08 2.84 3.55 3.32 4.16 4.2 4.2 1.2 3.3 2.51 4.67 4.15 1.88 4.04 1.71 4.68 2.01 1.01 4.28 4.95 4.99 0 3.58 1.19 
1.86 3.93 3.4 2.98 1.87 3.9 2.82 4.14 3.42 2.58 1.05 1.09 3.29 2.23 1.72 1.32 4.92 1.36 3.54 2.58 3.29 4.03 2.01 3.58 0 2.5 
1.74 3.49 3.88 1.97 2.93 3.5 3.75 4.24 3.98 0.16 2.45 1.49 4.3 3.54 0.93 3.2 2.83 3.71 2.37 0.51 3.99 4.75 4.14 1.19 2.5 0 
