Number_Of_Customers: 30
Vehicle_Capacity:    50
Alpha:               0.75
Number_Of_Scenarios: 100

Location_Coordinates:
0 0 0
1 0.351404 1.04913
2 -2.21547 -0.482413
3 2.07713 0.257228
4 -1.77199 -1.77277
5 0.0538461 -0.00884543
6 1.33481 -0.860495
7 -2.33834 -0.535567
8 -1.2688 0.245442
9 0.138655 0.382743
10 -2.2316 -1.46614
11 -1.49155 1.55915
12 -0.332263 0.653814
13 -1.34521 1.02927
14 -1.11116 -0.299564
15 0.220798 0.95749
16 -2.47265 2.16724
17 -0.173697 0.673226
18 -0.0907216 0.242342
19 -1.95511 0.530372
20 -1.04311 -1.5945
21 1.2143 -1.2925
22 1.99896 1.50837
23 1.1077 2.1957
24 -1.88682 -1.76408
25 1.14849 -2.40602
26 1.99409 -0.314133
27 0.363249 0.12164
28 -0.594042 0.943605
29 -0.836003 -0.696052
30 1.46135 0.965839

Demand_per_scenario:
1 6 7 6 8 6 6 8 7 6 7 5 7 6 6 6 7 6 5 6 5 7 6 5 7 7 6 6 5 7 6 5 8 8 7 7 6 6 7 8 6 6 7 6 6 7 7 7 7 7 6 7 5 7 5 6 6 7 6 8 7 8 7 6 6 7 4 7 5 7 6 7 5 8 6 6 5 6 6 7 8 4 4 7 7 7 7 8 6 6 7 8 7 8 6 6 8 6 7 7 6
2 2 4 2 5 3 3 2 4 3 4 2 3 3 4 4 2 2 2 4 4 2 2 1 3 3 2 2 4 4 2 3 4 4 5 2 3 2 4 4 2 3 4 4 4 5 3 4 4 3 4 3 2 4 4 3 3 2 5 3 3 2 2 3 3 3 5 3 4 2 4 3 3 3 3 3 4 3 3 2 3 2 3 2 3 3 5 3 4 2 4 2 2 3 3 5 3 3 4 4 2
3 6 6 5 5 6 6 6 5 5 6 7 5 7 6 7 8 7 5 5 4 5 8 6 7 5 5 5 7 7 5 6 6 5 6 6 6 6 6 5 6 5 6 4 5 6 4 6 6 4 5 7 5 6 7 6 7 6 6 6 7 5 5 5 6 4 5 4 6 5 6 5 5 5 7 6 5 6 5 6 6 5 6 6 8 8 6 4 6 7 6 6 7 5 6 5 6 7 5 6 5
4 8 8 7 8 6 7 8 6 7 7 6 5 6 5 8 7 7 7 5 9 9 7 8 5 6 7 6 5 8 5 8 6 8 7 6 7 8 6 6 8 5 7 8 7 6 5 6 7 7 6 7 7 6 7 7 6 7 6 8 7 5 9 6 7 5 6 7 6 8 6 6 8 7 7 7 7 7 7 5 7 6 6 6 6 7 6 6 7 9 6 9 7 6 7 7 6 8 6 7 6
5 5 4 3 5 5 5 4 3 6 4 4 4 4 4 5 4 6 4 4 4 3 5 4 6 5 3 5 7 5 4 5 3 3 6 5 5 3 5 5 4 4 4 5 6 4 5 4 6 4 3 4 5 3 5 6 4 5 3 4 4 4 5 4 3 6 6 5 4 2 5 4 4 4 2 3 4 2 4 4 4 4 4 3 4 5 5 6 3 4 3 3 4 3 2 2 4 5 4 6 5
6 8 6 6 6 5 6 7 6 6 6 6 5 5 6 8 7 4 6 7 4 7 7 5 6 7 5 7 6 6 8 7 6 5 6 5 7 7 8 7 5 6 5 8 5 5 5 6 7 7 6 5 7 5 6 5 6 5 6 6 4 6 5 6 6 6 6 6 7 6 5 6 6 5 5 3 7 6 5 7 7 6 7 6 6 6 6 7 7 5 6 6 5 6 4 6 6 4 6 5 6
7 4 5 5 5 3 3 3 4 5 4 4 3 3 5 4 4 4 4 5 5 4 3 3 5 4 5 4 5 5 6 4 4 5 4 3 3 5 5 4 4 3 4 4 2 3 7 4 4 3 5 6 4 2 5 4 1 5 3 4 4 4 4 3 3 3 4 4 3 5 5 2 3 4 4 4 4 4 4 6 5 3 4 7 4 4 3 5 4 5 3 4 4 5 3 5 3 5 3 5 4
8 5 7 6 7 7 7 6 7 6 6 6 7 7 5 5 7 6 7 4 7 5 6 5 7 8 6 8 7 7 6 6 5 7 6 6 5 6 7 7 7 5 7 7 5 7 7 4 6 6 6 8 8 7 7 6 8 7 7 6 7 4 6 6 6 7 8 8 5 9 6 7 7 7 7 7 6 6 7 6 7 5 7 7 6 5 5 6 6 5 7 7 7 7 7 5 4 7 6 5 6
9 5 6 5 6 6 5 6 6 6 6 7 6 7 7 6 5 6 6 5 6 5 8 6 6 6 4 6 4 6 5 6 6 6 9 7 8 7 7 5 7 7 6 6 5 6 4 6 5 4 4 4 6 5 4 7 5 6 5 8 5 4 5 5 6 6 6 7 6 6 4 5 5 7 5 7 7 5 5 5 5 6 5 6 5 7 5 6 6 6 6 5 6 4 5 4 7 5 4 7 6
10 5 6 6 6 7 6 7 6 8 6 6 6 7 8 7 6 6 6 7 5 6 5 10 6 6 5 6 5 7 6 6 6 7 7 5 5 6 7 6 6 5 6 6 6 6 6 6 7 7 6 7 7 6 4 6 8 8 5 7 7 7 8 6 7 6 6 8 8 7 7 6 6 7 7 6 6 6 7 6 7 7 7 8 8 6 5 8 6 6 6 7 7 6 7 7 7 7 5 7 7
11 2 2 2 2 2 3 3 1 2 2 2 1 3 2 1 1 3 2 3 3 2 2 2 4 3 2 1 2 1 2 1 4 3 3 4 1 3 1 3 1 3 2 3 2 4 3 3 4 4 2 3 3 3 3 3 2 3 4 2 2 1 2 2 4 2 2 1 2 3 4 3 4 3 5 3 2 2 3 5 2 4 2 1 2 2 2 3 1 2 2 3 2 3 2 1 3 2 2 2 3
12 5 4 5 5 5 5 4 4 4 4 4 6 3 4 2 6 4 4 5 5 3 5 6 4 6 6 6 4 6 4 4 5 4 4 4 5 4 4 5 5 6 3 4 5 5 7 5 5 5 4 3 6 5 4 6 6 5 5 3 5 5 4 3 5 6 7 6 2 1 4 4 4 5 6 5 4 5 3 4 3 3 5 3 4 5 5 3 5 3 3 5 4 3 5 7 3 5 5 6 4
13 5 4 6 7 6 5 5 5 7 3 6 7 3 4 5 6 5 7 5 3 4 2 4 4 3 3 3 4 4 5 4 5 4 5 3 4 5 3 6 3 5 6 4 4 5 4 5 3 4 4 5 2 5 5 6 5 3 6 5 4 3 5 5 3 4 4 4 5 5 6 3 4 7 6 6 5 4 5 4 6 3 4 4 5 4 4 5 2 5 4 5 5 6 5 5 5 5 7 5 6
14 4 2 3 5 4 2 5 1 2 4 5 3 2 4 3 2 3 5 3 3 5 4 3 2 2 1 5 4 3 4 4 4 2 5 4 4 2 5 3 3 3 4 4 3 5 3 3 3 3 3 3 4 4 3 2 3 5 4 3 3 2 3 1 4 2 4 3 2 4 3 3 3 3 4 2 3 4 4 3 2 3 3 4 3 3 4 5 3 5 4 4 4 2 4 5 4 2 3 3 5
15 5 5 4 5 3 6 4 4 5 4 5 4 6 5 4 6 5 4 5 4 3 5 5 4 4 5 6 4 5 5 5 4 4 3 2 3 7 5 2 5 5 3 4 6 5 3 3 4 4 5 6 3 5 5 6 3 6 6 3 3 3 2 5 4 4 4 4 4 3 4 4 6 3 3 5 4 4 6 3 3 3 4 4 3 3 4 5 5 4 7 3 3 2 3 3 5 4 5 4 4
16 7 7 5 7 6 6 6 6 7 7 5 7 5 6 6 6 7 6 8 6 5 5 6 7 8 8 7 7 7 8 6 5 6 6 7 6 6 7 8 6 5 6 6 5 7 7 6 9 6 7 5 7 9 5 5 5 7 5 5 7 7 8 6 5 4 7 7 7 6 7 5 7 6 7 7 6 3 8 5 8 6 5 6 4 6 6 7 5 6 8 5 6 6 8 6 6 7 5 8 6
17 3 4 2 3 3 2 3 4 2 3 4 3 3 3 1 2 3 3 2 3 1 3 1 3 4 1 2 1 3 2 5 4 2 1 3 3 2 5 3 3 3 4 4 2 2 3 3 3 3 2 3 2 3 3 3 3 2 2 2 2 3 2 1 6 3 3 4 2 2 2 2 2 4 2 1 3 3 3 2 3 3 2 4 3 2 3 2 2 3 2 3 1 1 1 2 1 3 3 1 3
18 7 7 7 7 5 4 6 6 7 8 6 7 7 7 5 5 5 5 7 8 7 6 5 7 7 7 6 7 9 6 5 6 8 5 5 6 7 7 7 5 6 6 6 6 5 7 5 5 6 7 7 6 7 6 9 8 4 8 6 7 8 6 6 7 7 8 6 8 8 7 8 6 5 6 7 9 6 7 9 5 8 5 6 5 9 7 7 8 7 7 7 7 7 7 7 6 5 4 5 7
19 7 5 6 5 5 6 4 6 5 5 6 6 5 7 5 5 6 4 5 6 3 7 5 5 5 7 5 5 4 6 4 4 5 4 6 5 6 3 4 6 6 6 6 6 5 5 6 5 5 7 5 7 5 6 4 4 6 6 5 5 4 4 5 5 5 6 5 6 6 5 6 5 7 6 5 6 4 6 4 5 6 6 6 6 6 6 6 6 5 5 5 7 5 8 5 5 6 4 6 4
20 4 5 5 5 7 7 6 6 5 5 5 6 6 6 5 5 6 5 5 6 4 8 5 6 6 6 6 5 5 5 6 7 4 7 6 5 4 7 5 6 6 3 5 5 7 6 7 5 6 6 6 7 5 5 4 7 7 6 6 7 5 4 6 5 6 7 7 5 6 6 5 6 7 6 6 7 6 5 5 5 6 7 6 7 6 6 6 4 5 8 6 5 6 5 5 5 5 6 7 4
21 6 6 5 7 6 5 6 5 4 4 7 6 5 7 6 6 6 3 6 6 4 5 5 6 5 5 3 6 5 5 7 5 8 6 7 5 7 5 5 4 5 5 5 6 4 5 8 4 6 6 7 5 7 3 4 5 6 5 6 5 6 5 4 7 6 7 5 5 4 6 7 5 6 7 6 4 3 6 9 6 5 6 6 7 4 5 5 8 6 5 5 6 6 6 5 6 5 7 6 6
22 6 6 5 6 6 6 6 6 6 6 5 5 5 5 6 6 6 6 6 6 7 4 6 3 6 5 8 7 7 4 7 5 5 7 7 5 5 6 7 6 5 5 6 8 5 5 7 5 6 5 4 6 6 5 6 6 6 5 3 7 6 6 8 5 6 6 6 8 6 7 6 5 7 7 6 6 6 4 7 7 6 6 5 8 7 7 6 8 5 6 7 5 7 7 7 6 4 8 6 6
23 5 8 7 6 9 8 8 5 5 6 9 7 9 7 8 7 7 6 7 8 7 7 6 6 5 9 8 9 7 8 9 7 7 7 5 8 7 6 7 8 7 6 8 9 5 8 8 8 8 8 7 8 8 7 9 5 6 8 8 9 8 9 6 8 7 6 5 7 7 8 7 8 8 8 8 8 7 8 7 6 8 7 9 7 8 10 7 7 8 9 6 8 7 8 7 7 5 8 8 10
24 8 6 4 8 6 8 6 6 7 7 7 7 5 6 6 7 5 6 7 6 6 8 7 5 7 5 5 7 8 5 6 7 6 6 7 5 7 6 5 5 5 6 6 6 6 6 8 5 4 5 7 6 4 5 6 6 6 6 5 6 6 6 5 6 6 6 7 6 6 5 6 6 6 6 5 6 6 7 6 5 5 7 6 5 6 6 7 7 5 7 5 7 5 7 5 6 7 7 5 5
25 6 5 5 4 5 4 5 3 4 6 5 3 5 4 7 5 4 5 6 4 6 5 6 6 6 5 6 5 4 5 5 4 3 5 6 5 3 6 3 5 5 5 5 5 5 5 4 6 6 6 5 4 4 6 6 4 4 6 6 5 5 5 4 4 5 4 6 5 5 6 4 7 4 5 6 6 4 6 6 5 4 4 3 5 5 5 5 5 5 4 6 5 6 3 4 5 5 5 5 6
26 9 9 9 7 9 7 7 8 8 9 7 9 8 9 8 8 9 8 8 7 7 8 9 7 6 9 10 8 8 8 7 8 8 9 7 8 8 9 8 8 8 9 8 8 9 8 9 9 8 8 9 8 7 8 9 8 8 8 9 7 8 8 9 9 7 8 8 8 9 7 7 9 8 6 8 7 6 7 8 8 7 9 7 7 8 7 8 10 8 8 7 8 8 8 7 8 8 7 8 8
27 5 6 4 6 6 4 6 6 6 5 4 6 5 5 4 3 5 3 5 5 3 6 4 6 4 7 5 6 6 5 5 4 6 6 4 5 5 6 2 4 5 7 6 4 6 4 5 6 4 4 5 5 4 5 6 5 7 4 5 6 4 7 5 6 6 5 5 4 4 5 5 6 3 4 6 5 4 4 5 4 6 6 6 4 6 5 4 7 5 5 6 6 5 5 4 7 4 5 5 4
28 6 6 7 6 8 6 5 7 6 7 8 7 7 6 6 5 6 8 6 5 6 7 7 4 4 6 8 6 5 5 7 6 6 7 7 6 6 6 6 5 5 5 4 6 8 5 6 6 5 4 7 5 5 6 6 5 7 5 6 7 7 7 8 7 6 5 7 7 8 6 7 5 6 8 6 7 6 6 4 7 6 5 5 7 6 6 6 5 5 7 6 7 6 6 7 8 7 8 7 7
29 7 6 6 7 8 5 5 6 7 5 6 8 8 7 6 7 6 5 7 7 7 6 7 7 9 7 7 7 8 7 8 5 6 7 7 7 8 7 6 5 7 4 7 6 8 6 7 6 5 6 7 7 7 5 7 6 7 7 8 7 8 6 7 7 6 6 6 6 6 8 6 6 7 9 9 7 7 6 8 7 8 4 7 6 6 6 7 6 7 8 6 6 5 7 7 8 5 9 6 7
30 8 10 9 9 8 9 8 8 8 9 9 8 10 7 8 10 8 9 8 9 10 9 9 11 9 9 7 8 10 8 8 9 8 9 10 8 9 9 8 10 10 8 8 9 9 9 8 8 9 9 9 9 7 9 9 8 8 9 9 9 11 8 8 10 10 10 9 10 9 8 9 9 9 12 8 9 11 9 8 8 10 8 9 10 10 10 11 7 9 8 8 9 9 9 10 10 7 8 9 9

Probability_of_each_scenario_occuring:
0.01 0.01 0.01 0.01 0.01 0.01 0.01 0.01 0.01 0.01 0.01 0.01 0.01 0.01 0.01 0.01 0.01 0.01 0.01 0.01 0.01 0.01 0.01 0.01 0.01 0.01 0.01 0.01 0.01 0.01 0.01 0.01 0.01 0.01 0.01 0.01 0.01 0.01 0.01 0.01 0.01 0.01 0.01 0.01 0.01 0.01 0.01 0.01 0.01 0.01 0.01 0.01 0.01 0.01 0.01 0.01 0.01 0.01 0.01 0.01 0.01 0.01 0.01 0.01 0.01 0.01 0.01 0.01 0.01 0.01 0.01 0.01 0.01 0.01 0.01 0.01 0.01 0.01 0.01 0.01 0.01 0.01 0.01 0.01 0.01 0.01 0.01 0.01 0.01 0.01 0.01 0.01 0.01 0.01 0.01 0.01 0.01 0.01 0.01 0.01 

Travel_Costs:
0 1.11 2.27 2.1 2.51 0.06 1.59 2.4 1.3 0.41 2.68 2.16 0.74 1.7 1.16 0.99 3.29 0.7 0.26 2.03 1.91 1.78 2.51 2.46 2.59 2.67 2.02 0.39 1.12 1.09 1.76 
1.11 0 2.99 1.9 3.54 1.1 2.15 3.13 1.81 0.7 3.61 1.92 0.79 1.7 1.99 0.16 3.04 0.65 0.92 2.37 2.99 2.5 1.72 1.38 3.6 3.55 2.14 0.93 0.96 2.12 1.12 
2.27 2.99 0 4.36 1.37 2.32 3.58 0.14 1.2 2.51 0.99 2.17 2.2 1.75 1.12 2.83 2.67 2.35 2.25 1.05 1.62 3.53 4.67 4.27 1.33 3.88 4.22 2.65 2.16 1.4 3.96 
2.1 1.9 4.36 0 4.36 2.05 1.35 4.49 3.35 1.95 4.65 3.8 2.45 3.51 3.24 1.99 4.94 2.29 2.17 4.05 3.63 1.78 1.26 2.17 4.45 2.83 0.58 1.72 2.76 3.07 0.94 
2.51 3.54 1.37 4.36 0 2.54 3.24 1.37 2.08 2.89 0.56 3.35 2.83 2.84 1.62 3.39 4.01 2.93 2.63 2.32 0.76 3.03 5 4.91 0.12 2.99 4.04 2.86 2.97 1.43 4.24 
0.06 1.1 2.32 2.05 2.54 0 1.54 2.45 1.35 0.41 2.72 2.21 0.77 1.75 1.21 0.99 3.34 0.72 0.29 2.09 1.93 1.74 2.47 2.45 2.62 2.64 1.97 0.34 1.16 1.13 1.72 
1.59 2.15 3.58 1.35 3.24 1.54 0 3.69 2.83 1.73 3.62 3.73 2.26 3.28 2.51 2.14 4.87 2.16 1.81 3.58 2.49 0.45 2.47 3.07 3.35 1.56 0.86 1.39 2.65 2.18 1.84 
2.4 3.13 0.14 4.49 1.37 2.45 3.69 0 1.33 2.65 0.94 2.26 2.34 1.86 1.25 2.97 2.71 2.48 2.38 1.14 1.68 3.64 4.8 4.4 1.31 3.96 4.34 2.79 2.29 1.52 4.09 
1.3 1.81 1.2 3.35 2.08 1.35 2.83 1.33 0 1.42 1.97 1.34 1.03 0.79 0.57 1.66 2.27 1.18 1.18 0.75 1.86 2.93 3.51 3.08 2.11 3.59 3.32 1.64 0.98 1.04 2.83 
0.41 0.7 2.51 1.95 2.89 0.41 1.73 2.65 1.42 0 3.01 2.02 0.55 1.62 1.43 0.59 3.17 0.43 0.27 2.1 2.31 2 2.18 2.06 2.96 2.97 1.99 0.35 0.93 1.46 1.45 
2.68 3.61 0.99 4.65 0.56 2.72 3.62 0.94 1.97 3.01 0 3.12 2.85 2.65 1.62 3.45 3.65 2.97 2.74 2.02 1.2 3.46 5.18 4.96 0.46 3.51 4.38 3.05 2.92 1.6 4.43 
2.16 1.92 2.17 3.8 3.35 2.21 3.73 2.26 1.34 2.02 3.12 0 1.48 0.55 1.9 1.82 1.16 1.59 1.93 1.13 3.19 3.94 3.5 2.68 3.35 4.77 3.96 2.35 1.09 2.35 3.02 
0.74 0.79 2.2 2.45 2.83 0.77 2.26 2.34 1.03 0.55 2.85 1.48 0 1.09 1.24 0.64 2.63 0.16 0.48 1.63 2.36 2.49 2.49 2.11 2.88 3.4 2.52 0.88 0.4 1.45 1.83 
1.7 1.7 1.75 3.51 2.84 1.75 3.28 1.86 0.79 1.62 2.65 0.55 1.09 0 1.35 1.57 1.61 1.23 1.49 0.79 2.65 3.46 3.38 2.72 2.85 4.25 3.6 1.94 0.76 1.8 2.81 
1.16 1.99 1.12 3.24 1.62 1.21 2.51 1.25 0.57 1.43 1.62 1.9 1.24 1.35 0 1.84 2.82 1.36 1.16 1.19 1.3 2.53 3.6 3.34 1.66 3.09 3.11 1.54 1.35 0.49 2.87 
0.99 0.16 2.83 1.99 3.39 0.99 2.14 2.97 1.66 0.59 3.45 1.82 0.64 1.57 1.84 0 2.96 0.49 0.79 2.22 2.85 2.46 1.87 1.53 3.45 3.49 2.19 0.85 0.82 1.97 1.25 
3.29 3.04 2.67 4.94 4.01 3.34 4.87 2.71 2.27 3.17 3.65 1.16 2.63 1.61 2.82 2.96 0 2.75 3.07 1.72 4.03 5.06 4.52 3.59 3.98 5.84 5.11 3.5 2.25 3.3 4.12 
0.7 0.65 2.35 2.29 2.93 0.72 2.16 2.48 1.18 0.43 2.97 1.59 0.16 1.23 1.36 0.49 2.75 0 0.44 1.79 2.43 2.41 2.33 1.99 2.98 3.36 2.39 0.77 0.5 1.53 1.67 
0.26 0.92 2.25 2.17 2.63 0.29 1.81 2.38 1.18 0.27 2.74 1.93 0.48 1.49 1.16 0.79 3.07 0.44 0 1.89 2.07 2.02 2.45 2.3 2.7 2.93 2.16 0.47 0.87 1.2 1.72 
2.03 2.37 1.05 4.05 2.32 2.09 3.58 1.14 0.75 2.1 2.02 1.13 1.63 0.79 1.19 2.22 1.72 1.79 1.89 0 2.32 3.66 4.08 3.49 2.3 4.28 4.04 2.36 1.43 1.67 3.45 
1.91 2.99 1.62 3.63 0.76 1.93 2.49 1.68 1.86 2.31 1.2 3.19 2.36 2.65 1.3 2.85 4.03 2.43 2.07 2.32 0 2.28 4.35 4.36 0.87 2.34 3.3 2.22 2.58 0.93 3.59 
1.78 2.5 3.53 1.78 3.03 1.74 0.45 3.64 2.93 2 3.46 3.94 2.49 3.46 2.53 2.46 5.06 2.41 2.02 3.66 2.28 0 2.91 3.49 3.14 1.12 1.26 1.66 2.88 2.14 2.28 
2.51 1.72 4.67 1.26 5 2.47 2.47 4.8 3.51 2.18 5.18 3.5 2.49 3.38 3.6 1.87 4.52 2.33 2.45 4.08 4.35 2.91 0 1.13 5.09 4.01 1.83 2.15 2.66 3.6 0.77 
2.46 1.38 4.27 2.17 4.91 2.45 3.07 4.4 3.08 2.06 4.96 2.68 2.11 2.72 3.34 1.53 3.59 1.99 2.3 3.49 4.36 3.49 1.13 0 4.97 4.61 2.67 2.21 2.12 3.49 1.28 
2.59 3.6 1.33 4.45 0.12 2.62 3.35 1.31 2.11 2.96 0.46 3.35 2.88 2.85 1.66 3.45 3.98 2.98 2.7 2.3 0.87 3.14 5.09 4.97 0 3.11 4.15 2.94 3.01 1.5 4.33 
2.67 3.55 3.88 2.83 2.99 2.64 1.56 3.96 3.59 2.97 3.51 4.77 3.4 4.25 3.09 3.49 5.84 3.36 2.93 4.28 2.34 1.12 4.01 4.61 3.11 0 2.26 2.65 3.78 2.62 3.39 
2.02 2.14 4.22 0.58 4.04 1.97 0.86 4.34 3.32 1.99 4.38 3.96 2.52 3.6 3.11 2.19 5.11 2.39 2.16 4.04 3.3 1.26 1.83 2.67 4.15 2.26 0 1.69 2.88 2.86 1.39 
0.39 0.93 2.65 1.72 2.86 0.34 1.39 2.79 1.64 0.35 3.05 2.35 0.88 1.94 1.54 0.85 3.5 0.77 0.47 2.36 2.22 1.66 2.15 2.21 2.94 2.65 1.69 0 1.27 1.46 1.39 
1.12 0.96 2.16 2.76 2.97 1.16 2.65 2.29 0.98 0.93 2.92 1.09 0.4 0.76 1.35 0.82 2.25 0.5 0.87 1.43 2.58 2.88 2.66 2.12 3.01 3.78 2.88 1.27 0 1.66 2.06 
1.09 2.12 1.4 3.07 1.43 1.13 2.18 1.52 1.04 1.46 1.6 2.35 1.45 1.8 0.49 1.97 3.3 1.53 1.2 1.67 0.93 2.14 3.6 3.49 1.5 2.62 2.86 1.46 1.66 0 2.84 
1.76 1.12 3.96 0.94 4.24 1.72 1.84 4.09 2.83 1.45 4.43 3.02 1.83 2.81 2.87 1.25 4.12 1.67 1.72 3.45 3.59 2.28 0.77 1.28 4.33 3.39 1.39 1.39 2.06 2.84 0 
