Number_Of_Customers: 70
Vehicle_Capacity:    50
Alpha:               0.75
Number_Of_Scenarios: 100

Location_Coordinates:
0 0 0
1 -1.85232 -1.87719
2 0.0500983 2.00262
3 -2.01093 2.38318
4 -0.969346 -1.79023
5 1.55463 -1.35178
6 0.575444 1.48095
7 0.342111 -0.143792
8 -1.71096 -1.13287
9 -0.147955 -1.68312
10 1.72228 1.35461
11 2.00016 1.60633
12 -2.4831 1.55099
13 2.47896 -1.15375
14 -1.04021 2.22752
15 -1.99029 -0.729873
16 -1.97383 0.786593
17 0.261102 -1.66689
18 -0.34761 -2.28649
19 0.963834 -0.838839
20 1.63842 2.00489
21 1.20168 1.55298
22 1.01851 -1.88186
23 1.56582 1.72863
24 -1.96888 -0.990027
25 0.611946 -0.0181805
26 -0.560024 -2.32251
27 0.547879 -1.79773
28 0.561158 1.38508
29 -0.930366 -1.65308
30 1.68542 1.78357
31 1.53612 -2.48088
32 -1.07751 0.282676
33 0.930133 -2.26151
34 0.743711 -0.45363
35 0.840897 -2.03593
36 2.07169 -1.05881
37 -0.484216 1.78524
38 -0.436402 0.384511
39 2.47812 -0.210885
40 0.650064 0.618197
41 0.0415134 -2.28417
42 -0.0423767 -2.22471
43 -0.628484 2.07618
44 -0.625332 0.0445786
45 -0.767446 1.52888
46 0.806404 -1.77435
47 -1.55808 -1.63449
48 -0.886197 0.682427
49 -0.448044 -0.267246
50 -1.60687 -1.66268
51 0.362853 -1.5244
52 -0.510666 2.23808
53 0.35172 1.35745
54 -0.395289 1.38342
55 1.1156 -0.036325
56 -0.514267 1.70862
57 1.83671 -0.428623
58 1.13841 -1.74142
59 2.01018 0.0200875
60 -2.38912 1.13403
61 -0.408213 -0.836012
62 -0.859818 -0.966864
63 -0.0755283 0.596188
64 0.127623 -0.0484018
65 1.5117 2.18442
66 -1.39848 0.807241
67 2.29617 1.68127
68 2.05994 1.37373
69 -1.7313 2.04071
70 -1.80965 0.141381

Demand_per_scenario:
1 5 5 6 4 5 4 3 7 5 6 4 4 5 3 5 4 5 5 3 6 5 6 6 3 6 5 6 5 7 7 5 6 4 5 4 5 6 5 6 5 5 6 5 5 5 5 4 6 5 6 5 5 5 5 5 4 5 5 7 6 5 5 4 6 5 4 6 5 6 4 6 7 4 6 5 6 6 7 6 5 5 5 5 6 5 5 5 5 7 6 5 6 6 5 5 7 5 5 5 5
2 10 7 8 8 6 8 7 7 10 8 8 6 7 8 10 9 8 8 10 8 8 9 8 9 9 9 8 9 9 8 8 9 8 10 7 7 7 9 7 9 8 9 8 9 7 8 8 9 8 8 6 9 9 8 6 8 9 10 9 8 7 7 10 8 9 9 9 7 8 8 8 9 8 8 7 10 8 7 8 7 6 8 9 7 6 8 8 8 8 8 7 7 9 8 7 8 8 8 7 7
3 2 4 4 2 1 2 1 2 4 2 3 2 2 2 4 1 2 3 2 4 3 3 2 1 3 4 4 3 2 4 3 4 3 5 2 3 3 4 1 1 3 5 3 3 3 3 3 3 2 1 2 1 4 3 3 2 3 2 3 3 1 2 3 2 3 3 4 4 3 2 3 2 3 4 3 3 3 3 3 4 4 3 1 4 4 3 3 1 4 2 5 3 4 3 1 3 4 3 2 4
4 4 4 1 5 4 2 4 4 3 6 4 5 3 4 4 4 5 2 2 3 5 2 2 3 5 3 3 3 3 3 4 4 3 4 4 3 4 3 5 4 3 3 3 4 4 2 2 3 5 2 3 3 2 4 4 3 5 3 4 5 4 4 3 4 4 4 5 2 4 4 5 3 5 3 2 3 4 4 4 3 5 6 2 3 2 3 5 5 3 4 5 4 5 4 3 3 3 4 4 4
5 5 5 5 7 6 6 5 8 5 4 4 5 8 6 7 6 6 7 8 6 6 8 7 6 5 4 6 5 6 6 4 6 4 5 8 7 6 7 7 5 5 5 6 6 5 8 7 7 6 6 5 9 6 5 6 8 5 6 7 5 5 6 6 6 6 7 6 5 6 8 7 7 6 5 6 6 6 6 6 5 6 5 6 7 5 6 6 4 5 6 3 7 7 4 7 5 6 6 4 5
6 8 8 6 7 6 8 5 8 7 6 6 7 6 6 7 9 7 7 7 7 6 8 7 7 7 6 6 6 5 6 7 7 5 8 8 6 7 7 6 7 6 6 7 6 7 7 9 6 7 7 7 6 7 6 6 8 7 6 6 4 6 6 6 6 8 5 8 5 6 6 8 7 6 7 7 6 7 9 8 6 7 6 6 7 6 6 9 6 7 7 5 7 7 5 6 6 8 6 7 8
7 6 7 6 6 4 4 6 7 6 5 5 5 5 6 6 6 7 5 5 6 5 7 4 4 6 6 4 5 6 7 6 6 4 5 6 5 6 7 7 5 5 6 5 6 4 7 5 6 6 6 6 6 4 6 5 5 6 4 6 5 5 5 5 5 4 5 4 6 4 4 5 6 7 5 5 5 4 6 5 6 3 5 6 5 5 7 8 4 7 5 7 7 5 5 5 5 7 6 7 4
8 4 3 4 3 5 2 3 3 5 3 4 4 4 4 4 2 2 4 2 3 3 4 2 4 3 3 5 4 5 4 3 4 4 3 2 3 1 4 5 1 4 3 4 3 2 2 4 3 3 3 4 3 5 3 4 4 3 3 2 4 2 3 6 4 3 2 4 5 3 3 4 5 4 4 6 4 3 5 4 5 2 4 4 5 4 3 2 3 4 5 3 5 4 2 2 4 2 5 5 3
9 3 5 4 6 6 4 5 6 8 6 6 6 6 4 6 6 4 3 5 4 6 7 5 5 5 6 4 3 6 5 5 4 7 5 5 4 5 5 7 5 5 8 5 5 6 6 5 5 7 5 2 6 4 3 5 7 3 3 6 5 4 6 5 4 4 5 6 4 7 5 5 5 5 5 4 5 4 4 3 6 7 6 5 5 5 4 4 4 5 5 7 4 4 6 4 4 6 5 7 6
10 5 5 6 4 5 5 6 5 4 4 4 5 6 7 3 5 5 6 6 5 6 7 4 5 6 7 4 5 4 7 6 6 6 7 5 7 7 3 4 5 6 4 5 7 6 4 6 3 5 4 7 4 8 6 6 5 5 7 5 5 8 5 5 8 6 5 6 5 5 7 7 4 6 5 6 5 6 6 4 7 5 5 5 3 6 4 7 6 4 6 5 6 6 6 5 5 5 7 5 4
11 6 5 6 5 7 4 5 5 6 5 6 4 6 6 7 5 5 4 6 5 5 6 5 6 4 4 7 6 7 6 5 6 6 4 4 6 5 5 5 3 5 6 4 4 6 7 7 6 6 7 7 5 4 8 6 4 6 8 4 4 5 5 6 6 6 6 6 7 5 5 6 5 7 7 5 6 6 5 5 7 5 5 4 6 6 6 6 5 5 6 5 6 5 6 5 4 6 6 6 6
12 6 5 5 5 6 6 5 6 7 6 5 4 8 5 7 6 5 5 5 4 5 5 5 4 5 5 6 5 5 6 5 3 7 5 4 6 5 5 6 7 5 4 4 6 6 7 5 5 6 6 4 5 5 6 7 5 5 6 4 6 6 6 3 5 6 7 6 6 5 7 6 6 6 6 5 6 6 5 3 5 6 5 5 7 5 5 7 3 5 4 4 6 7 5 4 7 6 5 6 5
13 7 6 6 7 4 7 5 8 5 8 6 8 5 5 4 6 8 7 5 7 6 8 7 6 6 5 7 6 8 6 7 6 5 7 8 7 7 6 6 7 6 6 6 6 6 5 7 7 7 7 5 6 7 8 7 7 6 5 7 9 6 6 6 7 7 7 5 5 6 6 6 8 7 8 5 9 5 6 5 5 5 6 6 7 6 7 5 6 8 8 5 5 7 6 5 5 8 7 5 6
14 7 4 3 5 5 4 7 5 4 4 2 5 3 5 5 3 5 5 4 5 8 7 4 5 6 4 4 5 3 3 5 3 4 5 6 6 5 5 4 7 6 5 4 4 3 4 5 4 5 5 5 4 5 4 5 4 5 5 5 4 4 4 3 4 4 5 5 3 5 4 2 5 5 5 5 4 5 4 4 5 6 4 4 6 6 3 4 4 5 5 4 6 5 5 5 4 3 5 5 5
15 7 7 5 5 5 5 7 7 6 7 5 7 6 8 7 4 6 5 6 7 6 7 8 7 6 5 6 5 6 7 6 7 8 5 6 7 7 7 6 5 7 5 8 5 6 7 5 5 7 6 6 5 7 6 6 5 5 8 7 6 7 6 7 6 7 6 5 7 7 5 4 6 4 5 6 8 6 4 7 5 7 7 7 7 6 7 5 6 7 5 6 6 5 5 7 8 4 4 6 6
16 4 4 1 5 2 5 3 2 5 4 3 2 3 3 3 5 3 3 2 2 4 3 5 4 3 1 4 4 4 3 1 1 3 3 4 2 3 3 2 4 3 3 2 2 4 1 3 4 3 4 3 3 5 3 3 3 4 1 2 3 3 3 5 3 2 4 2 4 4 3 4 1 2 3 3 4 1 3 3 3 3 3 3 2 3 3 2 5 4 3 5 4 2 3 4 3 2 2 5 2
17 5 3 4 5 3 4 6 2 4 3 4 5 7 5 4 5 4 3 2 4 2 4 4 5 3 4 4 4 4 3 4 4 4 3 2 4 5 2 2 4 5 4 3 4 3 3 4 4 4 7 4 5 4 4 4 3 4 3 4 5 5 3 4 5 3 4 4 4 6 3 6 4 6 3 5 4 3 3 4 4 3 3 4 2 5 3 2 3 3 5 6 3 4 3 4 5 3 4 5 4
18 8 7 8 8 8 7 7 7 8 6 7 8 8 7 8 7 8 7 7 7 9 8 9 8 9 8 6 9 7 6 7 7 6 8 9 10 7 9 6 9 9 8 7 6 6 7 8 7 8 10 7 9 7 8 8 7 10 7 8 8 8 8 8 8 8 5 7 8 9 8 7 6 8 8 7 8 7 10 8 7 8 9 8 8 8 7 10 9 8 8 7 8 8 8 7 7 8 7 9 6
19 4 5 5 5 5 6 4 6 6 6 6 6 6 7 6 6 4 6 5 4 5 6 5 6 6 5 6 4 6 5 5 5 5 4 8 6 6 5 7 5 5 5 7 5 6 3 5 6 4 5 6 5 5 7 5 5 7 5 5 5 5 5 7 5 6 6 6 6 4 5 3 6 5 6 6 7 5 5 6 5 4 7 5 5 6 5 7 5 5 4 6 5 7 5 5 4 6 4 5 6
20 9 8 10 8 8 7 9 7 8 7 8 9 8 7 8 9 8 8 8 8 9 7 6 9 9 8 8 8 8 8 8 9 5 6 8 10 8 8 9 8 8 7 9 9 8 9 7 6 8 9 8 9 7 8 8 8 7 7 6 7 9 6 8 8 9 8 8 9 8 7 11 9 9 6 7 7 6 10 11 8 7 9 8 7 7 7 8 8 7 8 8 8 7 9 6 8 7 7 7 9
21 5 5 7 5 5 4 7 5 4 7 6 5 6 7 8 6 6 5 5 7 5 5 6 7 6 6 6 7 7 5 5 7 6 5 6 6 7 6 5 5 7 7 5 5 8 6 5 5 6 6 5 4 5 4 6 7 4 5 6 7 4 6 6 4 5 3 7 5 5 6 7 7 4 5 5 6 4 6 6 6 5 6 6 6 6 5 5 6 4 5 7 7 5 4 7 5 5 5 5 6
22 6 6 5 6 6 6 5 7 6 7 6 6 7 6 6 6 5 7 7 7 7 7 6 6 5 8 5 7 6 6 5 6 6 8 6 4 7 7 5 4 5 6 6 7 7 8 5 5 7 6 7 4 7 5 6 8 6 8 5 6 9 7 7 7 5 6 7 7 7 6 5 7 7 7 6 4 6 7 7 6 6 7 8 6 7 6 5 6 6 5 6 6 5 6 7 8 7 5 5 5
23 5 7 4 6 6 6 6 6 6 6 7 7 5 6 7 6 6 6 5 5 5 6 3 6 4 5 4 4 6 4 4 5 5 5 7 5 7 5 4 6 5 6 5 6 6 5 6 5 7 4 4 3 5 5 6 4 5 5 5 4 4 5 6 6 4 6 5 3 7 7 3 5 5 7 7 8 7 6 7 5 6 5 6 6 6 4 5 7 7 4 5 6 3 4 6 7 6 6 4 5
24 6 5 4 5 5 4 4 6 4 5 6 5 6 6 6 4 5 5 7 6 6 5 5 5 5 5 7 6 6 5 4 5 4 8 4 5 3 6 5 5 5 4 6 5 6 6 7 5 6 5 3 6 5 5 4 4 4 5 5 5 5 4 5 4 6 5 6 5 5 5 5 4 3 7 5 7 3 4 5 3 4 3 6 7 4 5 3 4 4 5 5 6 5 4 5 6 6 5 5 6
25 4 4 5 4 4 5 6 5 5 6 6 5 5 6 2 5 3 5 3 5 4 5 4 4 4 5 5 5 7 5 5 4 6 4 5 6 4 6 4 4 4 5 9 4 5 6 4 5 4 7 4 5 6 4 3 6 5 5 4 5 4 4 8 4 4 5 4 2 3 3 5 5 5 4 4 5 4 6 5 5 4 5 5 7 5 5 5 4 4 6 4 3 5 6 5 7 5 4 4 4
26 5 7 7 8 8 8 6 8 8 7 7 9 8 7 8 6 7 6 6 6 6 9 7 6 7 6 7 8 7 8 8 7 7 8 7 7 10 7 8 7 9 8 9 8 8 8 8 9 7 7 8 6 8 8 8 7 8 8 10 9 5 7 8 7 8 7 8 7 9 9 7 10 6 7 6 7 9 6 7 7 7 6 7 9 7 8 8 7 8 6 7 7 7 9 4 8 8 8 7 8
27 6 6 6 7 6 6 4 4 5 4 5 5 6 5 5 7 6 6 5 4 5 5 6 6 6 5 6 4 4 7 5 6 5 6 7 5 4 4 6 4 5 6 6 5 5 5 6 4 6 5 4 6 6 4 6 6 6 5 6 6 6 4 5 4 6 4 8 5 5 4 5 6 7 5 5 5 6 5 7 8 6 5 6 5 6 2 5 6 3 6 6 7 6 7 7 4 4 5 7 5
28 5 4 4 5 8 7 5 6 5 5 5 6 6 3 6 6 4 8 5 6 6 4 5 5 4 5 5 6 5 6 5 6 5 5 6 3 4 6 3 4 5 5 4 4 4 5 5 6 3 5 6 5 6 4 6 3 5 5 6 5 7 4 4 6 4 5 5 5 5 5 5 4 5 5 6 3 5 5 4 6 5 5 5 5 4 5 5 4 8 6 5 5 4 5 4 6 6 4 4 5
29 5 4 6 6 5 5 4 5 6 5 7 6 5 5 6 6 5 5 4 5 4 4 4 6 4 4 4 4 6 6 7 4 4 5 4 5 7 6 5 3 6 5 3 5 5 6 5 6 6 7 6 5 5 5 4 5 6 7 5 6 6 5 4 6 6 3 5 5 3 6 3 6 4 6 5 5 5 6 4 7 5 6 4 6 4 5 6 6 4 7 6 4 6 3 5 5 5 6 4 4
30 6 7 7 6 7 6 6 6 8 6 7 5 6 5 6 8 8 7 8 6 7 6 6 6 7 8 5 7 6 7 9 7 7 8 5 6 7 5 5 5 6 8 6 7 7 6 5 5 7 6 5 7 6 6 6 5 6 7 8 7 7 5 7 7 6 8 6 5 5 4 6 6 7 6 5 7 5 5 8 5 6 5 7 5 7 5 6 7 4 6 7 5 6 5 4 7 8 6 8 7
31 8 7 6 6 7 7 7 7 6 5 7 7 6 8 8 5 7 7 7 6 7 7 8 7 7 7 6 8 8 7 6 7 6 7 7 6 6 7 7 8 7 8 7 7 7 5 7 7 7 6 9 6 7 7 6 8 8 7 8 6 7 7 7 6 7 6 6 6 6 8 6 5 7 7 9 5 6 9 7 7 7 5 6 7 9 7 7 7 7 8 8 6 6 9 7 6 6 6 7 7
32 3 2 2 4 2 3 1 2 1 2 2 3 1 2 1 3 3 4 4 4 3 3 3 2 4 4 3 1 3 2 3 3 4 2 3 2 3 2 2 3 2 3 3 2 3 3 2 2 3 1 3 4 2 3 3 3 2 3 2 1 2 1 4 2 3 3 4 1 2 3 4 3 4 3 3 2 3 3 4 2 4 3 3 4 2 1 2 2 4 1 4 3 2 1 2 3 4 5 1 3
33 6 5 7 7 8 5 6 5 5 5 4 6 6 6 7 5 4 6 6 6 6 6 5 5 6 7 5 4 7 6 5 7 5 5 5 7 5 7 5 7 6 4 6 6 6 4 5 5 5 4 8 4 6 5 6 6 4 5 5 7 4 5 4 2 5 6 6 6 4 7 6 5 5 6 5 7 5 4 5 5 3 5 6 6 4 6 5 5 5 7 5 7 6 4 5 7 7 5 7 8
34 8 9 6 8 6 6 7 7 8 9 7 8 6 7 9 7 7 9 8 8 9 8 7 8 7 7 9 8 8 7 8 7 9 7 6 9 7 9 6 8 8 8 8 7 6 8 6 7 8 9 9 6 8 7 8 7 7 6 8 7 7 7 8 9 8 7 6 8 8 6 8 8 8 7 9 6 7 9 8 7 7 7 8 8 6 8 6 8 8 7 7 9 9 7 8 8 8 7 7 8
35 8 8 8 9 8 8 7 6 9 9 9 7 7 7 8 8 8 8 9 8 8 7 6 9 8 8 8 8 11 7 7 8 7 8 9 7 8 10 9 7 8 9 9 8 6 9 9 8 7 8 9 9 9 10 10 8 8 8 7 10 6 6 7 8 8 8 8 8 7 7 7 6 7 9 8 8 8 5 7 10 8 6 8 7 8 9 8 9 11 7 6 10 9 8 7 9 8 8 8 8
36 3 4 5 2 2 5 4 2 3 2 4 4 5 5 3 3 2 6 4 5 3 4 3 4 5 4 4 3 3 5 3 3 3 5 5 3 4 4 4 2 4 4 5 3 4 4 4 4 4 4 4 3 2 3 4 3 3 3 5 4 3 3 2 4 4 3 3 3 1 4 4 4 3 4 3 4 3 5 4 3 4 4 3 4 3 4 3 3 3 2 2 5 3 5 1 6 4 3 4 5
37 6 5 4 6 6 6 6 8 6 5 5 7 6 6 4 7 7 7 7 6 7 6 6 7 6 7 7 6 7 5 5 7 5 7 7 7 6 5 7 7 6 6 7 6 7 5 8 6 6 5 7 6 6 7 7 6 7 5 6 7 6 5 6 6 6 6 6 5 7 6 6 7 6 8 8 4 7 7 8 6 5 6 5 5 6 7 7 7 6 7 8 6 6 4 7 7 6 6 7 7
38 6 7 8 6 6 6 7 8 6 6 8 6 3 6 7 8 6 6 7 4 5 7 6 5 5 7 6 6 6 6 6 7 6 5 6 7 6 7 6 8 5 5 8 6 6 5 8 9 7 6 6 6 7 7 7 5 4 6 6 8 7 7 6 6 5 6 6 7 5 7 8 6 5 6 7 7 6 6 7 7 5 5 7 6 7 7 5 6 7 4 6 6 7 5 5 7 8 7 6 5
39 8 9 8 8 8 8 8 10 8 10 9 8 9 8 7 8 8 7 8 8 9 10 8 9 8 7 9 8 8 8 8 8 8 9 8 7 8 8 10 9 9 8 7 11 7 11 9 9 8 9 7 10 8 8 10 8 9 10 10 7 10 10 9 7 9 8 10 9 9 8 8 9 10 9 8 7 9 9 8 9 8 8 10 7 10 8 7 8 8 10 9 7 8 8 6 5 8 9 10 9
40 7 5 6 7 5 3 4 5 6 4 6 4 4 6 4 6 5 3 7 3 6 6 6 4 3 5 4 6 4 4 6 5 5 5 7 4 5 6 4 6 7 4 5 4 5 5 5 3 4 5 4 4 4 6 6 3 4 3 6 4 3 5 6 5 6 5 4 5 4 7 5 6 3 6 4 4 6 4 5 5 5 4 7 6 4 2 5 6 4 3 6 4 5 4 5 5 3 3 4 4
41 4 6 3 3 2 3 1 4 4 4 5 2 4 2 4 3 3 3 3 4 3 2 5 3 2 2 6 1 3 3 4 3 3 2 3 3 2 3 3 3 3 2 3 3 2 4 4 2 2 5 3 1 3 3 3 2 4 4 3 4 3 4 2 2 2 3 2 3 4 1 4 3 3 3 3 2 1 2 2 3 5 2 4 3 1 2 3 3 4 2 3 2 3 2 1 1 3 3 2 3
42 5 4 3 5 5 4 5 3 5 4 3 5 5 4 5 4 4 5 4 3 5 5 5 6 5 4 5 6 4 4 5 6 7 6 4 4 5 5 5 5 6 5 6 5 5 4 3 5 5 4 8 4 6 5 6 4 4 4 4 4 3 4 6 4 4 4 5 5 5 5 6 5 6 5 4 3 5 5 4 3 4 7 4 6 5 5 4 4 5 5 5 5 6 6 3 5 4 7 4 6
43 4 5 4 6 5 3 7 6 4 4 3 4 3 4 4 3 4 3 7 4 4 5 5 5 4 5 3 4 4 4 6 5 4 4 5 4 6 4 3 4 4 2 6 3 6 6 3 4 5 2 5 5 3 4 4 2 5 5 5 3 3 4 3 4 4 5 4 7 5 4 5 2 5 4 5 5 3 4 4 5 5 6 6 4 4 3 6 6 5 2 4 4 4 5 2 6 3 5 4 5
44 10 5 7 7 6 5 7 6 7 6 7 7 6 7 5 6 7 7 6 6 6 7 7 8 7 6 8 7 3 7 8 7 8 7 7 7 6 6 6 7 7 6 7 7 6 8 7 6 8 8 7 5 7 5 6 6 5 7 6 7 6 5 6 6 5 7 5 6 8 6 6 5 5 6 4 5 6 6 7 7 7 6 5 7 8 6 9 5 8 6 6 4 6 6 5 5 6 7 5 7
45 8 8 7 8 7 8 7 8 7 9 8 8 8 8 9 8 9 7 8 7 9 7 9 6 8 8 8 8 8 6 7 6 8 8 7 7 7 8 8 7 8 6 8 10 7 7 8 8 7 9 7 8 8 8 7 7 8 8 6 8 9 8 6 8 9 8 7 6 9 8 7 7 8 5 8 9 8 9 7 7 8 8 8 9 9 7 6 6 8 7 7 8 9 9 8 10 10 7 7 6
46 6 7 7 7 6 6 6 7 7 7 6 6 6 6 6 7 6 6 6 6 5 6 6 6 5 4 6 6 5 5 5 5 5 7 6 6 6 5 6 8 6 5 5 6 7 6 6 6 4 5 7 5 5 5 6 6 5 5 6 7 6 6 5 5 7 5 7 7 6 5 6 5 6 5 6 5 5 6 7 9 6 5 6 7 5 5 5 5 7 6 7 5 5 3 7 5 5 5 4 6
47 2 2 1 1 2 1 1 2 2 1 3 3 1 2 1 1 1 1 2 2 2 2 1 1 1 3 2 3 3 2 1 2 2 1 1 1 1 1 1 2 2 1 1 1 1 2 2 1 2 2 3 3 1 1 3 1 1 1 1 2 1 2 1 2 1 3 2 1 2 3 2 2 1 2 1 1 1 1 2 2 1 2 2 1 1 3 3 1 1 1 1 1 1 1 2 1 2 1 1 2
48 3 4 3 3 4 2 2 4 1 3 3 3 3 3 2 3 2 3 3 3 3 1 2 1 4 2 1 3 3 3 2 3 2 1 2 2 2 3 3 2 2 2 1 4 4 3 2 2 3 3 2 3 4 1 3 2 1 3 3 2 1 4 2 2 1 4 2 1 3 1 1 3 3 3 2 3 4 1 3 2 3 3 5 3 2 1 3 3 1 1 3 2 3 2 1 3 1 3 2 2
49 3 6 5 5 5 6 5 4 5 3 4 4 5 5 5 4 5 5 3 5 4 6 4 5 4 2 5 4 6 4 5 6 6 7 3 5 5 2 5 6 4 5 5 6 5 7 5 7 5 4 6 6 7 4 4 6 4 7 5 5 5 5 4 8 4 5 5 7 5 5 6 4 5 4 6 4 4 4 4 5 5 5 5 6 6 3 6 5 6 6 5 5 3 8 7 5 5 3 5 4
50 2 3 4 3 4 2 2 5 3 5 2 3 5 4 5 2 4 2 3 3 4 4 2 3 5 4 3 4 4 4 4 4 3 4 4 4 4 3 4 3 5 4 3 4 4 2 3 3 4 3 4 3 4 3 4 5 3 4 4 4 4 4 2 4 4 4 3 4 4 4 4 3 3 2 4 4 3 3 2 2 3 2 5 4 3 3 4 4 2 4 4 3 2 5 5 3 3 4 2 2
51 8 6 7 4 5 5 8 7 8 7 6 6 7 6 7 8 6 8 7 5 6 7 7 8 9 7 5 9 7 8 7 8 6 6 8 5 8 7 8 7 6 5 6 7 7 8 7 8 7 7 7 9 7 7 8 7 7 8 7 5 9 6 5 8 7 6 9 8 6 6 5 7 7 9 6 8 5 7 8 10 7 8 8 7 7 6 6 6 7 7 6 8 6 7 6 7 7 8 6 6
52 4 5 5 4 6 4 6 6 6 7 7 7 4 6 6 6 6 7 6 6 5 8 6 7 7 5 6 7 5 8 6 6 4 6 6 6 4 7 6 7 6 6 4 5 6 7 7 5 6 5 5 7 4 5 6 6 6 7 5 5 7 6 6 8 6 6 5 5 5 6 5 8 5 7 6 8 6 6 6 6 7 6 6 6 5 6 8 8 5 4 4 6 7 6 5 4 6 7 5 7
53 3 4 5 2 5 3 5 6 4 4 5 3 5 4 3 6 6 4 5 4 4 3 3 4 5 4 5 4 2 3 3 4 4 5 4 3 4 5 5 3 5 4 5 5 4 4 5 4 5 5 5 4 5 5 4 5 4 5 3 5 4 6 3 4 3 4 4 6 5 5 4 3 5 5 7 4 4 4 3 3 5 3 3 3 6 5 7 6 6 4 2 4 4 5 4 4 4 5 4 4
54 7 8 6 6 5 7 7 8 5 7 6 7 7 5 5 7 6 6 7 8 4 7 6 5 6 8 7 7 6 6 6 6 5 6 6 6 7 7 5 7 6 7 7 7 6 7 6 6 7 6 7 5 8 8 6 7 5 6 5 7 7 7 7 6 6 7 6 6 6 8 5 6 8 7 6 5 8 8 7 7 6 6 7 6 4 6 8 6 8 8 6 7 6 7 7 9 6 8 6 6
55 5 5 5 4 4 4 4 5 6 4 5 4 4 5 4 5 4 5 4 4 6 4 6 3 6 6 6 4 7 4 5 5 5 5 4 5 3 5 4 5 4 4 4 6 5 2 6 3 7 4 6 6 4 4 4 4 4 4 4 4 4 5 5 3 5 5 4 3 5 5 4 3 4 5 5 3 4 6 6 4 5 6 5 3 6 4 3 4 4 4 4 5 4 5 4 4 5 5 5 3
56 7 6 8 8 7 6 9 7 7 4 7 7 8 7 7 7 5 6 6 4 9 7 6 7 8 8 8 5 6 8 6 8 5 6 6 5 8 7 6 6 6 11 7 6 7 8 9 6 6 8 7 6 6 7 10 5 6 6 8 6 7 6 7 6 7 7 6 5 7 8 6 7 8 8 6 8 6 6 6 7 7 8 6 6 6 7 7 7 7 6 8 8 7 6 7 6 6 7 7 9
57 5 6 6 7 7 5 7 7 6 8 7 8 6 7 7 8 8 7 8 5 7 6 6 7 8 8 6 7 8 7 6 7 5 4 7 7 7 6 7 6 7 7 8 8 6 7 6 6 7 8 8 7 7 6 7 5 6 7 7 6 5 6 6 7 7 7 6 7 6 6 5 7 7 7 7 6 8 7 7 6 7 7 7 6 7 8 5 5 7 6 7 6 7 5 5 7 6 7 4 5
58 7 7 7 7 6 7 7 9 5 5 7 8 9 8 6 8 7 6 9 10 8 8 8 7 6 7 8 6 7 6 8 7 5 7 7 9 9 6 7 8 7 6 7 6 7 6 8 7 6 7 7 8 7 7 8 6 6 7 9 9 7 7 8 6 8 7 9 7 6 7 7 8 6 6 8 7 5 8 7 6 6 7 5 7 8 9 8 7 8 5 7 6 8 6 8 5 8 8 7 7
59 7 7 6 6 5 7 6 6 6 4 8 5 7 6 8 8 8 7 5 8 6 7 5 7 7 6 6 6 9 7 6 6 7 6 7 5 7 7 7 5 7 6 7 9 8 4 7 7 7 6 7 10 8 7 6 6 6 8 6 5 5 9 6 5 6 5 8 6 8 7 5 5 2 8 7 7 7 8 6 7 6 7 7 7 8 6 6 7 8 7 6 6 6 7 5 6 6 4 8 6
60 6 9 8 6 10 9 9 7 7 7 6 6 8 8 8 8 8 8 8 8 8 7 8 8 7 7 9 8 8 6 8 9 8 8 8 8 7 7 8 7 9 8 11 7 8 8 7 8 8 7 6 7 8 8 7 7 9 7 8 7 7 8 8 7 10 6 8 10 9 7 8 8 7 8 9 8 7 9 7 9 8 8 7 9 10 8 8 8 8 6 8 7 10 7 9 10 8 7 7 8
61 4 4 3 2 1 4 2 3 5 4 2 4 4 3 3 4 5 1 4 3 4 3 2 3 4 2 2 4 4 3 4 2 2 4 3 6 3 2 5 5 3 3 3 5 3 5 4 3 2 3 4 5 5 2 4 3 5 3 3 4 5 5 5 2 1 3 5 4 4 4 3 3 4 4 5 2 3 2 3 2 3 3 2 3 3 2 4 4 3 3 3 4 3 3 4 4 4 3 3 4
62 8 7 7 9 9 6 5 6 4 6 8 7 7 6 7 5 6 7 7 6 8 7 7 4 6 6 7 7 7 7 7 6 6 8 8 6 7 6 8 7 7 7 7 5 7 5 6 6 7 8 8 7 6 7 6 7 7 7 4 5 8 6 8 6 7 6 8 5 6 8 7 7 6 7 5 8 7 6 8 8 7 7 7 9 4 6 6 6 6 7 6 8 5 6 8 5 6 7 6 8
63 7 6 5 5 6 3 3 5 5 6 4 7 6 4 7 5 5 5 4 6 5 6 6 5 6 5 7 5 4 6 7 4 5 4 6 6 4 5 6 6 6 7 6 7 5 5 4 3 6 6 6 7 4 6 6 6 6 6 3 6 6 4 5 5 4 5 5 7 5 4 6 4 3 4 5 6 6 6 7 6 6 5 4 6 6 5 5 6 5 5 6 7 8 6 5 5 6 7 5 5
64 4 5 4 4 5 7 6 5 5 4 5 4 3 4 5 3 5 3 5 4 5 6 4 6 5 6 4 4 5 4 4 4 3 6 5 4 6 2 6 5 4 5 4 4 4 5 4 4 2 6 5 6 5 3 4 6 5 4 5 4 5 3 6 6 5 4 5 4 4 4 5 5 4 5 4 4 5 5 4 4 5 3 5 4 5 5 2 4 5 4 5 3 3 3 6 5 4 6 4 5
65 7 7 9 6 9 7 6 8 9 9 6 9 9 8 8 8 10 8 9 8 7 8 8 8 6 7 7 8 8 6 8 7 8 8 9 9 8 8 7 8 9 7 7 7 8 10 8 9 8 8 7 10 8 8 8 8 7 8 7 9 7 7 6 8 8 7 8 9 9 7 8 6 8 11 9 8 8 9 7 7 7 7 6 6 7 8 7 8 8 9 9 8 8 7 10 6 7 7 7 8
66 3 4 5 4 5 4 4 5 4 4 6 6 6 5 5 5 4 6 5 5 4 3 5 5 4 6 4 5 5 4 5 3 5 5 3 5 5 5 4 6 6 5 3 5 4 5 4 7 5 4 5 5 5 5 3 4 4 6 4 5 6 5 6 6 4 4 4 4 5 3 6 4 6 6 3 5 4 5 6 3 5 4 4 4 5 5 3 5 6 3 4 4 4 6 5 4 4 6 5 4
67 5 4 4 5 5 6 4 7 5 5 4 4 6 4 4 5 5 4 6 6 5 4 5 5 4 5 4 5 5 6 6 7 7 6 5 7 6 7 5 5 6 5 5 6 6 6 5 6 4 7 5 4 6 5 5 6 4 6 5 4 5 6 5 5 3 4 6 6 5 5 6 3 6 6 6 5 4 4 4 5 5 5 4 6 7 5 6 7 5 3 5 5 5 6 5 7 5 6 5 4
68 7 7 8 8 8 7 8 7 8 7 5 6 6 7 7 8 7 7 8 8 7 8 7 7 7 6 7 7 7 8 7 6 7 8 6 7 5 7 7 6 7 7 6 6 7 7 6 6 7 7 7 5 9 6 6 7 7 8 6 7 8 8 7 5 7 7 7 5 6 7 5 6 10 8 7 8 6 7 7 8 8 7 7 6 7 7 8 8 8 8 5 8 6 7 7 7 7 8 6 7
69 2 4 4 2 2 5 3 3 3 3 4 4 3 5 5 2 3 2 2 5 2 2 3 5 4 2 4 4 3 5 5 4 4 2 3 4 3 2 3 4 3 3 4 3 4 4 4 2 5 4 3 3 3 3 3 3 1 4 3 2 3 2 4 3 6 3 3 2 4 5 3 4 4 3 4 4 2 4 5 4 4 4 3 4 5 2 3 4 5 4 5 4 4 3 5 3 5 3 4 2
70 8 5 6 5 8 4 6 5 6 5 4 5 5 6 6 5 6 4 5 6 4 7 5 5 5 7 7 7 6 6 5 5 5 5 5 5 6 5 5 6 4 4 3 5 6 6 7 6 5 6 6 8 4 4 5 6 4 7 6 4 6 5 3 6 6 5 5 6 6 6 4 4 5 5 5 5 7 6 7 6 6 5 5 7 7 5 4 6 5 4 5 6 6 4 7 6 4 6 6 5

Probability_of_each_scenario_occuring:
0.01 0.01 0.01 0.01 0.01 0.01 0.01 0.01 0.01 0.01 0.01 0.01 0.01 0.01 0.01 0.01 0.01 0.01 0.01 0.01 0.01 0.01 0.01 0.01 0.01 0.01 0.01 0.01 0.01 0.01 0.01 0.01 0.01 0.01 0.01 0.01 0.01 0.01 0.01 0.01 0.01 0.01 0.01 0.01 0.01 0.01 0.01 0.01 0.01 0.01 0.01 0.01 0.01 0.01 0.01 0.01 0.01 0.01 0.01 0.01 0.01 0.01 0.01 0.01 0.01 0.01 0.01 0.01 0.01 0.01 0.01 0.01 0.01 0.01 0.01 0.01 0.01 0.01 0.01 0.01 0.01 0.01 0.01 0.01 0.01 0.01 0.01 0.01 0.01 0.01 0.01 0.01 0.01 0.01 0.01 0.01 0.01 0.01 0.01 0.01 

Travel_Costs:
0 2.64 2.01 3.12 2.04 2.07 1.59 0.38 2.06 1.69 2.2 2.57 2.93 2.74 2.46 2.12 2.13 1.69 2.32 1.28 2.59 1.97 2.14 2.34 2.21 0.62 2.39 1.88 1.5 1.9 2.46 2.92 1.12 2.45 0.88 2.21 2.33 1.85 0.59 2.49 0.9 2.29 2.23 2.17 0.63 1.72 1.95 2.26 1.12 0.53 2.32 1.57 2.3 1.41 1.44 1.12 1.79 1.89 2.09 2.02 2.65 0.94 1.3 0.61 0.14 2.66 1.62 2.85 2.48 2.68 1.82 
2.64 0 4.33 4.27 0.89 3.45 4.15 2.8 0.76 1.72 4.82 5.2 3.49 4.4 4.19 1.16 2.67 2.13 1.56 3.01 5.23 4.6 2.88 4.97 0.9 3.09 1.37 2.41 4.06 0.95 5.1 3.45 2.3 2.81 2.97 2.7 4.01 3.91 2.67 4.64 3.54 1.94 1.85 4.14 2.29 3.58 2.67 0.39 2.74 2.14 0.33 2.25 4.33 3.92 3.58 3.5 3.83 3.97 3 4.31 3.06 1.79 1.35 3.05 2.7 5.28 2.73 5.47 5.09 3.92 2.02 
2.01 4.33 0 2.1 3.93 3.68 0.75 2.17 3.6 3.7 1.8 1.99 2.58 3.99 1.12 3.42 2.37 3.68 4.31 2.99 1.59 1.24 4.01 1.55 3.62 2.1 4.37 3.84 0.81 3.79 1.65 4.73 2.06 4.36 2.56 4.12 3.67 0.58 1.69 3.29 1.51 4.29 4.23 0.69 2.08 0.95 3.86 3.98 1.62 2.33 4.03 3.55 0.61 0.72 0.77 2.31 0.64 3.02 3.9 2.79 2.59 2.88 3.11 1.42 2.06 1.48 1.88 2.27 2.11 1.79 2.64 
3.12 4.27 2.1 0 4.31 5.17 2.74 3.46 3.53 4.48 3.88 4.09 0.96 5.72 0.99 3.12 1.6 4.65 4.96 4.39 3.67 3.32 5.24 3.64 3.38 3.56 4.93 4.91 2.76 4.18 3.75 6.03 2.3 5.5 3.96 5.26 5.34 1.64 2.55 5.19 3.2 5.1 5.02 1.42 2.72 1.51 5.03 4.05 2.04 3.08 4.07 4.58 1.51 2.58 1.9 3.96 1.65 4.77 5.19 4.67 1.31 3.6 3.55 2.64 3.24 3.53 1.7 4.37 4.2 0.45 2.26 
2.04 0.89 3.93 4.31 0 2.57 3.62 2.11 1 0.83 4.14 4.52 3.67 3.51 4.02 1.48 2.77 1.24 0.8 2.16 4.61 3.99 1.99 4.34 1.29 2.38 0.68 1.52 3.53 0.15 4.46 2.6 2.08 1.96 2.18 1.83 3.13 3.61 2.24 3.8 2.91 1.13 1.03 3.89 1.87 3.33 1.78 0.61 2.48 1.61 0.66 1.36 4.06 3.42 3.23 2.73 3.53 3.12 2.11 3.49 3.26 1.11 0.84 2.55 2.06 4.69 2.64 4.77 4.39 3.91 2.11 
2.07 3.45 3.68 5.17 2.57 0 3 1.72 3.28 1.74 2.72 3 4.98 0.95 4.43 3.6 4.13 1.34 2.12 0.79 3.36 2.93 0.76 3.09 3.55 1.64 2.33 1.11 2.92 2.51 3.14 1.13 3.1 1.11 1.22 0.99 0.6 3.75 2.65 1.47 2.17 1.78 1.83 4.07 2.59 3.71 0.86 3.13 3.18 2.28 3.18 1.21 4.15 2.97 3.36 1.39 3.7 0.97 0.58 1.45 4.67 2.03 2.45 2.55 1.94 3.54 3.66 3.13 2.78 4.73 3.69 
1.59 4.15 0.75 2.74 3.62 3 0 1.65 3.48 3.25 1.16 1.44 3.06 3.26 1.78 3.39 2.65 3.17 3.88 2.36 1.19 0.64 3.4 1.03 3.55 1.5 3.97 3.28 0.1 3.48 1.16 4.08 2.05 3.76 1.95 3.53 2.95 1.11 1.5 2.55 0.87 3.81 3.76 1.35 1.88 1.35 3.27 3.78 1.67 2.03 3.83 3.02 1.33 0.26 0.98 1.62 1.12 2.29 3.28 2.05 2.99 2.52 2.84 1.1 1.6 1.18 2.09 1.74 1.49 2.38 2.74 
0.38 2.8 2.17 3.46 2.11 1.72 1.65 0 2.28 1.62 2.04 2.42 3.3 2.37 2.75 2.41 2.5 1.53 2.26 0.94 2.51 1.91 1.87 2.24 2.47 0.3 2.36 1.67 1.55 1.98 2.35 2.63 1.49 2.2 0.51 1.96 1.96 2.1 0.95 2.14 0.83 2.17 2.12 2.43 0.99 2.01 1.7 2.42 1.49 0.8 2.48 1.39 2.53 1.51 1.7 0.79 2.05 1.53 1.79 1.68 3.02 1.03 1.46 0.85 0.24 2.61 1.99 2.68 2.3 3.02 2.18 
2.06 0.76 3.6 3.53 1 3.28 3.48 2.28 0 1.66 4.24 4.62 2.8 4.19 3.43 0.5 1.94 2.05 1.79 2.7 4.59 3.97 2.84 4.36 0.3 2.58 1.66 2.36 3.4 0.94 4.48 3.52 1.56 2.88 2.55 2.71 3.79 3.17 1.99 4.29 2.94 2.1 2 3.39 1.61 2.83 2.6 0.53 2 1.54 0.54 2.12 3.58 3.24 2.84 3.04 3.09 3.62 2.92 3.9 2.37 1.34 0.87 2.38 2.14 4.63 1.97 4.9 4.53 3.18 1.28 
1.69 1.72 3.7 4.48 0.83 1.74 3.25 1.62 1.66 0 3.57 3.93 3.99 2.68 4.02 2.08 3.08 0.41 0.64 1.4 4.1 3.51 1.19 3.82 1.95 1.84 0.77 0.71 3.15 0.79 3.93 1.87 2.18 1.23 1.52 1.05 2.31 3.49 2.09 3.02 2.44 0.64 0.56 3.79 1.8 3.28 0.96 1.42 2.48 1.45 1.46 0.54 3.94 3.09 3.08 2.08 3.42 2.35 1.29 2.75 3.6 0.89 1.01 2.29 1.66 4.21 2.79 4.16 3.78 4.05 2.47 
2.2 4.82 1.8 3.88 4.14 2.72 1.16 2.04 4.24 3.57 0 0.38 4.21 2.63 2.9 4.26 3.74 3.36 4.19 2.33 0.66 0.56 3.32 0.41 4.38 1.77 4.33 3.37 1.17 4.02 0.44 3.85 3 3.71 2.06 3.51 2.44 2.25 2.37 1.74 1.31 4.01 4 2.46 2.69 2.5 3.27 4.44 2.7 2.71 4.5 3.19 2.41 1.38 2.12 1.52 2.27 1.79 3.16 1.37 4.12 3.06 3.48 1.96 2.13 0.86 3.17 0.67 0.34 3.53 3.74 
2.57 5.2 1.99 4.09 4.52 3 1.44 2.42 4.62 3.93 0.38 0 4.49 2.81 3.11 4.63 4.06 3.71 4.55 2.66 0.54 0.81 3.63 0.46 4.75 2.14 4.69 3.71 1.46 4.39 0.37 4.12 3.36 4.02 2.42 3.83 2.67 2.5 2.73 1.88 1.68 4.36 4.35 2.68 3.06 2.77 3.59 4.82 3.04 3.09 4.87 3.54 2.59 1.67 2.41 1.87 2.52 2.05 3.46 1.59 4.42 3.44 3.85 2.31 2.5 0.76 3.5 0.31 0.25 3.76 4.09 
2.93 3.49 2.58 0.96 3.67 4.98 3.06 3.3 2.8 3.99 4.21 4.49 0 5.66 1.6 2.34 0.92 4.23 4.4 4.2 4.15 3.69 4.91 4.06 2.6 3.48 4.33 4.52 3.05 3.57 4.18 5.7 1.9 5.12 3.8 4.9 5.25 2.02 2.36 5.27 3.27 4.6 4.5 1.93 2.4 1.72 4.68 3.32 1.82 2.73 3.34 4.2 2.09 2.85 2.1 3.94 1.98 4.76 4.9 4.75 0.43 3.17 3 2.59 3.07 4.05 1.32 4.79 4.55 0.9 1.57 
2.74 4.4 3.99 5.72 3.51 0.95 3.26 2.37 4.19 2.68 2.63 2.81 5.66 0 4.89 4.49 4.86 2.28 3.05 1.55 3.27 3 1.64 3.03 4.46 2.19 3.26 2.04 3.19 3.45 3.05 1.63 3.84 1.91 1.88 1.87 0.42 4.18 3.3 0.95 2.55 2.69 2.74 4.49 3.33 4.22 1.79 4.07 3.84 3.06 4.12 2.15 4.53 3.3 3.84 1.77 4.15 0.97 1.47 1.27 5.38 2.91 3.35 3.1 2.6 3.48 4.35 2.85 2.57 5.29 4.48 
2.46 4.19 1.12 0.99 4.02 4.43 1.78 2.75 3.43 4.02 2.9 3.11 1.6 4.89 0 3.11 1.72 4.11 4.57 3.67 2.69 2.35 4.6 2.66 3.35 2.79 4.58 4.33 1.81 3.89 2.77 5.37 1.95 4.91 3.23 4.67 4.53 0.72 1.94 4.29 2.34 4.64 4.57 0.44 2.23 0.76 4.41 3.9 1.56 2.57 3.94 4.01 0.53 1.65 1.07 3.13 0.74 3.92 4.53 3.77 1.74 3.13 3.2 1.9 2.56 2.56 1.47 3.39 3.22 0.72 2.23 
2.12 1.16 3.42 3.12 1.48 3.6 3.39 2.41 0.5 2.08 4.26 4.63 2.34 4.49 3.11 0 1.52 2.44 2.27 2.96 4.55 3.93 3.23 4.33 0.27 2.7 2.15 2.76 3.32 1.41 4.46 3.94 1.37 3.3 2.75 3.12 4.08 2.94 1.92 4.5 2.97 2.56 2.46 3.12 1.57 2.57 2.99 1.01 1.8 1.62 1.01 2.49 3.32 3.14 2.65 3.19 2.86 3.84 3.29 4.08 1.91 1.59 1.16 2.33 2.23 4.56 1.65 4.92 4.57 2.79 0.89 
2.13 2.67 2.37 1.6 2.77 4.13 2.65 2.5 1.94 3.08 3.74 4.06 0.92 4.86 1.72 1.52 0 3.32 3.48 3.36 3.82 3.27 4.01 3.67 1.78 2.71 3.42 3.62 2.61 2.66 3.8 4.8 1.03 4.21 2.99 3.99 4.45 1.8 1.59 4.57 2.63 3.68 3.58 1.87 1.54 1.42 3.78 2.46 1.1 1.86 2.48 3.29 2.07 2.4 1.69 3.2 1.73 4 4.01 4.06 0.55 2.26 2.08 1.91 2.27 3.76 0.58 4.37 4.08 1.28 0.67 
1.69 2.13 3.68 4.65 1.24 1.34 3.17 1.53 2.05 0.41 3.36 3.71 4.23 2.28 4.11 2.44 3.32 0 0.87 1.09 3.93 3.36 0.79 3.64 2.34 1.69 1.06 0.32 3.07 1.2 3.74 1.52 2.37 0.9 1.31 0.69 1.91 3.54 2.17 2.66 2.32 0.66 0.64 3.85 1.93 3.36 0.56 1.82 2.62 1.57 1.87 0.18 3.99 3.03 3.13 1.85 3.47 2.01 0.89 2.44 3.86 1.07 1.33 2.29 1.63 4.05 2.98 3.92 3.54 4.21 2.75 
2.32 1.56 4.31 4.96 0.8 2.12 3.88 2.26 1.79 0.64 4.19 4.55 4.4 3.05 4.57 2.27 3.48 0.87 0 1.96 4.73 4.15 1.43 4.45 2.08 2.47 0.22 1.03 3.79 0.87 4.55 1.9 2.68 1.28 2.14 1.22 2.72 4.08 2.68 3.51 3.08 0.39 0.32 4.38 2.35 3.84 1.27 1.38 3.02 2.03 1.41 1.05 4.53 3.72 3.68 2.69 4 2.87 1.59 3.3 3.99 1.46 1.42 2.9 2.29 4.85 3.27 4.77 4.39 4.55 2.84 
1.28 3.01 2.99 4.39 2.16 0.79 2.36 0.94 2.7 1.4 2.33 2.66 4.2 1.55 3.67 2.96 3.36 1.09 1.96 0 2.93 2.41 1.05 2.64 2.94 0.9 2.13 1.05 2.27 2.07 2.72 1.74 2.33 1.43 0.45 1.21 1.13 3 1.86 1.64 1.5 1.72 1.72 3.33 1.82 2.94 0.95 2.65 2.4 1.53 2.7 0.92 3.42 2.28 2.61 0.82 2.95 0.97 0.92 1.36 3.9 1.38 1.83 1.78 1.16 3.08 2.88 2.86 2.47 3.95 2.95 
2.59 5.23 1.59 3.67 4.61 3.36 1.19 2.51 4.59 4.1 0.66 0.54 4.15 3.27 2.69 4.55 3.82 3.93 4.73 2.93 0 0.63 3.94 0.29 4.69 2.27 4.86 3.96 1.25 4.47 0.23 4.49 3.22 4.33 2.62 4.12 3.1 2.14 2.64 2.37 1.71 4.58 4.56 2.27 3 2.46 3.87 4.85 2.86 3.09 4.9 3.76 2.17 1.45 2.13 2.11 2.18 2.45 3.78 2.02 4.13 3.51 3.89 2.22 2.55 0.22 3.27 0.74 0.76 3.37 3.92 
1.97 4.6 1.24 3.32 3.99 2.93 0.64 1.91 3.97 3.51 0.56 0.81 3.69 3 2.35 3.93 3.27 3.36 4.15 2.41 0.63 0 3.44 0.41 4.07 1.68 4.26 3.42 0.67 3.86 0.54 4.05 2.61 3.83 2.06 3.61 2.76 1.71 2.02 2.18 1.09 4.01 3.98 1.91 2.37 1.97 3.36 4.22 2.27 2.46 4.27 3.19 1.85 0.88 1.61 1.6 1.73 2.09 3.3 1.74 3.62 2.89 3.26 1.6 1.93 0.71 2.71 1.11 0.88 2.98 3.33 
2.14 2.88 4.01 5.24 1.99 0.76 3.4 1.87 2.84 1.19 3.32 3.63 4.91 1.64 4.6 3.23 4.01 0.79 1.43 1.05 3.94 3.44 0 3.66 3.12 1.91 1.64 0.48 3.3 1.97 3.73 0.8 3.02 0.39 1.46 0.24 1.34 3.97 2.7 2.22 2.53 1.06 1.12 4.29 2.54 3.86 0.24 2.59 3.2 2.19 2.64 0.75 4.4 3.31 3.56 1.85 3.91 1.67 0.19 2.15 4.56 1.77 2.09 2.71 2.04 4.1 3.62 3.79 3.42 4.8 3.48 
2.34 4.97 1.55 3.64 4.34 3.09 1.03 2.24 4.36 3.82 0.41 0.46 4.06 3.03 2.66 4.33 3.67 3.64 4.45 2.64 0.29 0.41 3.66 0 4.46 2 4.58 3.68 1.07 4.21 0.14 4.21 3.02 4.05 2.34 3.84 2.84 2.06 2.42 2.15 1.44 4.3 4.27 2.23 2.77 2.35 3.59 4.6 2.67 2.84 4.65 3.47 2.14 1.27 2 1.83 2.09 2.18 3.5 1.77 4 3.24 3.63 2 2.29 0.46 3.11 0.74 0.61 3.32 3.74 
2.21 0.9 3.62 3.38 1.29 3.55 3.55 2.47 0.3 1.95 4.38 4.75 2.6 4.46 3.35 0.27 1.78 2.34 2.08 2.94 4.69 4.07 3.12 4.46 0 2.76 1.94 2.65 3.48 1.24 4.59 3.81 1.56 3.17 2.77 3 4.05 3.15 2.06 4.52 3.08 2.4 2.29 3.35 1.7 2.8 2.89 0.77 2 1.69 0.77 2.4 3.55 3.31 2.85 3.23 3.07 3.85 3.2 4.11 2.17 1.57 1.11 2.47 2.3 4.72 1.89 5.04 4.68 3.05 1.15 
0.62 3.09 2.1 3.56 2.38 1.64 1.5 0.3 2.58 1.84 1.77 2.14 3.48 2.19 2.79 2.7 2.71 1.69 2.47 0.9 2.27 1.68 1.91 2 2.76 0 2.59 1.79 1.41 2.25 2.1 2.64 1.72 2.27 0.46 2.04 1.8 2.12 1.13 1.88 0.64 2.34 2.31 2.44 1.24 2.08 1.77 2.71 1.66 1.09 2.77 1.53 2.53 1.41 1.73 0.51 2.07 1.3 1.81 1.4 3.22 1.31 1.76 0.93 0.49 2.38 2.18 2.4 2.01 3.12 2.43 
2.39 1.37 4.37 4.93 0.68 2.33 3.97 2.36 1.66 0.77 4.33 4.69 4.33 3.26 4.58 2.15 3.42 1.06 0.22 2.13 4.86 4.26 1.64 4.58 1.94 2.59 0 1.23 3.88 0.77 4.68 2.11 2.66 1.5 2.28 1.43 2.92 4.11 2.71 3.7 3.18 0.61 0.53 4.4 2.37 3.86 1.48 1.22 3.03 2.06 1.24 1.23 4.57 3.8 3.71 2.84 4.04 3.06 1.8 3.48 3.92 1.5 1.39 2.96 2.38 4.97 3.25 4.92 4.54 4.52 2.77 
1.88 2.41 3.84 4.91 1.52 1.11 3.28 1.67 2.36 0.71 3.37 3.71 4.52 2.04 4.33 2.76 3.62 0.32 1.03 1.05 3.96 3.42 0.48 3.68 2.65 1.79 1.23 0 3.19 1.49 3.76 1.21 2.65 0.61 1.36 0.38 1.7 3.73 2.4 2.5 2.42 0.71 0.73 4.05 2.19 3.58 0.26 2.12 2.87 1.83 2.16 0.34 4.18 3.17 3.32 1.86 3.67 1.89 0.6 2.34 4.15 1.36 1.64 2.48 1.8 4.1 3.26 3.9 3.52 4.47 3.06 
1.5 4.06 0.81 2.76 3.53 2.92 0.1 1.55 3.4 3.15 1.17 1.46 3.05 3.19 1.81 3.32 2.61 3.07 3.79 2.27 1.25 0.67 3.3 1.07 3.48 1.41 3.88 3.19 0 3.39 1.2 3.99 1.98 3.67 1.85 3.44 2.88 1.12 1.42 2.5 0.78 3.71 3.66 1.38 1.8 1.34 3.17 3.69 1.61 1.94 3.75 2.92 1.37 0.22 0.96 1.53 1.13 2.22 3.18 2 2.97 2.43 2.75 1.02 1.5 1.25 2.05 1.77 1.5 2.39 2.68 
1.9 0.95 3.79 4.18 0.15 2.51 3.48 1.98 0.94 0.79 4.02 4.39 3.57 3.45 3.89 1.41 2.66 1.2 0.87 2.07 4.47 3.86 1.97 4.21 1.24 2.25 0.77 1.49 3.39 0 4.32 2.61 1.95 1.96 2.06 1.82 3.07 3.47 2.1 3.71 2.77 1.16 1.06 3.75 1.73 3.19 1.75 0.63 2.34 1.47 0.68 1.3 3.92 3.28 3.09 2.61 3.39 3.03 2.08 3.39 3.15 0.97 0.69 2.41 1.93 4.55 2.51 4.64 4.26 3.78 2 
2.46 5.1 1.65 3.75 4.46 3.14 1.16 2.35 4.48 3.93 0.44 0.37 4.18 3.05 2.77 4.46 3.8 3.74 4.55 2.72 0.23 0.54 3.73 0.14 4.59 2.1 4.68 3.76 1.2 4.32 0 4.27 3.15 4.12 2.43 3.92 2.87 2.17 2.55 2.15 1.56 4.39 4.37 2.34 2.9 2.47 3.67 4.72 2.8 2.96 4.77 3.57 2.25 1.41 2.12 1.91 2.21 2.22 3.57 1.8 4.13 3.36 3.75 2.13 2.41 0.44 3.24 0.62 0.56 3.43 3.87 
2.92 3.45 4.73 6.03 2.6 1.13 4.08 2.63 3.52 1.87 3.85 4.12 5.7 1.63 5.37 3.94 4.8 1.52 1.9 1.74 4.49 4.05 0.8 4.21 3.81 2.64 2.11 1.21 3.99 2.61 4.27 0 3.81 0.65 2.18 0.83 1.52 4.73 3.48 2.46 3.23 1.51 1.6 5.05 3.33 4.63 1.02 3.21 3.99 2.98 3.25 1.52 5.15 4.02 4.33 2.49 4.67 2.08 0.84 2.55 5.34 2.55 2.84 3.48 2.82 4.67 4.41 4.24 3.9 5.58 4.26 
1.12 2.3 2.06 2.3 2.08 3.1 2.05 1.49 1.56 2.18 3 3.36 1.9 3.84 1.95 1.37 1.03 2.37 2.68 2.33 3.22 2.61 3.02 3.02 1.56 1.72 2.66 2.65 1.98 1.95 3.15 3.81 0 3.25 1.97 3.01 3.43 1.62 0.65 3.59 1.76 2.81 2.72 1.85 0.52 1.29 2.79 1.98 0.45 0.84 2.02 2.32 2.04 1.79 1.3 2.22 1.54 3 3.01 3.1 1.57 1.31 1.27 1.05 1.25 3.22 0.62 3.66 3.33 1.88 0.75 
2.45 2.81 4.36 5.5 1.96 1.11 3.76 2.2 2.88 1.23 3.71 4.02 5.12 1.91 4.91 3.3 4.21 0.9 1.28 1.43 4.33 3.83 0.39 4.05 3.17 2.27 1.5 0.61 3.67 1.96 4.12 0.65 3.25 0 1.82 0.25 1.66 4.29 2.98 2.57 2.9 0.89 0.98 4.61 2.79 4.16 0.51 2.57 3.46 2.43 2.61 0.94 4.73 3.67 3.88 2.24 4.23 2.05 0.57 2.53 4.75 1.96 2.21 3.03 2.36 4.49 3.86 4.18 3.81 5.06 3.65 
0.88 2.97 2.56 3.96 2.18 1.22 1.95 0.51 2.55 1.52 2.06 2.42 3.8 1.88 3.23 2.75 2.99 1.31 2.14 0.45 2.62 2.06 1.46 2.34 2.77 0.46 2.28 1.36 1.85 2.06 2.43 2.18 1.97 1.82 0 1.59 1.46 2.56 1.45 1.76 1.08 1.97 1.94 2.88 1.46 2.5 1.33 2.59 1.99 1.21 2.65 1.14 2.97 1.86 2.17 0.56 2.51 1.1 1.35 1.36 3.52 1.22 1.69 1.34 0.74 2.75 2.49 2.64 2.26 3.52 2.63 
2.21 2.7 4.12 5.26 1.83 0.99 3.53 1.96 2.71 1.05 3.51 3.83 4.9 1.87 4.67 3.12 3.99 0.69 1.22 1.21 4.12 3.61 0.24 3.84 3 2.04 1.43 0.38 3.44 1.82 3.92 0.83 3.01 0.25 1.59 0 1.58 4.05 2.74 2.46 2.67 0.84 0.91 4.37 2.55 3.92 0.27 2.44 3.23 2.19 2.48 0.71 4.49 3.43 3.64 2.02 3.99 1.9 0.42 2.37 4.53 1.74 2.01 2.79 2.12 4.28 3.62 4 3.63 4.83 3.44 
2.33 4.01 3.67 5.34 3.13 0.6 2.95 1.96 3.79 2.31 2.44 2.67 5.25 0.42 4.53 4.08 4.45 1.91 2.72 1.13 3.1 2.76 1.34 2.84 4.05 1.8 2.92 1.7 2.88 3.07 2.87 1.52 3.43 1.66 1.46 1.58 0 3.83 2.9 0.95 2.2 2.38 2.42 4.14 2.92 3.85 1.46 3.68 3.44 2.65 3.73 1.78 4.19 2.97 3.48 1.4 3.79 0.68 1.16 1.09 4.98 2.49 2.94 2.72 2.2 3.3 3.95 2.75 2.44 4.91 4.07 
1.85 3.91 0.58 1.64 3.61 3.75 1.11 2.1 3.17 3.49 2.25 2.5 2.02 4.18 0.72 2.94 1.8 3.54 4.08 3 2.14 1.71 3.97 2.06 3.15 2.12 4.11 3.73 1.12 3.47 2.17 4.73 1.62 4.29 2.56 4.05 3.83 0 1.41 3.58 1.63 4.11 4.04 0.33 1.75 0.39 3.79 3.59 1.18 2.06 3.63 3.42 0.46 0.94 0.42 2.43 0.09 3.21 3.89 3.06 2.02 2.63 2.78 1.26 1.94 2.04 1.34 2.79 2.58 1.28 2.12 
0.59 2.67 1.69 2.55 2.24 2.65 1.5 0.95 1.99 2.09 2.37 2.73 2.36 3.3 1.94 1.92 1.59 2.17 2.68 1.86 2.64 2.02 2.7 2.42 2.06 1.13 2.71 2.4 1.42 2.1 2.55 3.48 0.65 2.98 1.45 2.74 2.9 1.41 0 2.98 1.12 2.72 2.64 1.71 0.39 1.2 2.5 2.31 0.54 0.66 2.36 2.07 1.86 1.26 1 1.61 1.33 2.42 2.65 2.48 2.1 1.23 1.42 0.42 0.72 2.66 1.06 3.03 2.69 2.11 1.4 
2.49 4.64 3.29 5.19 3.8 1.47 2.55 2.14 4.29 3.02 1.74 1.88 5.27 0.95 4.29 4.5 4.57 2.66 3.51 1.64 2.37 2.18 2.22 2.15 4.52 1.88 3.7 2.5 2.5 3.71 2.15 2.46 3.59 2.57 1.76 2.46 0.95 3.58 2.98 0 2.01 3.2 3.23 3.86 3.12 3.69 2.29 4.28 3.49 2.93 4.34 2.49 3.87 2.65 3.29 1.38 3.56 0.68 2.04 0.53 5.05 2.96 3.43 2.68 2.36 2.59 4.01 1.91 1.64 4.78 4.31 
0.9 3.54 1.51 3.2 2.91 2.17 0.87 0.83 2.94 2.44 1.31 1.68 3.27 2.55 2.34 2.97 2.63 2.32 3.08 1.5 1.71 1.09 2.53 1.44 3.08 0.64 3.18 2.42 0.78 2.77 1.56 3.23 1.76 2.9 1.08 2.67 2.2 1.63 1.12 2.01 0 2.97 2.93 1.94 1.4 1.69 2.4 3.16 1.54 1.42 3.21 2.17 2 0.8 1.3 0.81 1.6 1.59 2.41 1.49 3.09 1.8 2.19 0.73 0.85 1.79 2.06 1.96 1.6 2.78 2.51 
2.29 1.94 4.29 5.1 1.13 1.78 3.81 2.17 2.1 0.64 4.01 4.36 4.6 2.69 4.64 2.56 3.68 0.66 0.39 1.72 4.58 4.01 1.06 4.3 2.4 2.34 0.61 0.71 3.71 1.16 4.39 1.51 2.81 0.89 1.97 0.84 2.38 4.11 2.72 3.2 2.97 0 0.11 4.42 2.43 3.9 0.92 1.73 3.11 2.08 1.77 0.83 4.56 3.66 3.7 2.5 4.04 2.59 1.23 3.04 4.2 1.52 1.6 2.89 2.24 4.71 3.42 4.57 4.18 4.68 3.06 
2.23 1.85 4.23 5.02 1.03 1.83 3.76 2.12 2 0.56 4 4.35 4.5 2.74 4.57 2.46 3.58 0.64 0.32 1.72 4.56 3.98 1.12 4.27 2.29 2.31 0.53 0.73 3.66 1.06 4.37 1.6 2.72 0.98 1.94 0.91 2.42 4.04 2.64 3.23 2.93 0.11 0 4.35 2.35 3.83 0.97 1.63 3.03 2 1.67 0.81 4.49 3.61 3.63 2.48 3.97 2.6 1.28 3.05 4.1 1.44 1.51 2.83 2.19 4.68 3.33 4.56 4.17 4.59 2.96 
2.17 4.14 0.69 1.42 3.89 4.07 1.35 2.43 3.39 3.79 2.46 2.68 1.93 4.49 0.44 3.12 1.87 3.85 4.38 3.33 2.27 1.91 4.29 2.23 3.35 2.44 4.4 4.05 1.38 3.75 2.34 5.05 1.85 4.61 2.88 4.37 4.14 0.33 1.71 3.86 1.94 4.42 4.35 0 2.04 0.57 4.11 3.83 1.42 2.36 3.87 3.74 0.21 1.22 0.74 2.74 0.39 3.52 4.21 3.35 2 2.93 3.06 1.58 2.26 2.15 1.49 2.96 2.78 1.11 2.27 
0.63 2.29 2.08 2.72 1.87 2.59 1.88 0.99 1.61 1.8 2.69 3.06 2.4 3.33 2.23 1.57 1.54 1.93 2.35 1.82 3 2.37 2.54 2.77 1.7 1.24 2.37 2.19 1.8 1.73 2.9 3.33 0.52 2.79 1.46 2.55 2.92 1.75 0.39 3.12 1.4 2.43 2.35 2.04 0 1.5 2.32 1.93 0.69 0.36 1.97 1.86 2.2 1.64 1.36 1.75 1.67 2.51 2.52 2.64 2.08 0.91 1.04 0.78 0.76 3.03 1.09 3.35 3 2.29 1.19 
1.72 3.58 0.95 1.51 3.33 3.71 1.35 2.01 2.83 3.28 2.5 2.77 1.72 4.22 0.76 2.57 1.42 3.36 3.84 2.94 2.46 1.97 3.86 2.35 2.8 2.08 3.86 3.58 1.34 3.19 2.47 4.63 1.29 4.16 2.5 3.92 3.85 0.39 1.2 3.69 1.69 3.9 3.83 0.57 1.5 0 3.66 3.27 0.86 1.83 3.31 3.26 0.76 1.14 0.4 2.45 0.32 3.26 3.79 3.17 1.67 2.4 2.5 1.17 1.82 2.38 0.96 3.07 2.84 1.1 1.74 
1.95 2.67 3.86 5.03 1.78 0.86 3.27 1.7 2.6 0.96 3.27 3.59 4.68 1.79 4.41 2.99 3.78 0.56 1.27 0.95 3.87 3.36 0.24 3.59 2.89 1.77 1.48 0.26 3.17 1.75 3.67 1.02 2.79 0.51 1.33 0.27 1.46 3.79 2.5 2.29 2.4 0.92 0.97 4.11 2.32 3.66 0 2.37 2.99 1.97 2.42 0.51 4.23 3.17 3.38 1.77 3.73 1.7 0.34 2.17 4.33 1.54 1.86 2.53 1.86 4.03 3.4 3.77 3.39 4.59 3.25 
2.26 0.39 3.98 4.05 0.61 3.13 3.78 2.42 0.53 1.42 4.44 4.82 3.32 4.07 3.9 1.01 2.46 1.82 1.38 2.65 4.85 4.22 2.59 4.6 0.77 2.71 1.22 2.12 3.69 0.63 4.72 3.21 1.98 2.57 2.59 2.44 3.68 3.59 2.31 4.28 3.16 1.73 1.63 3.83 1.93 3.27 2.37 0 2.42 1.77 0.06 1.93 4.02 3.55 3.24 3.12 3.51 3.61 2.7 3.94 2.9 1.4 0.97 2.68 2.32 4.9 2.45 5.09 4.71 3.68 1.8 
1.12 2.74 1.62 2.04 2.48 3.18 1.67 1.49 2 2.48 2.7 3.04 1.82 3.84 1.56 1.8 1.1 2.62 3.02 2.4 2.86 2.27 3.2 2.67 2 1.66 3.03 2.87 1.61 2.34 2.8 3.99 0.45 3.46 1.99 3.23 3.44 1.18 0.54 3.49 1.54 3.11 3.03 1.42 0.69 0.86 2.99 2.42 0 1.05 2.46 2.54 1.61 1.41 0.86 2.13 1.1 2.95 3.16 2.98 1.57 1.6 1.65 0.82 1.25 2.83 0.53 3.34 3.03 1.6 1.08 
0.53 2.14 2.33 3.08 1.61 2.28 2.03 0.8 1.54 1.45 2.71 3.09 2.73 3.06 2.57 1.62 1.86 1.57 2.03 1.53 3.09 2.46 2.19 2.84 1.69 1.09 2.06 1.83 1.94 1.47 2.96 2.98 0.84 2.43 1.21 2.19 2.65 2.06 0.66 2.93 1.42 2.08 2 2.36 0.36 1.83 1.97 1.77 1.05 0 1.82 1.5 2.51 1.82 1.66 1.59 1.98 2.3 2.17 2.48 2.4 0.58 0.82 0.95 0.62 3.14 1.44 3.37 3 2.65 1.43 
2.32 0.33 4.03 4.07 0.66 3.18 3.83 2.48 0.54 1.46 4.5 4.87 3.34 4.12 3.94 1.01 2.48 1.87 1.41 2.7 4.9 4.27 2.64 4.65 0.77 2.77 1.24 2.16 3.75 0.68 4.77 3.25 2.02 2.61 2.65 2.48 3.73 3.63 2.36 4.34 3.21 1.77 1.67 3.87 1.97 3.31 2.42 0.06 2.46 1.82 0 1.98 4.06 3.6 3.28 3.18 3.55 3.66 2.75 3.99 2.91 1.46 1.03 2.73 2.37 4.96 2.48 5.14 4.77 3.71 1.82 
1.57 2.25 3.55 4.58 1.36 1.21 3.02 1.39 2.12 0.54 3.19 3.54 4.2 2.15 4.01 2.49 3.29 0.18 1.05 0.92 3.76 3.19 0.75 3.47 2.4 1.53 1.23 0.34 2.92 1.3 3.57 1.52 2.32 0.94 1.14 0.71 1.78 3.42 2.07 2.49 2.17 0.83 0.81 3.74 1.86 3.26 0.51 1.93 2.54 1.5 1.98 0 3.87 2.89 3.01 1.67 3.35 1.84 0.81 2.26 3.83 1.04 1.35 2.17 1.5 3.89 2.93 3.75 3.36 4.14 2.74 
2.3 4.33 0.61 1.51 4.06 4.15 1.33 2.53 3.58 3.94 2.41 2.59 2.09 4.53 0.53 3.32 2.07 3.99 4.53 3.42 2.17 1.85 4.4 2.14 3.55 2.53 4.57 4.18 1.37 3.92 2.25 5.15 2.04 4.73 2.97 4.49 4.19 0.46 1.86 3.87 2 4.56 4.49 0.21 2.2 0.76 4.23 4.02 1.61 2.51 4.06 3.87 0 1.24 0.87 2.8 0.53 3.56 4.31 3.36 2.18 3.08 3.23 1.7 2.38 2.03 1.69 2.87 2.72 1.24 2.47 
1.41 3.92 0.72 2.58 3.42 2.97 0.26 1.51 3.24 3.09 1.38 1.67 2.85 3.3 1.65 3.14 2.4 3.03 3.72 2.28 1.45 0.88 3.31 1.27 3.31 1.41 3.8 3.17 0.22 3.28 1.41 4.02 1.79 3.67 1.86 3.43 2.97 0.94 1.26 2.65 0.8 3.66 3.61 1.22 1.64 1.14 3.17 3.55 1.41 1.82 3.6 2.89 1.24 0 0.75 1.59 0.94 2.33 3.2 2.14 2.75 2.33 2.63 0.88 1.43 1.43 1.84 1.98 1.71 2.2 2.48 
1.44 3.58 0.77 1.9 3.23 3.36 0.98 1.7 2.84 3.08 2.12 2.41 2.1 3.84 1.07 2.65 1.69 3.13 3.68 2.61 2.13 1.61 3.56 2 2.85 1.73 3.71 3.32 0.96 3.09 2.12 4.33 1.3 3.88 2.17 3.64 3.48 0.42 1 3.29 1.3 3.7 3.63 0.74 1.36 0.4 3.38 3.24 0.86 1.66 3.28 3.01 0.87 0.75 0 2.08 0.35 2.88 3.49 2.77 2.01 2.22 2.4 0.85 1.53 2.07 1.16 2.71 2.46 1.49 1.89 
1.12 3.5 2.31 3.96 2.73 1.39 1.62 0.79 3.04 2.08 1.52 1.87 3.94 1.77 3.13 3.19 3.2 1.85 2.69 0.82 2.11 1.6 1.85 1.83 3.23 0.51 2.84 1.86 1.53 2.61 1.91 2.49 2.22 2.24 0.56 2.02 1.4 2.43 1.61 1.38 0.81 2.5 2.48 2.74 1.75 2.45 1.77 3.12 2.13 1.59 3.18 1.67 2.8 1.59 2.08 0 2.39 0.83 1.71 0.9 3.7 1.73 2.19 1.35 0.99 2.26 2.66 2.09 1.7 3.53 2.94 
1.79 3.83 0.64 1.65 3.53 3.7 1.12 2.05 3.09 3.42 2.27 2.52 1.98 4.15 0.74 2.86 1.73 3.47 4 2.95 2.18 1.73 3.91 2.09 3.07 2.07 4.04 3.67 1.13 3.39 2.21 4.67 1.54 4.23 2.51 3.99 3.79 0.09 1.33 3.56 1.6 4.04 3.97 0.39 1.67 0.32 3.73 3.51 1.1 1.98 3.55 3.35 0.53 0.94 0.35 2.39 0 3.18 3.83 3.04 1.97 2.55 2.7 1.2 1.88 2.09 1.27 2.82 2.6 1.27 2.04 
1.89 3.97 3.02 4.77 3.12 0.97 2.29 1.53 3.62 2.35 1.79 2.05 4.76 0.97 3.92 3.84 4 2.01 2.87 0.97 2.45 2.09 1.67 2.18 3.85 1.3 3.06 1.89 2.22 3.03 2.22 2.08 3 2.05 1.1 1.9 0.68 3.21 2.42 0.68 1.59 2.59 2.6 3.52 2.51 3.26 1.7 3.61 2.95 2.3 3.66 1.84 3.56 2.33 2.88 0.83 3.18 0 1.49 0.49 4.51 2.29 2.75 2.17 1.76 2.64 3.47 2.16 1.82 4.34 3.7 
2.09 3 3.9 5.19 2.11 0.58 3.28 1.79 2.92 1.29 3.16 3.46 4.9 1.47 4.53 3.29 4.01 0.89 1.59 0.92 3.78 3.3 0.19 3.5 3.2 1.81 1.8 0.6 3.18 2.08 3.57 0.84 3.01 0.57 1.35 0.42 1.16 3.89 2.65 2.04 2.41 1.23 1.28 4.21 2.52 3.79 0.34 2.7 3.16 2.17 2.75 0.81 4.31 3.2 3.49 1.71 3.83 1.49 0 1.97 4.56 1.8 2.15 2.64 1.98 3.95 3.6 3.62 3.25 4.75 3.5 
2.02 4.31 2.79 4.67 3.49 1.45 2.05 1.68 3.9 2.75 1.37 1.59 4.75 1.27 3.77 4.08 4.06 2.44 3.3 1.36 2.02 1.74 2.15 1.77 4.11 1.4 3.48 2.34 2 3.39 1.8 2.55 3.1 2.53 1.36 2.37 1.09 3.06 2.48 0.53 1.49 3.04 3.05 3.35 2.64 3.17 2.17 3.94 2.98 2.48 3.99 2.26 3.36 2.14 2.77 0.9 3.04 0.49 1.97 0 4.54 2.57 3.04 2.17 1.89 2.23 3.5 1.69 1.36 4.26 3.83 
2.65 3.06 2.59 1.31 3.26 4.67 2.99 3.02 2.37 3.6 4.12 4.42 0.43 5.38 1.74 1.91 0.55 3.86 3.99 3.9 4.13 3.62 4.56 4 2.17 3.22 3.92 4.15 2.97 3.15 4.13 5.34 1.57 4.75 3.52 4.53 4.98 2.02 2.1 5.05 3.09 4.2 4.1 2 2.08 1.67 4.33 2.9 1.57 2.4 2.91 3.83 2.18 2.75 2.01 3.7 1.97 4.51 4.56 4.54 0 2.8 2.6 2.38 2.79 4.04 1.05 4.72 4.46 1.13 1.15 
0.94 1.79 2.88 3.6 1.11 2.03 2.52 1.03 1.34 0.89 3.06 3.44 3.17 2.91 3.13 1.59 2.26 1.07 1.46 1.38 3.51 2.89 1.77 3.24 1.57 1.31 1.5 1.36 2.43 0.97 3.36 2.55 1.31 1.96 1.22 1.74 2.49 2.63 1.23 2.96 1.8 1.52 1.44 2.93 0.91 2.4 1.54 1.4 1.6 0.58 1.46 1.04 3.08 2.33 2.22 1.73 2.55 2.29 1.8 2.57 2.8 0 0.48 1.48 0.96 3.58 1.92 3.7 3.32 3.17 1.71 
1.3 1.35 3.11 3.55 0.84 2.45 2.84 1.46 0.87 1.01 3.48 3.85 3 3.35 3.2 1.16 2.08 1.33 1.42 1.83 3.89 3.26 2.09 3.63 1.11 1.76 1.39 1.64 2.75 0.69 3.75 2.84 1.27 2.21 1.69 2.01 2.94 2.78 1.42 3.43 2.19 1.6 1.51 3.06 1.04 2.5 1.86 0.97 1.65 0.82 1.03 1.35 3.23 2.63 2.4 2.19 2.7 2.75 2.15 3.04 2.6 0.48 0 1.75 1.35 3.95 1.86 4.12 3.75 3.14 1.46 
0.61 3.05 1.42 2.64 2.55 2.55 1.1 0.85 2.38 2.29 1.96 2.31 2.59 3.1 1.9 2.33 1.91 2.29 2.9 1.78 2.22 1.6 2.71 2 2.47 0.93 2.96 2.48 1.02 2.41 2.13 3.48 1.05 3.03 1.34 2.79 2.72 1.26 0.42 2.68 0.73 2.89 2.83 1.58 0.78 1.17 2.53 2.68 0.82 0.95 2.73 2.17 1.7 0.88 0.85 1.35 1.2 2.17 2.64 2.17 2.38 1.48 1.75 0 0.68 2.25 1.34 2.61 2.28 2.2 1.8 
0.14 2.7 2.06 3.24 2.06 1.94 1.6 0.24 2.14 1.66 2.13 2.5 3.07 2.6 2.56 2.23 2.27 1.63 2.29 1.16 2.55 1.93 2.04 2.29 2.3 0.49 2.38 1.8 1.5 1.93 2.41 2.82 1.25 2.36 0.74 2.12 2.2 1.94 0.72 2.36 0.85 2.24 2.19 2.26 0.76 1.82 1.86 2.32 1.25 0.62 2.37 1.5 2.38 1.43 1.53 0.99 1.88 1.76 1.98 1.89 2.79 0.96 1.35 0.68 0 2.63 1.75 2.78 2.4 2.8 1.95 
2.66 5.28 1.48 3.53 4.69 3.54 1.18 2.61 4.63 4.21 0.86 0.76 4.05 3.48 2.56 4.56 3.76 4.05 4.85 3.08 0.22 0.71 4.1 0.46 4.72 2.38 4.97 4.1 1.25 4.55 0.44 4.67 3.22 4.49 2.75 4.28 3.3 2.04 2.66 2.59 1.79 4.71 4.68 2.15 3.03 2.38 4.03 4.9 2.83 3.14 4.96 3.89 2.03 1.43 2.07 2.26 2.09 2.64 3.95 2.23 4.04 3.58 3.95 2.25 2.63 0 3.22 0.94 0.98 3.25 3.9 
1.62 2.73 1.88 1.7 2.64 3.66 2.09 1.99 1.97 2.79 3.17 3.5 1.32 4.35 1.47 1.65 0.58 2.98 3.27 2.88 3.27 2.71 3.62 3.11 1.89 2.18 3.25 3.26 2.05 2.51 3.24 4.41 0.62 3.86 2.49 3.62 3.95 1.34 1.06 4.01 2.06 3.42 3.33 1.49 1.09 0.96 3.4 2.45 0.53 1.44 2.48 2.93 1.69 1.84 1.16 2.66 1.27 3.47 3.6 3.5 1.05 1.92 1.86 1.34 1.75 3.22 0 3.8 3.51 1.28 0.79 
2.85 5.47 2.27 4.37 4.77 3.13 1.74 2.68 4.9 4.16 0.67 0.31 4.79 2.85 3.39 4.92 4.37 3.92 4.77 2.86 0.74 1.11 3.79 0.74 5.04 2.4 4.92 3.9 1.77 4.64 0.62 4.24 3.66 4.18 2.64 4 2.75 2.79 3.03 1.91 1.96 4.57 4.56 2.96 3.35 3.07 3.77 5.09 3.34 3.37 5.14 3.75 2.87 1.98 2.71 2.09 2.82 2.16 3.62 1.69 4.72 3.7 4.12 2.61 2.78 0.94 3.8 0 0.39 4.05 4.39 
