Number_Of_Customers: 50
Vehicle_Capacity:    50
Alpha:               0.75
Number_Of_Scenarios: 3

Location_Coordinates:
0 0 0
1 0.521733 -1.22903
2 -1.34474 -1.11102
3 2.02796 -1.0987
4 -0.797716 -2.21667
5 -0.520188 2.19352
6 1.50687 0.881751
7 -0.403044 1.03868
8 2.13071 0.788858
9 -1.65539 -2.21289
10 -2.06954 2.18796
11 -2.02056 0.509793
12 -1.90684 1.66041
13 1.4773 -1.08072
14 1.30268 -0.84456
15 0.48827 1.34706
16 0.020327 1.63575
17 2.07234 -0.259168
18 -0.832668 0.347366
19 -1.82611 -1.44075
20 0.354132 1.89025
21 -0.532806 0.125093
22 2.44209 -0.849931
23 0.206522 1.01122
24 0.599694 -0.946313
25 0.319952 2.43541
26 1.9982 -1.29757
27 1.74417 -0.790769
28 -0.458429 0.179871
29 -1.91494 0.605474
30 1.20679 -2.45467
31 -0.561199 -2.07016
32 1.77008 -0.258798
33 0.375286 2.4363
34 1.87151 -0.569605
35 1.65452 -2.49356
36 0.727221 2.40716
37 2.14416 1.90206
38 -2.11059 2.27171
39 0.621884 1.99748
40 1.62349 0.925769
41 -0.598859 -0.0192853
42 0.872502 -0.859547
43 -1.40863 0.163042
44 0.247941 2.13746
45 -0.753988 -2.279
46 1.9098 -2.01008
47 1.61993 1.13262
48 0.961239 0.543358
49 2.21061 -1.24269
50 -0.833809 1.17695

Demand_per_scenario:
1 4 5 6
2 4 6 7
3 6 8 10
4 5 6 8
5 5 6 8
6 4 5 6
7 3 4 6
8 6 8 10
9 5 7 9
10 4 6 7
11 2 3 4
12 4 5 6
13 7 9 12
14 4 5 6
15 3 4 5
16 4 5 6
17 4 6 8
18 5 7 9
19 4 5 7
20 4 6 7
21 3 4 5
22 6 8 10
23 4 5 7
24 4 6 7
25 2 3 3
26 3 5 6
27 4 5 7
28 4 5 7
29 5 7 9
30 4 5 7
31 3 3 4
32 5 6 8
33 5 7 9
34 2 3 4
35 3 4 5
36 4 5 7
37 4 6 8
38 5 6 8
39 5 7 8
40 5 6 8
41 5 7 10
42 4 6 8
43 2 3 4
44 4 5 6
45 3 4 5
46 4 6 8
47 4 6 7
48 5 7 9
49 3 4 5
50 5 6 8

Probability_of_each_scenario_occuring:
0.333333 0.333333 0.333333 

Travel_Costs:
0 1.34 1.75 2.31 2.36 2.26 1.75 1.12 2.28 2.77 3.02 2.09 2.53 1.84 1.56 1.44 1.64 2.09 0.91 2.33 1.93 0.55 2.59 1.04 1.13 2.46 2.39 1.92 0.5 2.01 2.74 2.15 1.79 2.47 1.96 3 2.52 2.87 3.11 2.1 1.87 0.6 1.23 1.42 2.16 2.41 2.78 1.98 1.11 2.54 1.45 
1.34 0 1.88 1.52 1.65 3.58 2.33 2.45 2.59 2.39 4.29 3.09 3.78 0.97 0.88 2.58 2.91 1.83 2.08 2.36 3.13 1.72 1.96 2.27 0.3 3.67 1.48 1.3 1.72 3.06 1.41 1.38 1.59 3.67 1.51 1.7 3.65 3.53 4.38 3.23 2.43 1.65 0.51 2.38 3.38 1.66 1.6 2.61 1.83 1.69 2.77 
1.75 1.88 0 3.38 1.24 3.41 3.48 2.35 3.97 1.15 3.38 1.76 2.83 2.83 2.67 3.07 3.07 3.53 1.55 0.59 3.45 1.48 3.8 2.63 1.96 3.92 3.35 3.11 1.57 1.81 2.89 1.24 3.23 3.95 3.27 3.31 4.09 4.61 3.47 3.68 3.6 1.33 2.24 1.28 3.62 1.31 3.38 3.72 2.84 3.56 2.35 
2.31 1.52 3.38 0 3.04 4.17 2.05 3.24 1.9 3.85 5.26 4.36 4.81 0.56 0.77 2.9 3.4 0.85 3.21 3.87 3.43 2.84 0.49 2.79 1.44 3.93 0.21 0.42 2.8 4.3 1.59 2.77 0.88 3.91 0.56 1.45 3.74 3.01 5.34 3.41 2.07 2.84 1.18 3.67 3.7 3.03 0.92 2.27 1.96 0.24 3.66 
2.36 1.65 1.24 3.04 0 4.42 3.87 3.28 4.2 0.86 4.59 2.99 4.04 2.55 2.51 3.79 3.94 3.48 2.57 1.29 4.27 2.36 3.52 3.39 1.89 4.79 2.95 2.92 2.43 3.04 2.02 0.28 3.23 4.8 3.14 2.47 4.87 5.07 4.68 4.45 3.97 2.21 2.16 2.46 4.48 0.08 2.72 4.14 3.28 3.17 3.4 
2.26 3.58 3.41 4.17 4.42 0 2.42 1.17 3.01 4.56 1.55 2.26 1.49 3.84 3.55 1.32 0.78 3.57 1.88 3.87 0.93 2.07 4.25 1.39 3.34 0.88 4.31 3.75 2.02 2.12 4.96 4.27 3.36 0.93 3.66 5.17 1.27 2.69 1.6 1.16 2.5 2.22 3.36 2.22 0.78 4.48 4.86 2.39 2.22 4.39 1.07 
1.75 2.33 3.48 2.05 3.87 2.42 0 1.92 0.64 4.43 3.81 3.55 3.51 1.97 1.74 1.12 1.67 1.28 2.4 4.07 1.54 2.18 1.97 1.31 2.05 1.96 2.24 1.69 2.09 3.44 3.35 3.61 1.18 1.93 1.5 3.38 1.72 1.21 3.88 1.43 0.13 2.3 1.86 3.01 1.78 3.89 2.92 0.28 0.65 2.24 2.36 
1.12 2.45 2.35 3.24 3.28 1.17 1.92 0 2.55 3.49 2.03 1.71 1.63 2.84 2.55 0.95 0.74 2.8 0.82 2.86 1.14 0.93 3.42 0.62 2.23 1.58 3.36 2.83 0.87 1.58 3.85 3.12 2.54 1.6 2.79 4.09 1.78 2.69 2.11 1.41 2.03 1.08 2.29 1.34 1.28 3.34 3.83 2.03 1.46 3.47 0.46 
2.28 2.59 3.97 1.9 4.2 3.01 0.64 2.55 0 4.84 4.43 4.17 4.14 1.99 1.84 1.74 2.28 1.05 3 4.55 2.1 2.75 1.67 1.94 2.32 2.45 2.1 1.63 2.66 4.05 3.38 3.93 1.11 2.41 1.39 3.32 2.15 1.12 4.5 1.94 0.53 2.85 2.08 3.6 2.32 4.22 2.81 0.62 1.2 2.04 2.99 
2.77 2.39 1.15 3.85 0.86 4.56 4.43 3.49 4.84 0 4.43 2.75 3.89 3.34 3.26 4.16 4.2 4.21 2.69 0.8 4.57 2.6 4.32 3.73 2.59 5.06 3.77 3.69 2.68 2.84 2.88 1.11 3.95 5.08 3.9 3.33 5.2 5.61 4.51 4.79 4.54 2.44 2.87 2.39 4.75 0.91 3.58 4.69 3.81 3.99 3.49 
3.02 4.29 3.38 5.26 4.59 1.55 3.81 2.03 4.43 4.43 0 1.68 0.56 4.83 4.54 2.7 2.17 4.82 2.22 3.64 2.45 2.58 5.44 2.57 4.12 2.41 5.36 4.84 2.58 1.6 5.69 4.52 4.56 2.46 4.81 5.99 2.81 4.23 0.1 2.7 3.91 2.66 4.24 2.14 2.32 4.66 5.79 3.84 3.45 5.49 1.6 
2.09 3.09 1.76 4.36 2.99 2.26 3.55 1.71 4.17 2.75 1.68 0 1.16 3.85 3.59 2.65 2.34 4.17 1.2 1.97 2.75 1.54 4.67 2.29 3 3.04 4.41 3.99 1.6 0.15 4.39 2.97 3.87 3.08 4.04 4.75 3.34 4.4 1.77 3.04 3.67 1.52 3.21 0.71 2.8 3.07 4.67 3.7 2.99 4.58 1.37 
2.53 3.78 2.83 4.81 4.04 1.49 3.51 1.63 4.14 3.89 0.56 1.16 0 4.36 4.08 2.42 1.93 4.42 1.7 3.11 2.28 2.07 5.03 2.22 3.62 2.36 4.9 4.4 2.08 1.06 5.17 3.97 4.15 2.42 4.39 5.48 2.74 4.06 0.65 2.56 3.61 2.13 3.76 1.58 2.21 4.11 5.3 3.57 3.08 5.04 1.18 
1.84 0.97 2.83 0.56 2.55 3.84 1.97 2.84 1.99 3.34 4.83 3.85 4.36 0 0.3 2.63 3.09 1.02 2.72 3.33 3.18 2.35 1 2.45 0.89 3.71 0.57 0.4 2.32 3.79 1.41 2.27 0.88 3.69 0.65 1.43 3.57 3.06 4.92 3.2 2.02 2.34 0.65 3.15 3.45 2.54 1.03 2.22 1.71 0.76 3.24 
1.56 0.88 2.67 0.77 2.51 3.55 1.74 2.55 1.84 3.26 4.54 3.59 4.08 0.3 0 2.34 2.8 0.97 2.45 3.19 2.9 2.08 1.14 2.16 0.72 3.43 0.84 0.45 2.04 3.53 1.62 2.24 0.75 3.41 0.64 1.69 3.31 2.88 4.63 2.93 1.8 2.08 0.44 2.9 3.17 2.51 1.32 2.01 1.43 1 2.95 
1.44 2.58 3.07 2.9 3.79 1.32 1.12 0.95 1.74 4.16 2.7 2.65 2.42 2.63 2.34 0 0.55 2.26 1.66 3.63 0.56 1.6 2.95 0.44 2.3 1.11 3.05 2.48 1.51 2.52 3.87 3.58 2.06 1.1 2.37 4.02 1.09 1.75 2.76 0.67 1.22 1.75 2.24 2.24 0.83 3.84 3.65 1.16 0.94 3.12 1.34 
1.64 2.91 3.07 3.4 3.94 0.78 1.67 0.74 2.28 4.2 2.17 2.34 1.93 3.09 2.8 0.55 0 2.8 1.55 3.59 0.42 1.61 3.48 0.66 2.65 0.86 3.54 2.98 1.54 2.2 4.26 3.76 2.58 0.88 2.88 4.45 1.05 2.15 2.23 0.71 1.76 1.77 2.64 2.06 0.56 4 4.11 1.68 1.45 3.62 0.97 
2.09 1.83 3.53 0.85 3.48 3.57 1.28 2.8 1.05 4.21 4.82 4.17 4.42 1.02 0.97 2.26 2.8 0 2.97 4.08 2.76 2.64 0.7 2.26 1.63 3.22 1.05 0.63 2.57 4.08 2.36 3.2 0.31 3.19 0.37 2.28 2.99 2.17 4.89 2.69 1.27 2.69 1.35 3.51 3.02 3.48 1.76 1.47 1.38 1 3.25 
0.91 2.08 1.55 3.21 2.57 1.88 2.4 0.82 3 2.69 2.22 1.2 1.7 2.72 2.45 1.66 1.55 2.97 0 2.05 1.95 0.38 3.49 1.24 1.94 2.39 3.28 2.82 0.42 1.12 3.47 2.44 2.68 2.42 2.86 3.78 2.59 3.36 2.32 2.2 2.53 0.44 2.09 0.61 2.1 2.63 3.62 2.58 1.81 3.44 0.83 
2.33 2.36 0.59 3.87 1.29 3.87 4.07 2.86 4.55 0.8 3.64 1.97 3.11 3.33 3.19 3.63 3.59 4.08 2.05 0 3.99 2.04 4.31 3.19 2.48 4.44 3.83 3.63 2.13 2.05 3.2 1.42 3.79 4.46 3.8 3.64 4.62 5.2 3.73 4.23 4.19 1.88 2.77 1.66 4.14 1.37 3.78 4.31 3.43 4.05 2.8 
1.93 3.13 3.45 3.43 4.27 0.93 1.54 1.14 2.1 4.57 2.45 2.75 2.28 3.18 2.9 0.56 0.42 2.76 1.95 3.99 0 1.98 3.45 0.9 2.85 0.55 3.59 3.02 1.9 2.61 4.43 4.07 2.58 0.55 2.9 4.58 0.64 1.8 2.5 0.29 1.6 2.14 2.8 2.47 0.27 4.32 4.2 1.48 1.48 3.65 1.39 
0.55 1.72 1.48 2.84 2.36 2.07 2.18 0.93 2.75 2.6 2.58 1.54 2.07 2.35 2.08 1.6 1.61 2.64 0.38 2.04 1.98 0 3.14 1.16 1.56 2.47 2.91 2.46 0.1 1.47 3.12 2.2 2.34 2.49 2.51 3.42 2.61 3.22 2.67 2.2 2.31 0.16 1.72 0.88 2.16 2.42 3.25 2.38 1.56 3.07 1.1 
2.59 1.96 3.8 0.49 3.52 4.25 1.97 3.42 1.67 4.32 5.44 4.67 5.03 1 1.14 2.95 3.48 0.7 3.49 4.31 3.45 3.14 0 2.91 1.85 3.92 0.64 0.71 3.08 4.6 2.03 3.25 0.9 3.89 0.64 1.83 3.69 2.77 5.53 3.38 1.96 3.16 1.57 3.99 3.71 3.51 1.28 2.15 2.04 0.46 3.86 
1.04 2.27 2.63 2.79 3.39 1.39 1.31 0.62 1.94 3.73 2.57 2.29 2.22 2.45 2.16 0.44 0.66 2.26 1.24 3.19 0.9 1.16 2.91 0 2 1.43 2.93 2.37 1.07 2.16 3.61 3.18 2.02 1.44 2.3 3.8 1.49 2.14 2.64 1.08 1.42 1.31 1.99 1.83 1.13 3.43 3.47 1.42 0.89 3.02 1.06 
1.13 0.3 1.96 1.44 1.89 3.34 2.05 2.23 2.32 2.59 4.12 3 3.62 0.89 0.72 2.3 2.65 1.63 1.94 2.48 2.85 1.56 1.85 2 0 3.4 1.45 1.16 1.55 2.96 1.63 1.62 1.36 3.4 1.33 1.88 3.36 3.25 4.21 2.95 2.14 1.52 0.29 2.3 3.11 1.9 1.69 2.32 1.54 1.64 2.57 
2.46 3.67 3.92 3.93 4.79 0.88 1.96 1.58 2.45 5.06 2.41 3.04 2.36 3.71 3.43 1.11 0.86 3.22 2.39 4.44 0.55 2.47 3.92 1.43 3.4 0 4.1 3.53 2.39 2.89 4.97 4.6 3.06 0.06 3.39 5.11 0.41 1.91 2.44 0.54 2 2.63 3.35 2.86 0.31 4.84 4.73 1.85 2 4.14 1.71 
2.39 1.48 3.35 0.21 2.95 4.31 2.24 3.36 2.1 3.77 5.36 4.41 4.9 0.57 0.84 3.05 3.54 1.05 3.28 3.83 3.59 2.91 0.64 2.93 1.45 4.1 0 0.57 2.87 4.36 1.41 2.68 1.07 4.08 0.74 1.25 3.92 3.21 5.45 3.58 2.26 2.9 1.21 3.71 3.86 2.93 0.72 2.46 2.12 0.22 3.77 
1.92 1.3 3.11 0.42 2.92 3.75 1.69 2.83 1.63 3.69 4.84 3.99 4.4 0.4 0.45 2.48 2.98 0.63 2.82 3.63 3.02 2.46 0.71 2.37 1.16 3.53 0.57 0 2.41 3.92 1.75 2.64 0.54 3.51 0.26 1.71 3.36 2.73 4.93 3.01 1.73 2.47 0.88 3.3 3.29 2.91 1.24 1.93 1.55 0.65 3.25 
0.5 1.72 1.57 2.8 2.43 2.02 2.09 0.87 2.66 2.68 2.58 1.6 2.08 2.32 2.04 1.51 1.54 2.57 0.42 2.13 1.9 0.1 3.08 1.07 1.55 2.39 2.87 2.41 0 1.52 3.12 2.26 2.28 2.41 2.45 3.41 2.53 3.13 2.67 2.12 2.22 0.25 1.69 0.96 2.09 2.48 3.23 2.29 1.47 3.03 1.07 
2.01 3.06 1.81 4.3 3.04 2.12 3.44 1.58 4.05 2.84 1.6 0.15 1.06 3.79 3.53 2.52 2.2 4.08 1.12 2.05 2.61 1.47 4.6 2.16 2.96 2.89 4.36 3.92 1.52 0 4.38 3 3.79 2.94 3.97 4.73 3.2 4.27 1.68 2.9 3.56 1.46 3.15 0.68 2.66 3.11 4.64 3.58 2.88 4.53 1.23 
2.74 1.41 2.89 1.59 2.02 4.96 3.35 3.85 3.38 2.88 5.69 4.39 5.17 1.41 1.62 3.87 4.26 2.36 3.47 3.2 4.43 3.12 2.03 3.61 1.63 4.97 1.41 1.75 3.12 4.38 0 1.81 2.27 4.97 2 0.45 4.89 4.46 5.78 4.5 3.41 3.04 1.63 3.71 4.7 1.97 0.84 3.62 3.01 1.58 4.17 
2.15 1.38 1.24 2.77 0.28 4.27 3.61 3.12 3.93 1.11 4.52 2.97 3.97 2.27 2.24 3.58 3.76 3.2 2.44 1.42 4.07 2.2 3.25 3.18 1.62 4.6 2.68 2.64 2.26 3 1.81 0 2.96 4.61 2.86 2.26 4.66 4.81 4.62 4.24 3.71 2.06 1.88 2.39 4.29 0.29 2.48 3.88 3.03 2.9 3.26 
1.79 1.59 3.23 0.88 3.23 3.36 1.18 2.54 1.11 3.95 4.56 3.87 4.15 0.88 0.75 2.06 2.58 0.31 2.68 3.79 2.58 2.34 0.9 2.02 1.36 3.06 1.07 0.54 2.28 3.79 2.27 2.96 0 3.04 0.33 2.24 2.87 2.2 4.64 2.54 1.2 2.39 1.09 3.21 2.84 3.24 1.76 1.4 1.14 1.08 2.98 
2.47 3.67 3.95 3.91 4.8 0.93 1.93 1.6 2.41 5.08 2.46 3.08 2.42 3.69 3.41 1.1 0.88 3.19 2.42 4.46 0.55 2.49 3.89 1.44 3.4 0.06 4.08 3.51 2.41 2.94 4.97 4.61 3.04 0 3.36 5.1 0.36 1.85 2.5 0.51 1.96 2.65 3.34 2.89 0.33 4.85 4.71 1.81 1.99 4.12 1.75 
1.96 1.51 3.27 0.56 3.14 3.66 1.5 2.79 1.39 3.9 4.81 4.04 4.39 0.65 0.64 2.37 2.88 0.37 2.86 3.8 2.9 2.51 0.64 2.3 1.33 3.39 0.74 0.26 2.45 3.97 2 2.86 0.33 3.36 0 1.94 3.19 2.49 4.9 2.86 1.52 2.54 1.05 3.37 3.16 3.14 1.45 1.73 1.44 0.76 3.23 
3 1.7 3.31 1.45 2.47 5.17 3.38 4.09 3.32 3.33 5.99 4.75 5.48 1.43 1.69 4.02 4.45 2.28 3.78 3.64 4.58 3.42 1.83 3.8 1.88 5.11 1.25 1.71 3.41 4.73 0.45 2.26 2.24 5.1 1.94 0 4.99 4.43 6.08 4.61 3.42 3.35 1.82 4.06 4.84 2.42 0.55 3.63 3.12 1.37 4.44 
2.52 3.65 4.09 3.74 4.87 1.27 1.72 1.78 2.15 5.2 2.81 3.34 2.74 3.57 3.31 1.09 1.05 2.99 2.59 4.62 0.64 2.61 3.69 1.49 3.36 0.41 3.92 3.36 2.53 3.2 4.89 4.66 2.87 0.36 3.19 4.99 0 1.51 2.85 0.43 1.74 2.77 3.27 3.1 0.55 4.92 4.58 1.56 1.88 3.94 1.99 
2.87 3.53 4.61 3.01 5.07 2.69 1.21 2.69 1.12 5.61 4.23 4.4 4.06 3.06 2.88 1.75 2.15 2.17 3.36 5.2 1.8 3.22 2.77 2.14 3.25 1.91 3.21 2.73 3.13 4.27 4.46 4.81 2.2 1.85 2.49 4.43 1.51 0 4.28 1.53 1.11 3.35 3.05 3.96 1.92 5.09 3.92 0.94 1.81 3.15 3.07 
3.11 4.38 3.47 5.34 4.68 1.6 3.88 2.11 4.5 4.51 0.1 1.77 0.65 4.92 4.63 2.76 2.23 4.89 2.32 3.73 2.5 2.67 5.53 2.64 4.21 2.44 5.45 4.93 2.67 1.68 5.78 4.62 4.64 2.5 4.9 6.08 2.85 4.28 0 2.75 3.97 2.75 4.33 2.23 2.37 4.75 5.88 3.91 3.53 5.57 1.69 
2.1 3.23 3.68 3.41 4.45 1.16 1.43 1.41 1.94 4.79 2.7 3.04 2.56 3.2 2.93 0.67 0.71 2.69 2.2 4.23 0.29 2.2 3.38 1.08 2.95 0.54 3.58 3.01 2.12 2.9 4.5 4.24 2.54 0.51 2.86 4.61 0.43 1.53 2.75 0 1.47 2.36 2.87 2.74 0.4 4.5 4.21 1.33 1.5 3.61 1.68 
1.87 2.43 3.6 2.07 3.97 2.5 0.13 2.03 0.53 4.54 3.91 3.67 3.61 2.02 1.8 1.22 1.76 1.27 2.53 4.19 1.6 2.31 1.96 1.42 2.14 2 2.26 1.73 2.22 3.56 3.41 3.71 1.2 1.96 1.52 3.42 1.74 1.11 3.97 1.47 0 2.42 1.94 3.13 1.84 4 2.95 0.21 0.77 2.25 2.48 
0.6 1.65 1.33 2.84 2.21 2.22 2.3 1.08 2.85 2.44 2.66 1.52 2.13 2.34 2.08 1.75 1.77 2.69 0.44 1.88 2.14 0.16 3.16 1.31 1.52 2.63 2.9 2.47 0.25 1.46 3.04 2.06 2.39 2.65 2.54 3.35 2.77 3.35 2.75 2.36 2.42 0 1.7 0.84 2.32 2.27 3.21 2.5 1.66 3.07 1.22 
1.23 0.51 2.24 1.18 2.16 3.36 1.86 2.29 2.08 2.87 4.24 3.21 3.76 0.65 0.44 2.24 2.64 1.35 2.09 2.77 2.8 1.72 1.57 1.99 0.29 3.35 1.21 0.88 1.69 3.15 1.63 1.88 1.09 3.34 1.05 1.82 3.27 3.05 4.33 2.87 1.94 1.7 0 2.5 3.07 2.16 1.55 2.13 1.41 1.4 2.66 
1.42 2.38 1.28 3.67 2.46 2.22 3.01 1.34 3.6 2.39 2.14 0.71 1.58 3.15 2.9 2.24 2.06 3.51 0.61 1.66 2.47 0.88 3.99 1.83 2.3 2.86 3.71 3.3 0.96 0.68 3.71 2.39 3.21 2.89 3.37 4.06 3.1 3.96 2.23 2.74 3.13 0.84 2.5 0 2.58 2.53 3.97 3.18 2.41 3.89 1.17 
2.16 3.38 3.62 3.7 4.48 0.78 1.78 1.28 2.32 4.75 2.32 2.8 2.21 3.45 3.17 0.83 0.56 3.02 2.1 4.14 0.27 2.16 3.71 1.13 3.11 0.31 3.86 3.29 2.09 2.66 4.7 4.29 2.84 0.33 3.16 4.84 0.55 1.92 2.37 0.4 1.84 2.32 3.07 2.58 0 4.53 4.47 1.71 1.75 3.91 1.45 
2.41 1.66 1.31 3.03 0.08 4.48 3.89 3.34 4.22 0.91 4.66 3.07 4.11 2.54 2.51 3.84 4 3.48 2.63 1.37 4.32 2.42 3.51 3.43 1.9 4.84 2.93 2.91 2.48 3.11 1.97 0.29 3.24 4.85 3.14 2.42 4.92 5.09 4.75 4.5 4 2.27 2.16 2.53 4.53 0 2.68 4.16 3.31 3.15 3.46 
2.78 1.6 3.38 0.92 2.72 4.86 2.92 3.83 2.81 3.58 5.79 4.67 5.3 1.03 1.32 3.65 4.11 1.76 3.62 3.78 4.2 3.25 1.28 3.47 1.69 4.73 0.72 1.24 3.23 4.64 0.84 2.48 1.76 4.71 1.45 0.55 4.58 3.92 5.88 4.21 2.95 3.21 1.55 3.97 4.47 2.68 0 3.16 2.73 0.83 4.21 
1.98 2.61 3.72 2.27 4.14 2.39 0.28 2.03 0.62 4.69 3.84 3.7 3.57 2.22 2.01 1.16 1.68 1.47 2.58 4.31 1.48 2.38 2.15 1.42 2.32 1.85 2.46 1.93 2.29 3.58 3.62 3.88 1.4 1.81 1.73 3.63 1.56 0.94 3.91 1.33 0.21 2.5 2.13 3.18 1.71 4.16 3.16 0 0.89 2.45 2.46 
1.11 1.83 2.84 1.96 3.28 2.22 0.65 1.46 1.2 3.81 3.45 2.99 3.08 1.71 1.43 0.94 1.45 1.38 1.81 3.43 1.48 1.56 2.04 0.89 1.54 2 2.12 1.55 1.47 2.88 3.01 3.03 1.14 1.99 1.44 3.12 1.88 1.81 3.53 1.5 0.77 1.66 1.41 2.41 1.75 3.31 2.73 0.89 0 2.18 1.91 
2.54 1.69 3.56 0.24 3.17 4.39 2.24 3.47 2.04 3.99 5.49 4.58 5.04 0.76 1 3.12 3.62 1 3.44 4.05 3.65 3.07 0.46 3.02 1.64 4.14 0.22 0.65 3.03 4.53 1.58 2.9 1.08 4.12 0.76 1.37 3.94 3.15 5.57 3.61 2.25 3.07 1.4 3.89 3.91 3.15 0.83 2.45 2.18 0 3.89 
1.45 2.77 2.35 3.66 3.4 1.07 2.36 0.46 2.99 3.49 1.6 1.37 1.18 3.24 2.95 1.34 0.97 3.25 0.83 2.8 1.39 1.1 3.86 1.06 2.57 1.71 3.77 3.25 1.07 1.23 4.17 3.26 2.98 1.75 3.23 4.44 1.99 3.07 1.69 1.68 2.48 1.22 2.66 1.17 1.45 3.46 4.21 2.46 1.91 3.89 0 
