Number_Of_Customers: 40
Vehicle_Capacity:    50
Alpha:               0.75
Number_Of_Scenarios: 3

Location_Coordinates:
0 0 0
1 -1.80431 0.017449
2 -1.7343 1.58418
3 0.385565 0.185243
4 -1.6229 -1.0865
5 -0.751577 -1.74768
6 1.7801 -1.83341
7 0.802885 -0.90676
8 0.0797827 0.907478
9 1.9893 -0.826694
10 0.756083 2.48838
11 2.26457 0.567649
12 0.473321 0.106557
13 0.910602 -0.518263
14 -0.439394 0.10271
15 1.25446 -1.27821
16 2.20025 -0.405151
17 0.620683 1.8166
18 1.57142 0.93209
19 0.637217 -0.298495
20 -1.81138 1.0692
21 0.00407172 -1.56664
22 -0.48621 -1.73201
23 0.174407 1.25365
24 0.129896 -1.84566
25 -0.0561011 2.10957
26 0.61073 -0.468288
27 -0.511997 -0.139274
28 -0.780584 0.730093
29 0.681263 -0.0209713
30 -2.46392 -1.17912
31 -2.48436 0.442645
32 -0.458687 0.843866
33 -2.13802 1.36685
34 -2.43255 1.17663
35 0.575596 -0.963661
36 -1.25468 -2.45004
37 2.14361 -2.30218
38 2.21597 -1.14548
39 -2.15902 -1.57592
40 -1.42239 -1.13035

Demand_per_scenario:
1 4 6 7
2 3 4 5
3 4 5 6
4 6 7 9
5 4 5 6
6 4 5 6
7 4 6 7
8 4 5 6
9 5 7 8
10 3 3 4
11 2 2 3
12 3 3 4
13 4 6 7
14 5 6 7
15 5 6 7
16 4 6 7
17 5 6 7
18 3 4 4
19 4 5 6
20 3 3 4
21 5 7 8
22 3 4 5
23 5 7 8
24 5 7 8
25 4 5 6
26 4 5 6
27 5 7 8
28 3 4 5
29 5 7 8
30 3 4 5
31 3 5 5
32 6 7 9
33 3 4 5
34 4 6 7
35 5 6 7
36 5 7 8
37 5 6 7
38 1 1 1
39 6 9 10
40 4 6 6

Probability_of_each_scenario_occuring:
0.333333 0.333333 0.333333 

Travel_Costs:
0 1.81 2.35 0.43 1.96 1.91 2.56 1.22 0.92 2.16 2.61 2.34 0.49 1.05 0.46 1.8 2.24 1.92 1.83 0.71 2.11 1.57 1.8 1.27 1.86 2.12 0.77 0.54 1.07 0.69 2.74 2.53 0.97 2.54 2.71 1.13 2.76 3.15 2.5 2.68 1.82 
1.81 0 1.57 2.2 1.12 2.06 4.04 2.77 2.09 3.89 3.56 4.11 2.28 2.77 1.37 3.33 4.03 3.02 3.5 2.47 1.06 2.41 2.2 2.34 2.69 2.73 2.47 1.31 1.25 2.49 1.37 0.81 1.58 1.4 1.32 2.58 2.53 4.58 4.19 1.64 1.21 
2.35 1.57 0 2.54 2.68 3.48 4.91 3.56 1.94 4.44 2.65 4.13 2.66 3.38 1.97 4.14 4.41 2.37 3.37 3.03 0.53 3.6 3.55 1.94 3.91 1.76 3.12 2.12 1.29 2.91 2.86 1.37 1.48 0.46 0.81 3.44 4.07 5.5 4.81 3.19 2.74 
0.43 2.2 2.54 0 2.38 2.25 2.46 1.17 0.79 1.9 2.34 1.92 0.12 0.88 0.83 1.71 1.91 1.65 1.41 0.55 2.37 1.8 2.11 1.09 2.05 1.98 0.7 0.96 1.29 0.37 3.16 2.89 1.08 2.79 2.99 1.17 3.11 3.05 2.27 3.1 2.24 
1.96 1.12 2.68 2.38 0 1.1 3.49 2.44 2.63 3.63 4.3 4.23 2.42 2.6 1.68 2.89 3.89 3.67 3.78 2.4 2.17 1.7 1.31 2.96 1.92 3.56 2.32 1.46 2.01 2.54 0.85 1.76 2.26 2.51 2.41 2.21 1.42 3.96 3.84 0.73 0.21 
1.91 2.06 3.48 2.25 1.1 0 2.54 1.77 2.79 2.9 4.5 3.81 2.23 2.07 1.88 2.07 3.25 3.82 3.55 2.01 3.01 0.78 0.27 3.15 0.89 3.92 1.87 1.63 2.48 2.25 1.81 2.8 2.61 3.41 3.38 1.55 0.87 2.95 3.03 1.42 0.92 
2.56 4.04 4.91 2.46 3.49 2.54 0 1.35 3.23 1.03 4.45 2.45 2.34 1.58 2.95 0.77 1.49 3.83 2.78 1.92 4.62 1.8 2.27 3.48 1.66 4.35 1.8 2.86 3.63 2.12 4.3 4.84 3.49 5.06 5.18 1.49 3.1 0.6 0.82 3.95 3.28 
1.22 2.77 3.56 1.17 2.44 1.77 1.35 0 1.96 1.19 3.4 2.08 1.07 0.41 1.61 0.59 1.49 2.73 2 0.64 3.28 1.04 1.54 2.25 1.16 3.14 0.48 1.53 2.28 0.9 3.28 3.56 2.16 3.72 3.85 0.24 2.58 1.94 1.44 3.04 2.24 
0.92 2.09 1.94 0.79 2.63 2.79 3.23 1.96 0 2.58 1.72 2.22 0.9 1.66 0.96 2.49 2.5 1.06 1.5 1.33 1.9 2.48 2.7 0.36 2.76 1.21 1.48 1.21 0.88 1.11 3.3 2.61 0.55 2.27 2.53 1.94 3.62 3.82 2.97 3.35 2.54 
2.16 3.89 4.44 1.9 3.63 2.9 1.03 1.19 2.58 0 3.54 1.43 1.79 1.13 2.61 0.87 0.48 2.98 1.81 1.46 4.25 2.12 2.64 2.77 2.13 3.58 1.43 2.6 3.18 1.54 4.47 4.66 2.97 4.68 4.86 1.43 3.63 1.49 0.4 4.22 3.43 
2.61 3.56 2.65 2.34 4.3 4.5 4.45 3.4 1.72 3.54 0 2.45 2.4 3.02 2.67 3.8 3.24 0.69 1.76 2.79 2.94 4.13 4.4 1.37 4.38 0.9 2.97 2.92 2.34 2.52 4.89 3.84 2.05 3.11 3.45 3.46 5.34 4.99 3.92 5.01 4.23 
2.34 4.11 4.13 1.92 4.23 3.81 2.45 2.08 2.22 1.43 2.45 0 1.85 1.74 2.75 2.11 0.98 2.07 0.79 1.85 4.11 3.11 3.59 2.2 3.23 2.79 1.96 2.87 3.05 1.69 5.05 4.76 2.74 4.48 4.74 2.28 4.64 2.88 1.72 4.92 4.06 
0.49 2.28 2.66 0.12 2.42 2.23 2.34 1.07 0.9 1.79 2.4 1.85 0 0.77 0.92 1.59 1.81 1.72 1.38 0.44 2.48 1.74 2.08 1.19 1.99 2.08 0.6 1.02 1.41 0.25 3.21 2.98 1.19 2.9 3.1 1.08 3.09 2.94 2.15 3.13 2.27 
1.05 2.77 3.38 0.88 2.6 2.07 1.58 0.41 1.66 1.13 3.02 1.74 0.77 0 1.49 0.84 1.3 2.36 1.6 0.36 3.16 1.39 1.86 1.92 1.54 2.81 0.31 1.48 2.11 0.55 3.44 3.53 1.94 3.59 3.75 0.56 2.91 2.17 1.45 3.25 2.42 
0.46 1.37 1.97 0.83 1.68 1.88 2.95 1.61 0.96 2.61 2.67 2.75 0.92 1.49 0 2.19 2.69 2.02 2.18 1.15 1.68 1.73 1.84 1.31 2.03 2.05 1.2 0.26 0.72 1.13 2.4 2.08 0.75 2.12 2.27 1.48 2.68 3.53 2.94 2.41 1.58 
1.8 3.33 4.14 1.71 2.89 2.07 0.77 0.59 2.49 0.87 3.8 2.11 1.59 0.84 2.19 0 1.29 3.16 2.24 1.16 3.87 1.29 1.8 2.76 1.26 3.64 1.04 2.11 2.86 1.39 3.72 4.12 2.73 4.31 4.43 0.75 2.77 1.36 0.98 3.43 2.69 
2.24 4.03 4.41 1.91 3.89 3.25 1.49 1.49 2.5 0.48 3.24 0.98 1.81 1.3 2.69 1.29 0 2.73 1.48 1.57 4.28 2.49 3 2.62 2.53 3.38 1.6 2.73 3.19 1.57 4.73 4.77 2.94 4.69 4.9 1.72 4.02 1.9 0.75 4.52 3.7 
1.92 3.02 2.37 1.65 3.67 3.82 3.83 2.73 1.06 2.98 0.69 2.07 1.72 2.36 2.02 3.16 2.73 0 1.3 2.12 2.55 3.44 3.72 0.72 3.7 0.74 2.29 2.27 1.78 1.84 4.3 3.4 1.46 2.8 3.12 2.79 4.67 4.4 3.37 4.39 3.59 
1.83 3.5 3.37 1.41 3.78 3.55 2.78 2 1.5 1.81 1.76 0.79 1.38 1.6 2.18 2.24 1.48 1.3 0 1.55 3.39 2.95 3.37 1.44 3.13 2.01 1.7 2.35 2.37 1.31 4.56 4.09 2.04 3.74 4.02 2.15 4.41 3.29 2.18 4.5 3.64 
0.71 2.47 3.03 0.55 2.4 2.01 1.92 0.64 1.33 1.46 2.79 1.85 0.44 0.36 1.15 1.16 1.57 2.12 1.55 0 2.81 1.42 1.83 1.62 1.63 2.51 0.18 1.17 1.76 0.29 3.23 3.21 1.59 3.24 3.41 0.67 2.87 2.51 1.8 3.08 2.23 
2.11 1.06 0.53 2.37 2.17 3.01 4.62 3.28 1.9 4.25 2.94 4.11 2.48 3.16 1.68 3.87 4.28 2.55 3.39 2.81 0 3.21 3.1 2 3.51 2.05 2.87 1.78 1.09 2.73 2.35 0.92 1.38 0.45 0.64 3.14 3.57 5.2 4.6 2.67 2.24 
1.57 2.41 3.6 1.8 1.7 0.78 1.8 1.04 2.48 2.12 4.13 3.11 1.74 1.39 1.73 1.29 2.49 3.44 2.95 1.42 3.21 0 0.52 2.83 0.31 3.68 1.26 1.52 2.43 1.69 2.5 3.2 2.46 3.64 3.67 0.84 1.54 2.27 2.26 2.17 1.5 
1.8 2.2 3.55 2.11 1.31 0.27 2.27 1.54 2.7 2.64 4.4 3.59 2.08 1.86 1.84 1.8 3 3.72 3.37 1.83 3.1 0.52 0 3.06 0.63 3.87 1.68 1.6 2.48 2.08 2.06 2.96 2.58 3.52 3.5 1.32 1.06 2.7 2.77 1.69 1.12 
1.27 2.34 1.94 1.09 2.96 3.15 3.48 2.25 0.36 2.77 1.37 2.2 1.19 1.92 1.31 2.76 2.62 0.72 1.44 1.62 2 2.83 3.06 0 3.1 0.89 1.78 1.56 1.09 1.38 3.59 2.78 0.76 2.32 2.61 2.26 3.97 4.07 3.16 3.67 2.87 
1.86 2.69 3.91 2.05 1.92 0.89 1.66 1.16 2.76 2.13 4.38 3.23 1.99 1.54 2.03 1.26 2.53 3.7 3.13 1.63 3.51 0.31 0.63 3.1 0 3.96 1.46 1.83 2.74 1.91 2.68 3.48 2.76 3.94 3.97 0.99 1.52 2.07 2.21 2.31 1.71 
2.12 2.73 1.76 1.98 3.56 3.92 4.35 3.14 1.21 3.58 0.9 2.79 2.08 2.81 2.05 3.64 3.38 0.74 2.01 2.51 2.05 3.68 3.87 0.89 3.96 0 2.67 2.3 1.56 2.26 4.08 2.95 1.33 2.22 2.56 3.14 4.72 4.93 3.97 4.25 3.52 
0.77 2.47 3.12 0.7 2.32 1.87 1.8 0.48 1.48 1.43 2.97 1.96 0.6 0.31 1.2 1.04 1.6 2.29 1.7 0.18 2.87 1.26 1.68 1.78 1.46 2.67 0 1.17 1.84 0.46 3.16 3.23 1.7 3.31 3.46 0.5 2.73 2.4 1.75 2.99 2.14 
0.54 1.31 2.12 0.96 1.46 1.63 2.86 1.53 1.21 2.6 2.92 2.87 1.02 1.48 0.26 2.11 2.73 2.27 2.35 1.17 1.78 1.52 1.6 1.56 1.83 2.3 1.17 0 0.91 1.2 2.22 2.06 0.99 2.22 2.33 1.37 2.43 3.43 2.91 2.19 1.35 
1.07 1.25 1.29 1.29 2.01 2.48 3.63 2.28 0.88 3.18 2.34 3.05 1.41 2.11 0.72 2.86 3.19 1.78 2.37 1.76 1.09 2.43 2.48 1.09 2.74 1.56 1.84 0.91 0 1.65 2.55 1.73 0.35 1.5 1.72 2.17 3.22 4.22 3.54 2.69 1.97 
0.69 2.49 2.91 0.37 2.54 2.25 2.12 0.9 1.11 1.54 2.52 1.69 0.25 0.55 1.13 1.39 1.57 1.84 1.31 0.29 2.73 1.69 2.08 1.38 1.91 2.26 0.46 1.2 1.65 0 3.36 3.2 1.44 3.15 3.34 0.95 3.11 2.71 1.91 3.24 2.38 
2.74 1.37 2.86 3.16 0.85 1.81 4.3 3.28 3.3 4.47 4.89 5.05 3.21 3.44 2.4 3.72 4.73 4.3 4.56 3.23 2.35 2.5 2.06 3.59 2.68 4.08 3.16 2.22 2.55 3.36 0 1.63 2.85 2.57 2.36 3.05 1.76 4.75 4.69 0.51 1.05 
2.53 0.81 1.37 2.89 1.76 2.8 4.84 3.56 2.61 4.66 3.84 4.76 2.98 3.53 2.08 4.12 4.77 3.4 4.09 3.21 0.92 3.2 2.96 2.78 3.48 2.95 3.23 2.06 1.73 3.2 1.63 0 2.07 0.99 0.74 3.37 3.15 5.39 4.97 2.05 1.9 
0.97 1.58 1.48 1.08 2.26 2.61 3.49 2.16 0.55 2.97 2.05 2.74 1.19 1.94 0.75 2.73 2.94 1.46 2.04 1.59 1.38 2.46 2.58 0.76 2.76 1.33 1.7 0.99 0.35 1.44 2.85 2.07 0 1.76 2.01 2.09 3.39 4.09 3.34 2.96 2.2 
2.54 1.4 0.46 2.79 2.51 3.41 5.06 3.72 2.27 4.68 3.11 4.48 2.9 3.59 2.12 4.31 4.69 2.8 3.74 3.24 0.45 3.64 3.52 2.32 3.94 2.22 3.31 2.22 1.5 3.15 2.57 0.99 1.76 0 0.36 3.58 3.92 5.64 5.03 2.95 2.6 
2.71 1.32 0.81 2.99 2.41 3.38 5.18 3.85 2.53 4.86 3.45 4.74 3.1 3.75 2.27 4.43 4.9 3.12 4.02 3.41 0.64 3.67 3.5 2.61 3.97 2.56 3.46 2.33 1.72 3.34 2.36 0.74 2.01 0.36 0 3.7 3.82 5.75 5.2 2.77 2.52 
1.13 2.58 3.44 1.17 2.21 1.55 1.49 0.24 1.94 1.43 3.46 2.28 1.08 0.56 1.48 0.75 1.72 2.79 2.15 0.67 3.14 0.84 1.32 2.26 0.99 3.14 0.5 1.37 2.17 0.95 3.05 3.37 2.09 3.58 3.7 0 2.36 2.07 1.66 2.81 2.01 
2.76 2.53 4.07 3.11 1.42 0.87 3.1 2.58 3.62 3.63 5.34 4.64 3.09 2.91 2.68 2.77 4.02 4.67 4.41 2.87 3.57 1.54 1.06 3.97 1.52 4.72 2.73 2.43 3.22 3.11 1.76 3.15 3.39 3.92 3.82 2.36 0 3.41 3.71 1.26 1.34 
3.15 4.58 5.5 3.05 3.96 2.95 0.6 1.94 3.82 1.49 4.99 2.88 2.94 2.17 3.53 1.36 1.9 4.4 3.29 2.51 5.2 2.27 2.7 4.07 2.07 4.93 2.4 3.43 4.22 2.71 4.75 5.39 4.09 5.64 5.75 2.07 3.41 0 1.16 4.37 3.76 
2.5 4.19 4.81 2.27 3.84 3.03 0.82 1.44 2.97 0.4 3.92 1.72 2.15 1.45 2.94 0.98 0.75 3.37 2.18 1.8 4.6 2.26 2.77 3.16 2.21 3.97 1.75 2.91 3.54 1.91 4.69 4.97 3.34 5.03 5.2 1.66 3.71 1.16 0 4.4 3.64 
2.68 1.64 3.19 3.1 0.73 1.42 3.95 3.04 3.35 4.22 5.01 4.92 3.13 3.25 2.41 3.43 4.52 4.39 4.5 3.08 2.67 2.17 1.69 3.67 2.31 4.25 2.99 2.19 2.69 3.24 0.51 2.05 2.96 2.95 2.77 2.81 1.26 4.37 4.4 0 0.87 
1.82 1.21 2.74 2.24 0.21 0.92 3.28 2.24 2.54 3.43 4.23 4.06 2.27 2.42 1.58 2.69 3.7 3.59 3.64 2.23 2.24 1.5 1.12 2.87 1.71 3.52 2.14 1.35 1.97 2.38 1.05 1.9 2.2 2.6 2.52 2.01 1.34 3.76 3.64 0.87 0 
