Number_Of_Customers: 25
Vehicle_Capacity:    50
Alpha:               0.75
Number_Of_Scenarios: 3

Location_Coordinates:
0 0 0
1 -2.16135 -0.80927
2 -1.40822 2.05764
3 -2.19528 -1.13198
4 -0.213521 1.35497
5 -2.0898 1.70935
6 -0.90207 -1.09514
7 -1.00555 -0.218988
8 -0.533497 -1.47586
9 0.2941 -2.06297
10 -2.29753 0.462878
11 -0.412608 0.289519
12 0.938785 -1.83399
13 1.06547 2.40799
14 1.05001 -2.41366
15 -1.35214 -0.46714
16 -1.21452 -2.41505
17 0.262353 -0.639623
18 -0.14145 -2.35524
19 0.446276 0.553261
20 -1.33648 -2.28383
21 0.61378 0.792474
22 -0.884107 0.819773
23 -2.07902 -2.05667
24 -1.38809 0.45408
25 1.71538 0.455007

Demand_per_scenario:
1 4 5 7
2 5 6 7
3 3 3 4
4 5 6 8
5 5 6 8
6 4 5 6
7 5 6 8
8 5 7 8
9 5 6 7
10 4 5 6
11 5 6 7
12 4 5 6
13 3 4 5
14 4 5 6
15 5 6 7
16 5 7 8
17 4 5 6
18 5 6 8
19 3 4 5
20 6 8 10
21 5 6 7
22 5 6 7
23 4 4 5
24 3 4 5
25 2 3 4

Probability_of_each_scenario_occuring:
0.333333 0.333333 0.333333 

Travel_Costs:
0 2.31 2.5 2.47 1.38 2.7 1.42 1.03 1.57 2.09 2.35 0.51 2.07 2.64 2.64 1.44 2.71 0.7 2.36 0.72 2.65 1.01 1.21 2.93 1.47 1.78 
2.31 0 2.97 0.33 2.92 2.52 1.3 1.3 1.76 2.76 1.28 2.07 3.27 4.56 3.59 0.88 1.87 2.43 2.55 2.95 1.69 3.21 2.08 1.26 1.49 4.08 
2.5 2.97 0 3.29 1.39 0.77 3.2 2.32 3.65 4.46 1.83 2.03 4.55 2.5 5.11 2.53 4.48 3.18 4.6 2.39 4.35 2.39 1.35 4.17 1.61 3.52 
2.47 0.33 3.29 0 3.18 2.85 1.3 1.5 1.7 2.66 1.6 2.29 3.22 4.82 3.49 1.08 1.62 2.51 2.4 3.14 1.44 3.41 2.36 0.94 1.78 4.23 
1.38 2.92 1.39 3.18 0 1.91 2.55 1.77 2.85 3.46 2.27 1.09 3.4 1.66 3.98 2.15 3.91 2.06 3.72 1.04 3.81 1.01 0.86 3.89 1.49 2.13 
2.7 2.52 0.77 2.85 1.91 0 3.05 2.22 3.55 4.47 1.27 2.2 4.67 3.24 5.19 2.3 4.22 3.33 4.51 2.79 4.07 2.86 1.5 3.77 1.44 4.01 
1.42 1.3 3.2 1.3 2.55 3.05 0 0.89 0.53 1.54 2.1 1.47 1.99 4.02 2.36 0.78 1.36 1.26 1.48 2.13 1.27 2.43 1.92 1.52 1.63 3.05 
1.03 1.3 2.32 1.5 1.77 2.22 0.89 0 1.35 2.26 1.47 0.79 2.53 3.35 3.01 0.43 2.21 1.34 2.31 1.65 2.1 1.91 1.05 2.13 0.78 2.81 
1.57 1.76 3.65 1.7 2.85 3.55 0.53 1.35 0 1.02 2.63 1.77 1.52 4.21 1.85 1.3 1.17 1.16 0.97 2.26 1.14 2.55 2.33 1.66 2.12 2.97 
2.09 2.76 4.46 2.66 3.46 4.47 1.54 2.26 1.02 0 3.62 2.46 0.69 4.54 0.84 2.3 1.55 1.43 0.53 2.63 1.65 2.88 3.12 2.38 3.03 2.9 
2.35 1.28 1.83 1.6 2.27 1.27 2.1 1.47 2.63 3.62 0 1.9 3.97 3.89 4.42 1.33 3.08 2.79 3.55 2.75 2.91 2.93 1.46 2.53 0.91 4.02 
0.51 2.07 2.03 2.29 1.09 2.2 1.47 0.79 1.77 2.46 1.9 0 2.52 2.59 3.08 1.21 2.83 1.15 2.66 0.9 2.74 1.15 0.71 2.88 0.99 2.14 
2.07 3.27 4.55 3.22 3.4 4.67 1.99 2.53 1.52 0.69 3.97 2.52 0 4.25 0.6 2.67 2.24 1.38 1.2 2.44 2.32 2.65 3.22 3.03 3.27 2.42 
2.64 4.56 2.5 4.82 1.66 3.24 4.02 3.35 4.21 4.54 3.89 2.59 4.25 0 4.83 3.76 5.34 3.16 4.92 1.96 5.28 1.68 2.52 5.47 3.14 2.06 
2.64 3.59 5.11 3.49 3.98 5.19 2.36 3.01 1.85 0.84 4.42 3.08 0.6 4.83 0 3.1 2.27 1.95 1.2 3.03 2.4 3.24 3.77 3.15 3.77 2.95 
1.44 0.88 2.53 1.08 2.15 2.3 0.78 0.43 1.3 2.3 1.33 1.21 2.67 3.76 3.1 0 1.96 1.63 2.25 2.07 1.82 2.34 1.37 1.75 0.93 3.21 
2.71 1.87 4.48 1.62 3.91 4.22 1.36 2.21 1.17 1.55 3.08 2.83 2.24 5.34 2.27 1.96 0 2.31 1.08 3.41 0.18 3.7 3.26 0.94 2.88 4.11 
0.7 2.43 3.18 2.51 2.06 3.33 1.26 1.34 1.16 1.43 2.79 1.15 1.38 3.16 1.95 1.63 2.31 0 1.77 1.21 2.3 1.48 1.86 2.74 1.98 1.82 
2.36 2.55 4.6 2.4 3.72 4.51 1.48 2.31 0.97 0.53 3.55 2.66 1.2 4.92 1.2 2.25 1.08 1.77 0 2.97 1.2 3.24 3.27 1.97 3.08 3.37 
0.72 2.95 2.39 3.14 1.04 2.79 2.13 1.65 2.26 2.63 2.75 0.9 2.44 1.96 3.03 2.07 3.41 1.21 2.97 0 3.36 0.3 1.36 3.64 1.84 1.28 
2.65 1.69 4.35 1.44 3.81 4.07 1.27 2.1 1.14 1.65 2.91 2.74 2.32 5.28 2.4 1.82 0.18 2.3 1.2 3.36 0 3.65 3.14 0.78 2.74 4.11 
1.01 3.21 2.39 3.41 1.01 2.86 2.43 1.91 2.55 2.88 2.93 1.15 2.65 1.68 3.24 2.34 3.7 1.48 3.24 0.3 3.65 0 1.5 3.93 2.04 1.16 
1.21 2.08 1.35 2.36 0.86 1.5 1.92 1.05 2.33 3.12 1.46 0.71 3.22 2.52 3.77 1.37 3.26 1.86 3.27 1.36 3.14 1.5 0 3.12 0.63 2.63 
2.93 1.26 4.17 0.94 3.89 3.77 1.52 2.13 1.66 2.38 2.53 2.88 3.03 5.47 3.15 1.75 0.94 2.74 1.97 3.64 0.78 3.93 3.12 0 2.61 4.56 
1.47 1.49 1.61 1.78 1.49 1.44 1.63 0.78 2.12 3.03 0.91 0.99 3.27 3.14 3.77 0.93 2.88 1.98 3.08 1.84 2.74 2.04 0.63 2.61 0 3.11 
1.78 4.08 3.52 4.23 2.13 4.01 3.05 2.81 2.97 2.9 4.02 2.14 2.42 2.06 2.95 3.21 4.11 1.82 3.37 1.28 4.11 1.16 2.63 4.56 3.11 0 
