Number_Of_Customers: 20
Vehicle_Capacity:    50
Alpha:               0.75
Number_Of_Scenarios: 3

Location_Coordinates:
0 0 0
1 -2.34483 0.489089
2 0.126869 2.28853
3 -1.62951 -2.22689
4 -2.31193 -1.58289
5 1.33269 -1.50777
6 -1.05196 -0.210914
7 0.163068 0.67933
8 -2.49966 -1.78863
9 -1.48372 -1.96007
10 2.02027 -0.280826
11 0.155815 -1.22087
12 0.815782 0.845123
13 -1.01226 1.97607
14 1.79168 -2.22902
15 1.84338 1.66279
16 1.51309 0.474524
17 0.328369 -1.09471
18 1.29125 2.06472
19 1.75457 -0.905109
20 -2.16361 1.25002

Demand_per_scenario:
1 5 7 9
2 4 5 7
3 5 7 9
4 5 6 8
5 6 8 10
6 3 4 5
7 4 5 6
8 5 7 8
9 2 3 4
10 6 8 10
11 3 4 5
12 4 5 7
13 4 6 7
14 6 8 10
15 5 6 8
16 5 6 8
17 3 4 5
18 3 4 5
19 5 7 9
20 3 3 4

Probability_of_each_scenario_occuring:
0.333333 0.333333 0.333333 

Travel_Costs:
0 2.4 2.3 2.76 2.81 2.02 1.08 0.7 3.08 2.46 2.04 1.24 1.18 2.23 2.86 2.49 1.59 1.15 2.44 1.98 2.5 
2.4 0 3.06 2.81 2.08 4.19 1.48 2.52 2.29 2.6 4.44 3.03 3.19 2 4.95 4.35 3.86 3.11 3.97 4.33 0.79 
2.3 3.06 0 4.85 4.58 3.99 2.77 1.61 4.85 4.55 3.2 3.51 1.6 1.19 4.82 1.83 2.29 3.39 1.19 3.59 2.52 
2.76 2.81 4.85 0 0.94 3.05 2.1 3.42 0.98 0.31 4.14 2.05 3.93 4.25 3.43 5.22 4.15 2.27 5.2 3.64 3.52 
2.81 2.08 4.58 0.94 0 3.65 1.87 3.36 0.28 0.92 4.53 2.5 3.96 3.79 4.16 5.28 4.35 2.69 5.13 4.13 2.84 
2.02 4.19 3.99 3.05 3.65 0 2.72 2.49 3.85 2.86 1.41 1.22 2.41 4.2 0.86 3.22 2 1.09 3.58 0.74 4.46 
1.08 1.48 2.77 2.1 1.87 2.72 0 1.51 2.15 1.81 3.08 1.58 2.15 2.19 3.49 3.45 2.66 1.64 3.27 2.9 1.84 
0.7 2.52 1.61 3.42 3.36 2.49 1.51 0 3.64 3.12 2.1 1.91 0.68 1.76 3.34 1.95 1.37 1.79 1.79 2.25 2.4 
3.08 2.29 4.85 0.98 0.28 3.85 2.15 3.64 0 1.04 4.77 2.72 4.24 4.05 4.32 5.55 4.61 2.92 5.41 4.35 3.06 
2.46 2.6 4.55 0.31 0.92 2.86 1.81 3.12 1.04 0 3.89 1.8 3.63 3.97 3.29 4.92 3.87 2.01 4.89 3.41 3.29 
2.04 4.44 3.2 4.14 4.53 1.41 3.08 2.1 4.77 3.89 0 2.09 1.65 3.79 1.97 1.96 0.91 1.88 2.46 0.68 4.46 
1.24 3.03 3.51 2.05 2.5 1.22 1.58 1.91 2.72 1.8 2.09 0 2.17 3.41 1.93 3.35 2.18 0.22 3.48 1.63 3.39 
1.18 3.19 1.6 3.93 3.96 2.41 2.15 0.68 4.24 3.63 1.65 2.17 0 2.15 3.23 1.32 0.79 2.01 1.31 1.99 3.01 
2.23 2 1.19 4.25 3.79 4.2 2.19 1.76 4.05 3.97 3.79 3.41 2.15 0 5.06 2.88 2.94 3.36 2.31 4 1.37 
2.86 4.95 4.82 3.43 4.16 0.86 3.49 3.34 4.32 3.29 1.97 1.93 3.23 5.06 0 3.9 2.72 1.86 4.33 1.33 5.27 
2.49 4.35 1.83 5.22 5.28 3.22 3.45 1.95 5.55 4.92 1.96 3.35 1.32 2.88 3.9 0 1.24 3.15 0.69 2.57 4.03 
1.59 3.86 2.29 4.15 4.35 2 2.66 1.37 4.61 3.87 0.91 2.18 0.79 2.94 2.72 1.24 0 1.97 1.61 1.41 3.76 
1.15 3.11 3.39 2.27 2.69 1.09 1.64 1.79 2.92 2.01 1.88 0.22 2.01 3.36 1.86 3.15 1.97 0 3.31 1.44 3.43 
2.44 3.97 1.19 5.2 5.13 3.58 3.27 1.79 5.41 4.89 2.46 3.48 1.31 2.31 4.33 0.69 1.61 3.31 0 3.01 3.55 
1.98 4.33 3.59 3.64 4.13 0.74 2.9 2.25 4.35 3.41 0.68 1.63 1.99 4 1.33 2.57 1.41 1.44 3.01 0 4.48 
2.5 0.79 2.52 3.52 2.84 4.46 1.84 2.4 3.06 3.29 4.46 3.39 3.01 1.37 5.27 4.03 3.76 3.43 3.55 4.48 0 
