Number_Of_Customers: 20
Vehicle_Capacity:    50
Alpha:               0.75
Number_Of_Scenarios: 3

Location_Coordinates:
0 0 0
1 2.33279 2.22216
2 -2.20234 0.278293
3 2.27093 2.48395
4 -2.19903 0.85925
5 1.41556 1.35888
6 -1.33139 -1.74862
7 0.911864 0.697303
8 -0.434051 -0.10199
9 0.859076 -1.50637
10 2.38336 2.19959
11 -1.48212 -0.0723877
12 -1.62012 0.693708
13 -0.849709 -1.05756
14 0.574392 -1.19976
15 0.694161 1.76073
16 -2.39699 -1.25425
17 -0.224973 -1.11651
18 -0.136892 -0.741739
19 -1.41492 -0.606973
20 -1.39757 1.11828

Demand_per_scenario:
1 3 4 5
2 5 6 8
3 2 3 4
4 5 7 9
5 5 6 8
6 3 4 5
7 3 4 5
8 3 4 5
9 6 8 10
10 4 5 6
11 5 6 8
12 5 7 9
13 4 5 6
14 6 7 9
15 6 7 9
16 5 6 8
17 5 6 7
18 2 3 4
19 4 5 6
20 5 6 7

Probability_of_each_scenario_occuring:
0.333333 0.333333 0.333333 

Travel_Costs:
0 3.23 2.22 3.37 2.37 1.97 2.2 1.15 0.45 1.74 3.25 1.49 1.77 1.36 1.34 1.9 2.71 1.14 0.76 1.54 1.79 
3.23 0 4.94 0.27 4.74 1.26 5.41 2.09 3.62 4.01 0.06 4.46 4.24 4.57 3.85 1.71 5.87 4.21 3.86 4.7 3.9 
2.22 4.94 0 4.99 0.59 3.78 2.21 3.15 1.81 3.55 4.98 0.81 0.72 1.91 3.15 3.26 1.55 2.42 2.31 1.19 1.17 
3.37 0.27 4.99 0 4.76 1.42 5.56 2.25 3.75 4.24 0.31 4.55 4.29 4.73 4.06 1.74 5.99 4.39 4.03 4.82 3.92 
2.37 4.74 0.59 4.76 0 3.65 2.75 3.12 2.01 3.87 4.78 1.18 0.61 2.35 3.46 3.04 2.13 2.8 2.62 1.67 0.85 
1.97 1.26 3.78 1.42 3.65 0 4.15 0.84 2.36 2.92 1.29 3.24 3.11 3.32 2.7 0.83 4.63 2.97 2.62 3.45 2.83 
2.2 5.41 2.21 5.56 2.75 4.15 0 3.32 1.88 2.21 5.43 1.69 2.46 0.85 1.99 4.06 1.18 1.28 1.57 1.15 2.87 
1.15 2.09 3.15 2.25 3.12 0.84 3.32 0 1.57 2.21 2.11 2.52 2.54 2.49 1.93 1.09 3.85 2.15 1.79 2.67 2.35 
0.45 3.62 1.81 3.75 2.01 2.36 1.88 1.57 0 1.91 3.64 1.05 1.43 1.05 1.5 2.18 2.28 1.04 0.71 1.11 1.56 
1.74 4.01 3.55 4.24 3.87 2.92 2.21 2.21 1.91 0 4.01 2.75 3.32 1.77 0.42 3.28 3.27 1.16 1.26 2.45 3.47 
3.25 0.06 4.98 0.31 4.78 1.29 5.43 2.11 3.64 4.01 0 4.49 4.28 4.59 3.86 1.75 5.9 4.22 3.88 4.73 3.94 
1.49 4.46 0.81 4.55 1.18 3.24 1.69 2.52 1.05 2.75 4.49 0 0.78 1.18 2.35 2.85 1.5 1.64 1.51 0.54 1.2 
1.77 4.24 0.72 4.29 0.61 3.11 2.46 2.54 1.43 3.32 4.28 0.78 0 1.92 2.9 2.55 2.1 2.29 2.07 1.32 0.48 
1.36 4.57 1.91 4.73 2.35 3.32 0.85 2.49 1.05 1.77 4.59 1.18 1.92 0 1.44 3.22 1.56 0.63 0.78 0.73 2.25 
1.34 3.85 3.15 4.06 3.46 2.7 1.99 1.93 1.5 0.42 3.86 2.35 2.9 1.44 0 2.97 2.98 0.81 0.85 2.08 3.05 
1.9 1.71 3.26 1.74 3.04 0.83 4.06 1.09 2.18 3.28 1.75 2.85 2.55 3.22 2.97 0 4.32 3.03 2.64 3.18 2.19 
2.71 5.87 1.55 5.99 2.13 4.63 1.18 3.85 2.28 3.27 5.9 1.5 2.1 1.56 2.98 4.32 0 2.18 2.32 1.18 2.58 
1.14 4.21 2.42 4.39 2.8 2.97 1.28 2.15 1.04 1.16 4.22 1.64 2.29 0.63 0.81 3.03 2.18 0 0.39 1.3 2.53 
0.76 3.86 2.31 4.03 2.62 2.62 1.57 1.79 0.71 1.26 3.88 1.51 2.07 0.78 0.85 2.64 2.32 0.39 0 1.29 2.25 
1.54 4.7 1.19 4.82 1.67 3.45 1.15 2.67 1.11 2.45 4.73 0.54 1.32 0.73 2.08 3.18 1.18 1.3 1.29 0 1.73 
1.79 3.9 1.17 3.92 0.85 2.83 2.87 2.35 1.56 3.47 3.94 1.2 0.48 2.25 3.05 2.19 2.58 2.53 2.25 1.73 0 
