Number_Of_Customers: 40
Vehicle_Capacity:    50
Alpha:               0.75
Number_Of_Scenarios: 3

Location_Coordinates:
0 0 0
1 1.05995 -0.428757
2 -1.11214 -1.74778
3 0.143725 0.588152
4 0.0640942 2.23041
5 1.44195 -0.173995
6 0.665719 -1.25602
7 0.0670687 2.22424
8 -2.26731 -1.60451
9 -1.91607 1.59683
10 -2.11536 2.11681
11 2.29164 0.527446
12 -0.206877 -1.98744
13 2.14528 0.722285
14 -0.560689 1.5021
15 0.767123 -1.97137
16 2.15803 0.0552724
17 -1.03691 -2.36624
18 0.573229 -0.743766
19 -0.47039 -0.849855
20 1.49357 2.40048
21 -0.105071 -0.932118
22 -1.10786 0.273605
23 -1.51467 -1.99488
24 2.03811 -0.544032
25 1.45821 -1.79774
26 0.336228 0.989051
27 -2.02733 1.74213
28 -0.0449874 -1.10344
29 -0.526153 1.94716
30 0.943786 2.20885
31 -0.919574 -0.288047
32 -1.20034 0.943913
33 -0.646494 -0.61949
34 -1.76161 -2.30469
35 0.149982 0.739336
36 1.01669 -2.46324
37 0.289406 -0.955744
38 1.81363 1.68513
39 1.97055 -0.915146
40 -0.863893 0.55761

Demand_per_scenario:
1 4 5 6
2 2 2 3
3 4 5 6
4 4 5 7
5 6 8 10
6 5 7 8
7 5 6 8
8 3 4 5
9 5 6 7
10 6 8 11
11 5 6 7
12 4 5 6
13 5 7 9
14 6 7 9
15 5 6 7
16 5 6 8
17 4 5 7
18 4 6 7
19 3 3 4
20 4 6 7
21 4 6 7
22 4 5 7
23 4 5 6
24 3 4 5
25 5 7 9
26 3 3 4
27 3 4 4
28 4 5 7
29 4 5 7
30 5 7 8
31 3 4 5
32 4 6 7
33 5 6 8
34 4 6 7
35 4 5 6
36 6 8 9
37 3 3 4
38 6 8 10
39 6 8 10
40 6 8 10

Probability_of_each_scenario_occuring:
0.333333 0.333333 0.333333 

Travel_Costs:
0 1.15 2.08 0.61 2.24 1.46 1.43 2.23 2.78 2.5 3 2.36 2 2.27 1.61 2.12 2.16 2.59 0.94 0.98 2.83 0.94 1.15 2.51 2.11 2.32 1.05 2.68 1.11 2.02 2.41 0.97 1.53 0.9 2.91 0.76 2.67 1 2.48 2.18 1.03 
1.15 0 2.55 1.37 2.84 0.46 0.92 2.84 3.53 3.6 4.07 1.56 2.01 1.59 2.53 1.58 1.21 2.86 0.58 1.59 2.87 1.27 2.28 3.02 0.99 1.43 1.6 3.78 1.3 2.86 2.65 1.99 2.65 1.72 3.39 1.49 2.04 0.94 2.25 1.04 2.17 
2.08 2.55 0 2.66 4.15 3.01 1.85 4.15 1.17 3.44 4 4.1 0.94 4.09 3.3 1.9 3.74 0.63 1.97 1.11 4.9 1.3 2.03 0.48 3.38 2.58 3.1 3.61 1.25 3.75 4.46 1.48 2.7 1.23 0.86 2.79 2.25 1.61 4.52 3.2 2.32 
0.61 1.37 2.66 0 1.65 1.51 1.92 1.64 3.26 2.3 2.73 2.15 2.6 2.01 1.16 2.64 2.09 3.19 1.4 1.57 2.26 1.55 1.3 3.07 2.21 2.73 0.45 2.46 1.71 1.52 1.81 1.38 1.4 1.45 3.47 0.16 3.18 1.56 2 2.37 1.01 
2.24 2.84 4.15 1.65 0 2.78 3.54 0.01 4.49 2.08 2.19 2.81 4.23 2.58 0.96 4.27 3.02 4.73 3.02 3.13 1.44 3.17 2.29 4.52 3.41 4.27 1.28 2.15 3.34 0.66 0.88 2.71 1.81 2.94 4.89 1.5 4.79 3.2 1.84 3.68 1.92 
1.46 0.46 3.01 1.51 2.78 0 1.34 2.77 3.98 3.8 4.24 1.11 2.46 1.14 2.62 1.92 0.76 3.31 1.04 2.03 2.58 1.73 2.59 3.48 0.71 1.63 1.61 3.97 1.76 2.9 2.44 2.37 2.87 2.14 3.85 1.59 2.33 1.4 1.9 0.92 2.42 
1.43 0.92 1.85 1.92 3.54 1.34 0 3.54 2.96 3.85 4.38 2.42 1.14 2.48 3.02 0.73 1.99 2.04 0.53 1.21 3.75 0.84 2.35 2.31 1.55 0.96 2.27 4.04 0.73 3.42 3.48 1.86 2.89 1.46 2.65 2.07 1.26 0.49 3.16 1.35 2.38 
2.23 2.84 4.15 1.64 0.01 2.77 3.54 0 4.49 2.09 2.19 2.8 4.23 2.57 0.96 4.26 3.02 4.73 3.02 3.13 1.44 3.17 2.28 4.51 3.4 4.26 1.27 2.15 3.33 0.66 0.88 2.7 1.81 2.94 4.89 1.49 4.79 3.19 1.83 3.68 1.91 
2.78 3.53 1.17 3.26 4.49 3.98 2.96 4.49 0 3.23 3.73 5.04 2.1 4.99 3.55 3.06 4.73 1.45 2.97 1.95 5.5 2.27 2.21 0.85 4.44 3.74 3.68 3.36 2.28 3.96 4.99 1.89 2.77 1.9 0.87 3.37 3.4 2.64 5.25 4.3 2.58 
2.5 3.6 3.44 2.3 2.08 3.8 3.85 2.09 3.23 0 0.56 4.35 3.98 4.16 1.36 4.47 4.36 4.06 3.42 2.85 3.51 3.12 1.56 3.62 4.5 4.79 2.34 0.19 3.29 1.44 2.93 2.14 0.97 2.56 3.91 2.24 5.01 3.38 3.74 4.63 1.48 
3 4.07 4 2.73 2.19 4.24 4.38 2.19 3.73 0.56 0 4.69 4.53 4.49 1.68 5.01 4.75 4.62 3.93 3.4 3.63 3.66 2.11 4.16 4.94 5.31 2.7 0.39 3.83 1.6 3.07 2.69 1.49 3.11 4.44 2.66 5.55 3.91 3.96 5.09 2 
2.36 1.56 4.1 2.15 2.81 1.11 2.42 2.8 5.04 4.35 4.69 0 3.55 0.25 3.02 2.93 0.5 4.42 2.14 3.09 2.04 2.81 3.41 4.57 1.11 2.48 2.01 4.49 2.85 3.16 2.16 3.32 3.52 3.16 4.95 2.16 3.26 2.5 1.26 1.48 3.16 
2 2.01 0.94 2.6 4.23 2.46 1.14 4.23 2.1 3.98 4.53 3.55 0 3.59 3.51 0.98 3.13 0.92 1.47 1.17 4.71 1.07 2.44 1.31 2.67 1.68 3.03 4.16 0.9 3.95 4.36 1.85 3.1 1.44 1.59 2.76 1.32 1.15 4.2 2.43 2.63 
2.27 1.59 4.09 2.01 2.58 1.14 2.48 2.57 4.99 4.16 4.49 0.25 3.59 0 2.82 3.03 0.67 4.44 2.15 3.06 1.81 2.8 3.29 4.56 1.28 2.62 1.83 4.3 2.86 2.94 1.92 3.23 3.36 3.1 4.95 2 3.38 2.51 1.02 1.65 3.02 
1.61 2.53 3.3 1.16 0.96 2.62 3.02 0.96 3.55 1.36 1.68 3.02 3.51 2.82 0 3.72 3.08 3.9 2.52 2.36 2.25 2.48 1.35 3.63 3.31 3.87 1.04 1.49 2.66 0.45 1.67 1.83 0.85 2.13 4 1.05 4.27 2.61 2.39 3.51 1 
2.12 1.58 1.9 2.64 4.27 1.92 0.73 4.26 3.06 4.47 5.01 2.93 0.98 3.03 3.72 0 2.46 1.85 1.25 1.68 4.44 1.36 2.93 2.29 1.92 0.72 3 4.65 1.19 4.13 4.19 2.39 3.52 1.96 2.56 2.79 0.56 1.13 3.81 1.61 3.01 
2.16 1.21 3.74 2.09 3.02 0.76 1.99 3.02 4.73 4.36 4.75 0.5 3.13 0.67 3.08 2.46 0 4.01 1.78 2.78 2.44 2.47 3.28 4.21 0.62 1.99 2.05 4.52 2.49 3.29 2.48 3.1 3.48 2.89 4.58 2.13 2.77 2.13 1.67 0.99 3.07 
2.59 2.86 0.63 3.19 4.73 3.31 2.04 4.73 1.45 4.06 4.62 4.42 0.92 4.44 3.9 1.85 4.01 0 2.29 1.62 5.4 1.72 2.65 0.61 3.58 2.56 3.63 4.23 1.61 4.35 4.99 2.09 3.32 1.79 0.73 3.33 2.06 1.94 4.96 3.34 2.93 
0.94 0.58 1.97 1.4 3.02 1.04 0.53 3.02 2.97 3.42 3.93 2.14 1.47 2.15 2.52 1.25 1.78 2.29 0 1.05 3.28 0.71 1.97 2.44 1.48 1.38 1.75 3.6 0.72 2.91 2.98 1.57 2.45 1.23 2.81 1.55 1.78 0.36 2.73 1.41 1.94 
0.98 1.59 1.11 1.57 3.13 2.03 1.21 3.13 1.95 2.85 3.4 3.09 1.17 3.06 2.36 1.68 2.78 1.62 1.05 0 3.8 0.38 1.3 1.55 2.53 2.15 2.01 3.03 0.5 2.8 3.37 0.72 1.94 0.29 1.95 1.71 2.2 0.77 3.42 2.45 1.47 
2.83 2.87 4.9 2.26 1.44 2.58 3.75 1.44 5.5 3.51 3.63 2.04 4.71 1.81 2.25 4.44 2.44 5.4 3.28 3.8 0 3.7 3.37 5.33 3 4.2 1.83 3.59 3.83 2.07 0.59 3.62 3.07 3.71 5.73 2.14 4.89 3.57 0.79 3.35 3 
0.94 1.27 1.3 1.55 3.17 1.73 0.84 3.17 2.27 3.12 3.66 2.81 1.07 2.8 2.48 1.36 2.47 1.72 0.71 0.38 3.7 0 1.57 1.77 2.18 1.79 1.98 3.3 0.19 2.91 3.32 1.04 2.18 0.63 2.16 1.7 1.9 0.4 3.25 2.08 1.68 
1.15 2.28 2.03 1.3 2.29 2.59 2.35 2.28 2.21 1.56 2.11 3.41 2.44 3.29 1.35 2.93 3.28 2.65 1.97 1.3 3.37 1.57 0 2.31 3.26 3.3 1.62 1.74 1.74 1.78 2.83 0.6 0.68 1.01 2.66 1.35 3.47 1.87 3.25 3.3 0.38 
2.51 3.02 0.48 3.07 4.52 3.48 2.31 4.51 0.85 3.62 4.16 4.57 1.31 4.56 3.63 2.29 4.21 0.61 2.44 1.55 5.33 1.77 2.31 0 3.84 2.98 3.52 3.78 1.72 4.07 4.87 1.81 2.96 1.63 0.4 3.21 2.58 2.09 4.97 3.65 2.64 
2.11 0.99 3.38 2.21 3.41 0.71 1.55 3.4 4.44 4.5 4.94 1.11 2.67 1.28 3.31 1.92 0.62 3.58 1.48 2.53 3 2.18 3.26 3.84 0 1.39 2.3 4.67 2.16 3.58 2.97 2.97 3.57 2.69 4.19 2.29 2.18 1.8 2.25 0.38 3.11 
2.32 1.43 2.58 2.73 4.27 1.63 0.96 4.26 3.74 4.79 5.31 2.48 1.68 2.62 3.87 0.72 1.99 2.56 1.38 2.15 4.2 1.79 3.3 2.98 1.39 0 3.01 4.97 1.66 4.24 4.04 2.82 3.82 2.42 3.26 2.86 0.8 1.45 3.51 1.03 3.31 
1.05 1.6 3.1 0.45 1.28 1.61 2.27 1.27 3.68 2.34 2.7 2.01 3.03 1.83 1.04 3 2.05 3.63 1.75 2.01 1.83 1.98 1.62 3.52 2.3 3.01 0 2.49 2.13 1.29 1.37 1.8 1.54 1.89 3.91 0.32 3.52 1.95 1.64 2.51 1.28 
2.68 3.78 3.61 2.46 2.15 3.97 4.04 2.15 3.36 0.19 0.39 4.49 4.16 4.3 1.49 4.65 4.52 4.23 3.6 3.03 3.59 3.3 1.74 3.78 4.67 4.97 2.49 0 3.47 1.52 3.01 2.32 1.15 2.74 4.06 2.4 5.2 3.56 3.85 4.81 1.67 
1.11 1.3 1.25 1.71 3.34 1.76 0.73 3.33 2.28 3.29 3.83 2.85 0.9 2.86 2.66 1.19 2.49 1.61 0.72 0.5 3.83 0.19 1.74 1.72 2.16 1.66 2.13 3.47 0 3.09 3.46 1.2 2.36 0.78 2.1 1.86 1.73 0.37 3.36 2.03 1.86 
2.02 2.86 3.75 1.52 0.66 2.9 3.42 0.66 3.96 1.44 1.6 3.16 3.95 2.94 0.45 4.13 3.29 4.35 2.91 2.8 2.07 2.91 1.78 4.07 3.58 4.24 1.29 1.52 3.09 0 1.5 2.27 1.21 2.57 4.43 1.39 4.68 3.02 2.36 3.8 1.44 
2.41 2.65 4.46 1.81 0.88 2.44 3.48 0.88 4.99 2.93 3.07 2.16 4.36 1.92 1.67 4.19 2.48 4.99 2.98 3.37 0.59 3.32 2.83 4.87 2.97 4.04 1.37 3.01 3.46 1.5 0 3.12 2.49 3.25 5.27 1.68 4.68 3.24 1.02 3.29 2.45 
0.97 1.99 1.48 1.38 2.71 2.37 1.86 2.7 1.89 2.14 2.69 3.32 1.85 3.23 1.83 2.39 3.1 2.09 1.57 0.72 3.62 1.04 0.6 1.81 2.97 2.82 1.8 2.32 1.2 2.27 3.12 0 1.27 0.43 2.19 1.49 2.92 1.39 3.38 2.96 0.85 
1.53 2.65 2.7 1.4 1.81 2.87 2.89 1.81 2.77 0.97 1.49 3.52 3.1 3.36 0.85 3.52 3.48 3.32 2.45 1.94 3.07 2.18 0.68 2.96 3.57 3.82 1.54 1.15 2.36 1.21 2.49 1.27 0 1.66 3.3 1.37 4.07 2.42 3.11 3.68 0.52 
0.9 1.72 1.23 1.45 2.94 2.14 1.46 2.94 1.9 2.56 3.11 3.16 1.44 3.1 2.13 1.96 2.89 1.79 1.23 0.29 3.71 0.63 1.01 1.63 2.69 2.42 1.89 2.74 0.78 2.57 3.25 0.43 1.66 0 2.03 1.58 2.49 1 3.38 2.64 1.2 
2.91 3.39 0.86 3.47 4.89 3.85 2.65 4.89 0.87 3.91 4.44 4.95 1.59 4.95 4 2.56 4.58 0.73 2.81 1.95 5.73 2.16 2.66 0.4 4.19 3.26 3.91 4.06 2.1 4.43 5.27 2.19 3.3 2.03 0 3.6 2.79 2.46 5.36 3.99 3 
0.76 1.49 2.79 0.16 1.5 1.59 2.07 1.49 3.37 2.24 2.66 2.16 2.76 2 1.05 2.79 2.13 3.33 1.55 1.71 2.14 1.7 1.35 3.21 2.29 2.86 0.32 2.4 1.86 1.39 1.68 1.49 1.37 1.58 3.6 0 3.32 1.71 1.92 2.47 1.04 
2.67 2.04 2.25 3.18 4.79 2.33 1.26 4.79 3.4 5.01 5.55 3.26 1.32 3.38 4.27 0.56 2.77 2.06 1.78 2.2 4.89 1.9 3.47 2.58 2.18 0.8 3.52 5.2 1.73 4.68 4.68 2.92 4.07 2.49 2.79 3.32 0 1.68 4.23 1.82 3.56 
1 0.94 1.61 1.56 3.2 1.4 0.49 3.19 2.64 3.38 3.91 2.5 1.15 2.51 2.61 1.13 2.13 1.94 0.36 0.77 3.57 0.4 1.87 2.09 1.8 1.45 1.95 3.56 0.37 3.02 3.24 1.39 2.42 1 2.46 1.71 1.68 0 3.05 1.69 1.91 
2.48 2.25 4.52 2 1.84 1.9 3.16 1.83 5.25 3.74 3.96 1.26 4.2 1.02 2.39 3.81 1.67 4.96 2.73 3.42 0.79 3.25 3.25 4.97 2.25 3.51 1.64 3.85 3.36 2.36 1.02 3.38 3.11 3.38 5.36 1.92 4.23 3.05 0 2.61 2.91 
2.18 1.04 3.2 2.37 3.68 0.92 1.35 3.68 4.3 4.63 5.09 1.48 2.43 1.65 3.51 1.61 0.99 3.34 1.41 2.45 3.35 2.08 3.3 3.65 0.38 1.03 2.51 4.81 2.03 3.8 3.29 2.96 3.68 2.64 3.99 2.47 1.82 1.69 2.61 0 3.2 
1.03 2.17 2.32 1.01 1.92 2.42 2.38 1.91 2.58 1.48 2 3.16 2.63 3.02 1 3.01 3.07 2.93 1.94 1.47 3 1.68 0.38 2.64 3.11 3.31 1.28 1.67 1.86 1.44 2.45 0.85 0.52 1.2 3 1.04 3.56 1.91 2.91 3.2 0 
