Number_Of_Customers: 100
Vehicle_Capacity:    50
Alpha:               0.75
Number_Of_Scenarios: 10

Location_Coordinates:
0 0 0
1 1.23437 1.09508
2 0.0310461 1.7913
3 1.3368 -2.34532
4 2.19333 -1.64012
5 -0.462861 0.696901
6 -2.17936 1.42454
7 2.30004 1.70443
8 1.28446 -2.15433
9 2.1745 1.79408
10 -1.81342 1.92748
11 0.214765 -0.446155
12 1.47154 2.13534
13 -1.28524 -0.944899
14 -0.916647 -1.09
15 0.328111 -0.435757
16 1.2263 0.460658
17 2.2859 -0.908684
18 -2.25549 2.01274
19 -1.84777 -0.538746
20 0.293336 0.0933343
21 -1.33089 1.68073
22 -1.97111 1.63155
23 1.39729 -0.812771
24 -0.244085 -2.3377
25 0.232343 -0.00298519
26 -0.172016 -1.07734
27 -1.81366 -2.23509
28 -0.130926 -0.470844
29 1.51912 1.88862
30 1.98713 -2.3297
31 -0.299284 -0.0728928
32 -0.108988 -1.7682
33 1.83757 -0.923152
34 -0.409667 -0.281207
35 -1.24882 1.14558
36 -1.24358 -0.903835
37 -0.753322 -1.08447
38 -1.69955 0.618577
39 1.42263 0.0783259
40 1.423 1.28061
41 -1.85297 2.16437
42 1.49683 2.20851
43 -1.63239 -0.638813
44 -1.52725 1.57337
45 -1.42761 1.21725
46 -1.74399 -1.21044
47 1.13502 1.33341
48 0.592738 2.15305
49 1.28984 -1.69496
50 -2.23956 -0.322495
51 -0.166607 -0.16768
52 1.79892 -0.599456
53 -0.0487775 0.196996
54 0.92006 -1.55269
55 -1.0517 -0.949339
56 -0.538221 -0.888655
57 -0.623076 -2.03635
58 0.0776188 -0.460877
59 -0.958422 1.8016
60 -0.541952 1.41285
61 0.821618 -1.05944
62 -0.979494 -2.36172
63 1.49245 -1.32215
64 -1.37876 2.23586
65 -1.88595 -2.15009
66 -1.62816 0.52198
67 -2.08082 -2.37089
68 2.3779 0.357382
69 1.52015 -0.860187
70 -2.15873 -1.85431
71 -0.332493 1.7825
72 -1.51212 0.856643
73 -2.39892 1.38645
74 2.05928 0.338079
75 2.09515 -1.79991
76 -1.01467 1.3706
77 0.600835 -1.76611
78 1.95042 0.732597
79 -2.24375 -0.637335
80 -1.69351 2.15586
81 -1.51383 2.0711
82 -1.01446 -0.10069
83 -2.29894 1.78353
84 0.828652 2.16077
85 0.97939 0.604
86 1.43571 -0.0771616
87 -1.85437 -1.42971
88 0.842292 1.39974
89 0.401398 1.29823
90 -0.596678 1.63931
91 1.8991 -1.86447
92 -1.07045 -1.08843
93 1.79231 -1.58586
94 1.39685 1.8965
95 -0.586008 0.968353
96 0.115449 0.349331
97 1.20837 -0.960018
98 -0.0293089 2.40509
99 2.35493 -0.666151
100 -0.996441 -2.18921

Demand_per_scenario:
1 6 6 8 7 5 6 8 7 6 5
2 5 6 8 6 9 6 7 6 6 5
3 2 4 4 4 4 3 4 2 6 5
4 6 5 6 4 5 3 5 4 5 4
5 3 3 5 4 6 3 4 3 5 3
6 7 4 8 8 7 6 7 7 6 6
7 5 3 5 6 6 5 5 4 5 4
8 5 8 7 6 6 5 8 6 7 7
9 7 7 5 8 8 7 7 7 7 9
10 5 5 5 6 4 2 5 3 4 6
11 7 8 8 8 7 7 8 7 7 6
12 8 7 7 7 6 7 6 7 7 5
13 9 8 8 9 8 8 9 8 8 7
14 5 6 7 3 5 6 5 5 5 4
15 7 5 3 5 4 4 6 4 3 4
16 5 5 4 4 5 4 5 6 6 5
17 6 6 7 6 7 6 7 7 9 6
18 5 4 7 5 7 4 5 5 4 6
19 4 2 4 3 5 7 4 3 7 3
20 6 7 5 5 4 5 6 5 6 7
21 8 6 7 7 5 6 6 7 7 6
22 4 4 4 5 3 5 5 4 6 4
23 8 8 7 9 8 7 8 7 7 7
24 1 4 4 6 4 3 3 4 4 4
25 3 4 3 3 3 4 5 3 4 3
26 5 4 7 5 6 5 5 5 3 5
27 6 5 6 6 8 4 6 6 5 5
28 6 7 6 4 5 5 7 8 5 6
29 3 4 4 4 5 4 3 4 3 5
30 4 6 6 7 4 10 7 7 6 7
31 5 3 3 3 3 4 3 4 4 4
32 5 4 2 4 5 2 5 5 4 5
33 5 3 4 5 6 5 6 4 6 6
34 6 7 7 5 7 5 5 7 5 8
35 1 1 1 3 3 1 2 1 1 2
36 8 8 6 8 6 9 7 8 7 6
37 6 6 8 5 8 6 6 6 8 8
38 6 7 6 9 6 7 8 8 6 8
39 9 6 6 9 9 9 6 8 8 8
40 2 6 6 4 3 3 4 5 4 6
41 4 6 7 4 5 5 3 4 3 7
42 8 7 7 7 8 7 6 9 9 7
43 4 5 4 4 7 6 6 5 6 6
44 1 3 1 2 2 2 5 2 3 1
45 4 4 4 3 4 5 4 4 4 3
46 9 8 6 8 9 8 6 7 8 8
47 3 2 2 4 4 3 4 3 3 2
48 3 4 4 3 3 3 3 3 3 2
49 8 6 6 8 5 7 7 8 8 6
50 1 1 1 1 1 1 2 2 1 1
51 5 4 6 5 5 5 4 6 5 5
52 6 6 5 6 6 8 6 6 6 5
53 4 3 3 6 4 4 5 3 5 3
54 2 4 3 4 4 4 3 5 3 4
55 1 2 1 2 1 1 1 1 2 2
56 5 5 6 5 5 6 6 4 4 7
57 4 3 6 5 5 4 4 5 4 3
58 5 4 6 5 3 3 4 5 6 6
59 6 6 8 7 7 8 8 8 7 6
60 9 8 7 6 7 7 7 9 8 8
61 6 7 7 7 8 8 8 7 7 6
62 4 6 4 6 5 4 5 6 4 5
63 8 8 9 7 8 8 8 8 6 8
64 5 5 4 5 6 6 5 6 4 3
65 6 6 4 7 6 8 6 8 5 8
66 6 7 7 8 5 8 7 8 6 7
67 5 6 5 5 6 5 6 4 5 7
68 6 5 5 4 6 5 6 6 5 4
69 4 4 3 5 3 3 3 5 2 3
70 4 2 3 4 2 3 4 4 3 4
71 7 7 8 7 6 6 7 5 5 7
72 3 4 3 3 4 4 4 2 1 2
73 3 5 2 4 4 2 2 3 2 4
74 7 6 8 5 8 6 8 7 6 7
75 5 7 5 4 5 6 7 6 6 7
76 7 6 7 6 6 8 7 6 7 7
77 5 5 5 5 5 5 5 5 6 4
78 6 5 6 7 6 6 6 7 7 4
79 4 3 3 4 3 5 1 2 4 2
80 6 7 5 4 5 6 5 5 7 5
81 6 6 7 6 6 7 7 6 8 4
82 12 8 9 10 11 9 10 9 10 11
83 3 3 3 4 4 3 3 5 5 2
84 7 6 5 7 6 7 6 8 7 6
85 5 6 5 6 5 6 3 6 4 5
86 6 6 4 6 4 8 5 6 5 5
87 3 4 3 5 3 3 4 4 4 5
88 3 1 3 5 4 4 3 4 4 5
89 6 7 5 8 6 7 7 9 6 6
90 4 5 2 3 5 3 4 5 6 4
91 4 5 5 4 4 4 3 4 3 6
92 8 6 7 8 8 9 8 8 7 7
93 5 4 6 4 4 4 5 7 7 5
94 6 7 6 5 6 6 9 6 5 6
95 7 8 7 6 7 7 7 9 7 5
96 7 5 6 5 8 6 7 6 5 6
97 7 9 7 9 7 7 8 7 8 9
98 6 4 7 7 7 7 6 5 5 6
99 3 5 2 1 2 4 4 4 3 4
100 5 4 5 4 6 5 5 5 5 4

Probability_of_each_scenario_occuring:
0.1 0.1 0.1 0.1 0.1 0.1 0.1 0.1 0.1 0.1 

Travel_Costs:
0 1.66 1.8 2.7 2.74 0.84 2.61 2.87 2.51 2.82 2.65 0.5 2.6 1.6 1.43 0.55 1.31 2.46 3.03 1.93 0.31 2.15 2.56 1.62 2.36 0.24 1.1 2.88 0.49 2.43 3.07 0.31 1.78 2.06 0.5 1.7 1.54 1.33 1.81 1.43 1.92 2.85 2.67 1.76 2.2 1.88 2.13 1.76 2.24 2.13 2.27 0.24 1.9 0.21 1.81 1.42 1.04 2.13 0.47 2.05 1.52 1.35 2.56 2 2.63 2.87 1.71 3.16 2.41 1.75 2.85 1.82 1.74 2.78 2.09 2.77 1.71 1.87 2.09 2.34 2.75 2.57 1.02 2.91 2.32 1.16 1.44 2.35 1.64 1.36 1.75 2.67 1.53 2.4 2.36 1.14 0.37 1.55 2.41 2.45 2.41 
1.66 0 1.4 3.45 2.9 1.75 3.43 1.23 3.25 1.18 3.16 1.85 1.07 3.25 3.07 1.78 0.64 2.27 3.61 3.49 1.38 2.64 3.26 1.92 3.74 1.49 2.59 4.52 2.08 0.85 3.51 1.93 3.17 2.11 2.15 2.49 3.19 2.95 2.98 1.04 0.27 3.27 1.15 3.36 2.81 2.67 3.77 0.26 1.24 2.8 3.76 1.89 1.79 1.57 2.67 3.07 2.67 3.65 1.94 2.31 1.81 2.2 4.11 2.44 2.86 4.51 2.92 4.8 1.37 1.98 4.5 1.72 2.76 3.65 1.12 3.03 2.27 2.94 0.81 3.89 3.12 2.92 2.55 3.6 1.15 0.56 1.19 3.99 0.5 0.86 1.92 3.04 3.18 2.74 0.82 1.83 1.35 2.06 1.83 2.09 3.98 
1.8 1.4 0 4.34 4.06 1.21 2.25 2.28 4.14 2.15 1.85 2.25 1.49 3.04 3.04 2.25 1.79 3.52 2.3 3 1.72 1.37 2.01 2.95 4.14 1.81 2.88 4.43 2.27 1.5 4.57 1.9 3.57 3.27 2.12 1.44 2.99 2.99 2.1 2.21 1.49 1.93 1.53 2.95 1.58 1.57 3.49 1.2 0.67 3.71 3.11 1.97 2.98 1.6 3.47 2.95 2.74 3.89 2.26 0.99 0.69 2.96 4.28 3.44 1.48 4.39 2.09 4.67 2.76 3.05 4.26 0.37 1.81 2.47 2.5 4.15 1.13 3.61 2.2 3.33 1.77 1.58 2.17 2.33 0.88 1.52 2.34 3.74 0.91 0.62 0.65 4.11 3.09 3.81 1.37 1.03 1.45 3 0.62 3.39 4.12 
2.7 3.45 4.34 0 1.11 3.54 5.16 4.17 0.2 4.23 5.31 2.21 4.49 2.98 2.58 2.16 2.81 1.73 5.65 3.67 2.66 4.83 5.18 1.54 1.59 2.59 1.98 3.16 2.39 4.24 0.66 2.81 1.56 1.51 2.71 4.35 2.96 2.45 4.25 2.43 3.63 5.53 4.56 3.43 4.86 4.51 3.29 3.69 4.56 0.66 4.11 2.65 1.81 2.9 0.9 2.77 2.38 1.99 2.27 4.74 4.21 1.39 2.32 1.04 5.33 3.23 4.13 3.42 2.9 1.5 3.53 4.46 4.29 5.29 2.78 0.94 4.4 0.94 3.14 3.97 5.43 5.26 3.26 5.51 4.54 2.98 2.28 3.32 3.78 3.77 4.43 0.74 2.72 0.89 4.25 3.84 2.96 1.4 4.95 1.97 2.34 
2.74 2.9 4.06 1.11 0 3.54 5.34 3.35 1.05 3.44 5.37 2.32 3.85 3.55 3.16 2.23 2.32 0.74 5.76 4.19 2.58 4.85 5.3 1.15 2.54 2.56 2.44 4.06 2.61 3.6 0.72 2.95 2.31 0.81 2.94 4.43 3.52 3 4.51 1.89 3.03 5.56 3.92 3.96 4.92 4.62 3.97 3.16 4.12 0.91 4.63 2.79 1.12 2.9 1.28 3.32 2.84 2.85 2.43 4.67 4.1 1.49 3.26 0.77 5.28 4.12 4.4 4.34 2.01 1.04 4.36 4.26 4.47 5.5 1.99 0.19 4.4 1.6 2.39 4.55 5.44 5.25 3.56 5.65 4.04 2.56 1.74 4.06 3.33 3.45 4.31 0.38 3.32 0.41 3.63 3.82 2.88 1.2 4.62 0.99 3.24 
0.84 1.75 1.21 3.54 3.54 0 1.87 2.95 3.35 2.86 1.83 1.33 2.42 1.84 1.85 1.39 1.71 3.19 2.23 1.86 0.97 1.32 1.78 2.4 3.05 0.99 1.8 3.23 1.22 2.32 3.9 0.79 2.5 2.82 0.98 0.91 1.79 1.81 1.24 1.99 1.98 2.03 2.48 1.78 1.38 1.1 2.3 1.72 1.8 2.97 2.05 0.92 2.61 0.65 2.65 1.75 1.59 2.74 1.28 1.22 0.73 2.18 3.11 2.82 1.8 3.19 1.18 3.47 2.87 2.53 3.07 1.1 1.07 2.06 2.55 3.58 0.88 2.69 2.42 2.23 1.91 1.74 0.97 2.14 1.96 1.45 2.06 2.55 1.49 1.06 0.96 3.49 1.89 3.21 2.22 0.3 0.68 2.36 1.77 3.14 2.94 
2.61 3.43 2.25 5.16 5.34 1.87 0 4.49 4.99 4.37 0.63 3.04 3.72 2.54 2.82 3.13 3.54 5.04 0.6 2 2.81 0.89 0.3 4.22 4.24 2.81 3.21 3.68 2.8 3.73 5.61 2.41 3.81 4.66 2.46 0.98 2.51 2.89 0.94 3.85 3.61 0.81 3.76 2.14 0.67 0.78 2.68 3.32 2.87 4.67 1.75 2.57 4.47 2.46 4.3 2.63 2.84 3.8 2.95 1.28 1.64 3.9 3.98 4.59 1.14 3.59 1.06 3.8 4.69 4.35 3.28 1.89 0.88 0.23 4.38 5.36 1.17 4.24 4.19 2.07 0.88 0.93 1.92 0.38 3.1 3.27 3.92 2.88 3.03 2.59 1.6 5.24 2.75 4.99 3.61 1.66 2.54 4.15 2.37 5 3.81 
2.87 1.23 2.28 4.17 3.35 2.95 4.49 0 4 0.16 4.12 3 0.94 4.46 4.27 2.92 1.65 2.62 4.57 4.72 2.58 3.64 4.28 2.68 4.78 2.69 3.73 5.7 3.27 0.81 4.05 3.15 4.23 2.67 3.36 3.6 4.41 4.14 4.15 1.85 0.98 4.18 0.95 4.58 3.83 3.76 4.99 1.23 1.77 3.55 4.98 3.1 2.36 2.8 3.54 4.28 3.85 4.75 3.11 3.26 2.86 3.14 5.23 3.14 3.72 5.7 4.11 5.99 1.35 2.69 5.71 2.64 3.91 4.71 1.39 3.52 3.34 3.87 1.04 5.12 4.02 3.84 3.78 4.6 1.55 1.72 1.99 5.21 1.49 1.95 2.9 3.6 4.38 3.33 0.93 2.98 2.58 2.88 2.44 2.38 5.11 
2.51 3.25 4.14 0.2 1.05 3.35 4.99 4 0 4.05 5.13 2.02 4.3 2.85 2.45 1.97 2.62 1.6 5.47 3.53 2.46 4.65 5 1.35 1.54 2.4 1.82 3.1 2.2 4.05 0.73 2.62 1.45 1.35 2.53 4.17 2.83 2.31 4.08 2.24 3.44 5.34 4.37 3.29 4.67 4.33 3.18 3.5 4.37 0.46 3.98 2.47 1.64 2.71 0.71 2.63 2.22 1.92 2.08 4.55 4.01 1.19 2.28 0.86 5.14 3.18 3.96 3.38 2.74 1.32 3.46 4.26 4.11 5.11 2.62 0.89 4.21 0.79 2.97 3.85 5.24 5.07 3.09 5.33 4.34 2.78 2.09 3.23 3.59 3.57 4.24 0.68 2.59 0.77 4.06 3.65 2.77 1.2 4.75 1.84 2.29 
2.82 1.18 2.15 4.23 3.44 2.86 4.37 0.16 4.05 0 4 2.98 0.79 4.42 4.23 2.9 1.64 2.71 4.44 4.65 2.54 3.51 4.15 2.73 4.79 2.65 3.71 5.67 3.24 0.67 4.13 3.1 4.24 2.74 3.32 3.49 4.36 4.11 4.05 1.88 0.92 4.05 0.8 4.52 3.71 3.65 4.94 1.14 1.63 3.6 4.9 3.06 2.43 2.74 3.58 4.24 3.82 4.75 3.08 3.14 2.75 3.16 5.22 3.2 3.59 5.67 4.01 5.96 1.46 2.74 5.67 2.51 3.81 4.6 1.47 3.6 3.22 3.9 1.09 5.05 3.89 3.7 3.71 4.48 1.4 1.69 2.02 5.16 1.39 1.85 2.78 3.67 4.35 3.41 0.79 2.89 2.52 2.92 2.29 2.47 5.1 
2.65 3.16 1.85 5.31 5.37 1.83 0.63 4.12 5.13 4 0 3.13 3.3 2.93 3.15 3.19 3.38 4.99 0.46 2.47 2.8 0.55 0.34 4.23 4.55 2.82 3.43 4.17 2.93 3.34 5.71 2.51 4.07 4.64 2.62 0.97 2.89 3.2 1.32 3.73 3.31 0.25 3.33 2.58 0.46 0.81 3.14 3.01 2.42 4.77 2.29 2.67 4.41 2.48 4.43 2.98 3.1 4.14 3.05 0.87 1.38 3.99 4.37 4.64 0.54 4.08 1.42 4.31 4.48 4.35 3.8 1.49 1.12 0.8 4.19 5.41 0.98 4.42 3.95 2.61 0.26 0.34 2.18 0.51 2.66 3.1 3.82 3.36 2.71 2.31 1.26 5.31 3.11 5.04 3.22 1.56 2.5 4.18 1.85 4.91 4.2 
0.5 1.85 2.25 2.21 2.32 1.33 3.04 3 2.02 2.98 3.13 0 2.88 1.59 1.31 0.12 1.36 2.13 3.49 2.07 0.55 2.63 3.02 1.24 1.95 0.45 0.75 2.71 0.35 2.68 2.59 0.64 1.37 1.7 0.65 2.17 1.53 1.16 2.2 1.32 2.11 3.34 2.95 1.86 2.67 2.34 2.11 2.01 2.63 1.65 2.46 0.48 1.6 0.7 1.32 1.37 0.88 1.8 0.14 2.54 2.01 0.87 2.26 1.55 3.12 2.71 2.09 3 2.31 1.37 2.76 2.3 2.17 3.2 2.01 2.32 2.2 1.38 2.1 2.47 3.23 3.06 1.28 3.37 2.68 1.3 1.28 2.3 1.95 1.76 2.24 2.21 1.44 1.95 2.63 1.63 0.81 1.12 2.87 2.16 2.13 
2.6 1.07 1.49 4.49 3.85 2.42 3.72 0.94 4.3 0.79 3.3 2.88 0 4.14 4.02 2.82 1.7 3.16 3.73 4.27 2.36 2.84 3.48 2.95 4.8 2.48 3.61 5.47 3.06 0.26 4.5 2.84 4.22 3.09 3.07 2.9 4.08 3.92 3.52 2.06 0.86 3.33 0.08 4.17 3.06 3.05 4.65 0.87 0.88 3.84 4.46 2.83 2.76 2.47 3.73 3.99 3.64 4.67 2.95 2.46 2.14 3.27 5.13 3.46 2.86 5.45 3.5 5.74 2 3 5.4 1.84 3.25 3.95 1.9 3.99 2.61 4 1.49 4.64 3.17 2.99 3.35 3.79 0.65 1.61 2.22 4.88 0.97 1.36 2.13 4.03 4.11 3.74 0.26 2.37 2.25 3.11 1.53 2.94 4.98 
1.6 3.25 3.04 2.98 3.55 1.84 2.54 4.46 2.85 4.42 2.93 1.59 4.14 0 0.4 1.7 2.88 3.58 3.12 0.7 1.89 2.63 2.67 2.69 1.74 1.79 1.13 1.4 1.25 3.99 3.56 1.32 1.44 3.13 1.1 2.1 0.06 0.55 1.62 2.9 3.51 3.17 4.21 0.47 2.53 2.17 0.54 3.33 3.63 2.69 1.14 1.37 3.11 1.69 2.29 0.24 0.75 1.28 1.45 2.77 2.48 2.11 1.45 2.81 3.19 1.35 1.51 1.64 3.89 2.81 1.27 2.89 1.82 2.59 3.59 3.49 2.34 2.06 3.65 1.01 3.13 3.03 0.89 2.92 3.76 2.75 2.86 0.75 3.17 2.81 2.68 3.32 0.26 3.15 3.91 2.04 1.91 2.5 3.58 3.66 1.28 
1.43 3.07 3.04 2.58 3.16 1.85 2.82 4.27 2.45 4.23 3.15 1.31 4.02 0.4 0 1.41 2.65 3.21 3.38 1.09 1.7 2.81 2.92 2.34 1.42 1.59 0.75 1.46 1.01 3.85 3.16 1.19 1.06 2.76 0.96 2.27 0.38 0.17 1.88 2.62 3.34 3.39 4.09 0.85 2.74 2.37 0.84 3.18 3.58 2.29 1.53 1.19 2.76 1.56 1.9 0.2 0.43 1 1.18 2.9 2.54 1.74 1.28 2.43 3.36 1.44 1.77 1.74 3.6 2.45 1.46 2.94 2.04 2.89 3.31 3.1 2.47 1.67 3.4 1.41 3.34 3.22 1 3.19 3.69 2.55 2.57 1 3.05 2.73 2.75 2.93 0.16 2.76 3.78 2.09 1.78 2.13 3.61 3.3 1.11 
0.55 1.78 2.25 2.16 2.23 1.39 3.13 2.92 1.97 2.9 3.19 0.12 2.82 1.7 1.41 0 1.27 2.02 3.56 2.18 0.54 2.69 3.1 1.14 1.99 0.45 0.82 2.8 0.47 2.62 2.52 0.73 1.41 1.59 0.76 2.24 1.64 1.27 2.29 1.21 2.04 3.4 2.9 1.98 2.74 2.42 2.22 1.95 2.61 1.59 2.58 0.57 1.48 0.74 1.27 1.48 0.98 1.87 0.26 2.59 2.05 0.8 2.33 1.47 3.18 2.81 2.18 3.09 2.2 1.27 2.87 2.32 2.25 3.28 1.9 2.24 2.26 1.36 2 2.58 3.29 3.12 1.39 3.44 2.65 1.23 1.17 2.4 1.91 1.74 2.28 2.13 1.55 1.87 2.57 1.68 0.82 1.03 2.87 2.04 2.2 
1.31 0.64 1.79 2.81 2.32 1.71 3.54 1.65 2.62 1.64 3.38 1.36 1.7 2.88 2.65 1.27 0 1.74 3.82 3.24 1.01 2.84 3.41 1.29 3.17 1.1 2.08 4.07 1.65 1.46 2.9 1.62 2.6 1.52 1.8 2.57 2.83 2.52 2.94 0.43 0.85 3.52 1.77 3.07 2.97 2.76 3.41 0.88 1.81 2.16 3.56 1.53 1.21 1.31 2.04 2.68 2.23 3.11 1.48 2.57 2.01 1.58 3.59 1.81 3.16 4.07 2.86 4.36 1.16 1.36 4.11 2.05 2.77 3.75 0.85 2.43 2.42 2.32 0.78 3.64 3.38 3.18 2.32 3.77 1.75 0.29 0.58 3.62 1.02 1.18 2.18 2.43 2.78 2.13 1.45 1.89 1.12 1.43 2.32 1.6 3.46 
2.46 2.27 3.52 1.73 0.74 3.19 5.04 2.62 1.6 2.71 4.99 2.13 3.16 3.58 3.21 2.02 1.74 0 5.4 4.16 2.24 4.45 4.96 0.9 2.91 2.25 2.47 4.31 2.46 2.91 1.46 2.72 2.55 0.45 2.77 4.09 3.53 3.05 4.27 1.32 2.36 5.16 3.22 3.93 4.55 4.28 4.05 2.53 3.5 1.27 4.57 2.57 0.58 2.59 1.52 3.34 2.83 3.12 2.26 4.23 3.66 1.48 3.58 0.9 4.83 4.36 4.17 4.61 1.27 0.77 4.55 3.76 4.19 5.22 1.27 0.92 4.02 1.9 1.68 4.54 5.03 4.83 3.4 5.32 3.4 2 1.19 4.18 2.73 2.91 3.85 1.04 3.37 0.84 2.95 3.44 2.51 1.08 4.05 0.26 3.53 
3.03 3.61 2.3 5.65 5.76 2.23 0.6 4.57 5.47 4.44 0.46 3.49 3.73 3.12 3.38 3.56 3.82 5.4 0 2.59 3.2 0.99 0.48 4.62 4.8 3.21 3.73 4.28 3.27 3.78 6.08 2.86 4.35 5.04 2.95 1.33 3.09 3.45 1.51 4.16 3.76 0.44 3.76 2.73 0.86 1.15 3.27 3.46 2.86 5.13 2.34 3.02 4.83 2.86 4.78 3.2 3.38 4.37 3.41 1.32 1.82 4.35 4.56 5.02 0.91 4.18 1.62 4.39 4.93 4.75 3.87 1.94 1.38 0.65 4.63 5.79 1.4 4.74 4.4 2.66 0.58 0.75 2.46 0.24 3.09 3.53 4.25 3.47 3.16 2.76 1.71 5.69 3.32 5.42 3.66 1.97 2.9 4.57 2.27 5.34 4.39 
1.93 3.49 3 3.67 4.19 1.86 2 4.72 3.53 4.65 2.47 2.07 4.27 0.7 1.09 2.18 3.24 4.16 2.59 0 2.24 2.28 2.18 3.26 2.41 2.15 1.77 1.7 1.72 4.16 4.24 1.62 2.13 3.71 1.47 1.79 0.71 1.23 1.17 3.33 3.75 2.71 4.33 0.24 2.14 1.81 0.68 3.53 3.64 3.35 0.45 1.73 3.65 1.95 2.95 0.9 1.36 1.94 1.93 2.51 2.35 2.72 2.02 3.44 2.82 1.62 1.09 1.85 4.32 3.39 1.36 2.78 1.44 2.01 4.01 4.14 2.09 2.74 4.01 0.41 2.7 2.64 0.95 2.37 3.81 3.05 3.32 0.9 3.32 2.91 2.52 3.98 0.96 3.79 4.06 1.97 2.16 3.09 3.47 4.21 1.86 
0.31 1.38 1.72 2.66 2.58 0.97 2.81 2.58 2.46 2.54 2.8 0.55 2.36 1.89 1.7 0.54 1.01 2.24 3.2 2.24 0 2.28 2.74 1.43 2.49 0.12 1.26 3.15 0.71 2.18 2.96 0.62 1.91 1.85 0.8 1.87 1.84 1.58 2.07 1.13 1.64 2.99 2.44 2.07 2.35 2.06 2.42 1.5 2.09 2.05 2.57 0.53 1.66 0.36 1.77 1.71 1.29 2.32 0.6 2.12 1.57 1.27 2.77 1.86 2.72 3.13 1.97 3.43 2.11 1.56 3.14 1.81 1.97 2.99 1.79 2.62 1.83 1.89 1.78 2.65 2.87 2.68 1.33 3.1 2.14 0.86 1.16 2.64 1.42 1.21 1.79 2.54 1.81 2.26 2.12 1.25 0.32 1.4 2.34 2.2 2.63 
2.15 2.64 1.37 4.83 4.85 1.32 0.89 3.64 4.65 3.51 0.55 2.63 2.84 2.63 2.81 2.69 2.84 4.45 0.99 2.28 2.28 0 0.65 3.7 4.17 2.3 3 3.95 2.47 2.86 5.21 2.04 3.66 4.11 2.17 0.55 2.59 2.83 1.13 3.19 2.79 0.72 2.88 2.34 0.23 0.48 2.93 2.5 1.99 4.28 2.2 2.19 3.88 1.97 3.94 2.65 2.69 3.79 2.57 0.4 0.84 3.49 4.06 4.13 0.56 3.88 1.2 4.13 3.94 3.82 3.64 1.01 0.85 1.11 3.65 4.89 0.45 3.96 3.42 2.5 0.6 0.44 1.81 0.98 2.22 2.55 3.28 3.16 2.2 1.78 0.74 4.8 2.79 4.52 2.74 1.04 1.97 3.67 1.49 4.37 3.89 
2.56 3.26 2.01 5.18 5.3 1.78 0.3 4.28 5 4.15 0.34 3.02 3.48 2.67 2.92 3.1 3.41 4.96 0.48 2.18 2.74 0.65 0 4.17 4.33 2.75 3.26 3.87 2.8 3.5 5.6 2.39 3.88 4.59 2.47 0.88 2.64 2.98 1.05 3.74 3.42 0.55 3.52 2.3 0.45 0.69 2.86 3.13 2.62 4.66 1.98 2.55 4.39 2.4 4.31 2.74 2.9 3.91 2.93 1.03 1.45 3.88 4.12 4.56 0.85 3.79 1.17 4.01 4.54 4.29 3.5 1.65 0.91 0.5 4.24 5.33 1 4.27 4.03 2.29 0.6 0.64 1.98 0.37 2.85 3.13 3.82 3.07 2.83 2.4 1.38 5.22 2.87 4.96 3.38 1.54 2.45 4.11 2.1 4.9 3.95 
1.62 1.92 2.95 1.54 1.15 2.4 4.22 2.68 1.35 2.73 4.23 1.24 2.95 2.69 2.34 1.14 1.29 0.9 4.62 3.26 1.43 3.7 4.17 0 2.25 1.42 1.6 3.52 1.57 2.71 1.63 1.86 1.79 0.46 1.89 3.3 2.65 2.17 3.42 0.9 2.1 4.41 3.03 3.04 3.78 3.48 3.17 2.17 3.08 0.89 3.67 1.7 0.46 1.77 0.89 2.46 1.94 2.37 1.37 3.52 2.96 0.63 2.84 0.52 4.13 3.55 3.31 3.82 1.53 0.14 3.71 3.12 3.36 4.39 1.33 1.21 3.26 1.25 1.65 3.65 4.29 4.1 2.52 4.52 3.03 1.48 0.74 3.31 2.29 2.34 3.17 1.17 2.49 0.87 2.71 2.67 1.74 0.24 3.52 0.97 2.77 
2.36 3.74 4.14 1.59 2.54 3.05 4.24 4.78 1.54 4.79 4.55 1.95 4.8 1.74 1.42 1.99 3.17 2.91 4.8 2.41 2.49 4.17 4.33 2.25 0 2.39 1.27 1.58 1.88 4.58 2.24 2.27 0.59 2.52 2.07 3.63 1.75 1.36 3.3 2.94 3.99 4.79 4.87 2.2 4.12 3.75 1.88 3.93 4.57 1.67 2.84 2.18 2.69 2.55 1.41 1.61 1.48 0.49 1.91 4.21 3.77 1.67 0.74 2.02 4.72 1.66 3.18 1.84 3.77 2.31 1.98 4.13 3.44 4.31 3.54 2.41 3.79 1.03 3.78 2.63 4.73 4.59 2.37 4.61 4.63 3.19 2.82 1.85 3.9 3.7 4 2.2 1.5 2.18 4.55 3.33 2.72 2.01 4.75 3.1 0.77 
0.24 1.49 1.81 2.59 2.56 0.99 2.81 2.69 2.4 2.65 2.82 0.45 2.48 1.79 1.59 0.45 1.1 2.25 3.21 2.15 0.12 2.3 2.75 1.42 2.39 0 1.15 3.03 0.6 2.29 2.92 0.54 1.8 1.86 0.7 1.88 1.73 1.47 2.03 1.2 1.76 3.01 2.55 1.98 2.37 2.07 2.32 1.62 2.19 2 2.5 0.44 1.68 0.35 1.7 1.6 1.18 2.21 0.49 2.17 1.62 1.21 2.66 1.83 2.76 3.02 1.94 3.32 2.18 1.55 3.03 1.88 1.95 2.98 1.86 2.59 1.86 1.81 1.87 2.56 2.9 2.72 1.26 3.1 2.25 0.97 1.21 2.53 1.53 1.32 1.84 2.5 1.7 2.23 2.23 1.28 0.38 1.37 2.43 2.23 2.51 
1.1 2.59 2.88 1.98 2.44 1.8 3.21 3.73 1.82 3.71 3.43 0.75 3.61 1.13 0.75 0.82 2.08 2.47 3.73 1.77 1.26 3 3.26 1.6 1.27 1.15 0 2.01 0.61 3.42 2.5 1.02 0.7 2.02 0.84 2.47 1.09 0.59 2.29 1.97 2.85 3.66 3.69 1.53 2.98 2.62 1.58 2.75 3.32 1.59 2.21 0.91 2.03 1.29 1.2 0.89 0.42 1.06 0.67 2.99 2.52 1 1.52 1.69 3.53 2.03 2.17 2.31 2.93 1.71 2.14 2.87 2.36 3.33 2.65 2.38 2.59 1.04 2.79 2.12 3.58 3.43 1.29 3.57 3.39 2.04 1.9 1.72 2.68 2.45 2.75 2.22 0.9 2.03 3.37 2.09 1.46 1.39 3.49 2.57 1.39 
2.88 4.52 4.43 3.16 4.06 3.23 3.68 5.7 3.1 5.67 4.17 2.71 5.47 1.4 1.46 2.8 4.07 4.31 4.28 1.7 3.15 3.95 3.87 3.52 1.58 3.03 2.01 0 2.44 5.31 3.81 2.64 1.77 3.88 2.41 3.43 1.45 1.57 2.86 3.98 4.78 4.4 5.55 1.61 3.82 3.48 1.03 4.63 5.01 3.16 1.96 2.65 3.97 3.01 2.82 1.5 1.86 1.21 2.6 4.13 3.87 2.89 0.85 3.43 4.5 0.12 2.77 0.3 4.93 3.61 0.52 4.29 3.11 3.67 4.65 3.94 3.7 2.46 4.8 1.66 4.4 4.32 2.28 4.05 5.13 3.99 3.91 0.81 4.51 4.18 4.07 3.74 1.37 3.67 5.24 3.44 3.23 3.29 4.98 4.46 0.82 
0.49 2.08 2.27 2.39 2.61 1.22 2.8 3.27 2.2 3.24 2.93 0.35 3.06 1.25 1.01 0.47 1.65 2.46 3.27 1.72 0.71 2.47 2.8 1.57 1.88 0.6 0.61 2.44 0 2.88 2.82 0.44 1.3 2.02 0.34 1.97 1.2 0.88 1.91 1.65 2.35 3.15 3.14 1.52 2.48 2.13 1.78 2.21 2.73 1.88 2.12 0.31 1.94 0.68 1.51 1.04 0.59 1.65 0.21 2.42 1.93 1.12 2.08 1.84 2.99 2.43 1.8 2.73 2.65 1.7 2.46 2.27 1.92 2.94 2.34 2.6 2.05 1.49 2.41 2.12 3.06 2.9 0.96 3.13 2.81 1.55 1.62 1.98 2.11 1.85 2.17 2.47 1.13 2.23 2.82 1.51 0.86 1.43 2.88 2.5 1.93 
2.43 0.85 1.5 4.24 3.6 2.32 3.73 0.81 4.05 0.67 3.34 2.68 0.26 3.99 3.85 2.62 1.46 2.91 3.78 4.16 2.18 2.86 3.5 2.71 4.58 2.29 3.42 5.31 2.88 0 4.25 2.68 4.01 2.83 2.91 2.87 3.93 3.75 3.47 1.82 0.62 3.39 0.33 4.04 3.07 3.03 4.51 0.68 0.97 3.6 4.37 2.66 2.51 2.31 3.5 3.83 3.46 4.48 2.76 2.48 2.12 3.03 4.94 3.22 2.92 5.29 3.44 5.58 1.76 2.75 5.25 1.86 3.21 3.96 1.65 3.74 2.59 3.77 1.24 4.54 3.23 3.04 3.23 3.82 0.75 1.4 1.97 4.74 0.84 1.27 2.14 3.78 3.95 3.49 0.13 2.3 2.09 2.87 1.64 2.69 4.8 
3.07 3.51 4.57 0.66 0.72 3.9 5.61 4.05 0.73 4.13 5.71 2.59 4.5 3.56 3.16 2.52 2.9 1.46 6.08 4.24 2.96 5.21 5.6 1.63 2.24 2.92 2.5 3.81 2.82 4.25 0 3.22 2.18 1.42 3.16 4.75 3.54 3.02 4.73 2.48 3.66 5.92 4.57 4 5.26 4.93 3.9 3.77 4.7 0.95 4.68 3.06 1.75 3.25 1.32 3.34 2.91 2.63 2.68 5.08 4.52 1.73 2.97 1.13 5.68 3.88 4.61 4.07 2.72 1.55 4.18 4.73 4.74 5.75 2.67 0.55 4.77 1.5 3.07 4.56 5.81 5.63 3.74 5.95 4.64 3.11 2.32 3.95 3.91 3.96 4.74 0.48 3.3 0.77 4.27 4.19 3.27 1.58 5.15 1.71 2.99 
0.31 1.93 1.9 2.81 2.95 0.79 2.41 3.15 2.62 3.1 2.51 0.64 2.84 1.32 1.19 0.73 1.62 2.72 2.86 1.62 0.62 2.04 2.39 1.86 2.27 0.54 1.02 2.64 0.44 2.68 3.22 0 1.71 2.3 0.24 1.55 1.26 1.11 1.57 1.73 2.2 2.73 2.91 1.45 2.06 1.72 1.84 2.01 2.4 2.28 1.96 0.17 2.17 0.37 1.92 1.16 0.86 1.99 0.55 1.99 1.51 1.5 2.39 2.19 2.55 2.62 1.46 2.91 2.72 1.99 2.58 1.86 1.53 2.56 2.4 2.96 1.62 1.92 2.39 2.03 2.63 2.47 0.72 2.73 2.51 1.45 1.74 2.07 1.87 1.54 1.74 2.84 1.28 2.59 2.6 1.09 0.6 1.75 2.5 2.72 2.23 
1.78 3.17 3.57 1.56 2.31 2.5 3.81 4.23 1.45 4.24 4.07 1.37 4.22 1.44 1.06 1.41 2.6 2.55 4.35 2.13 1.91 3.66 3.88 1.79 0.59 1.8 0.7 1.77 1.3 4.01 2.18 1.71 0 2.13 1.52 3.13 1.43 0.94 2.87 2.4 3.42 4.31 4.29 1.9 3.64 3.27 1.73 3.35 3.99 1.41 2.58 1.61 2.24 1.97 1.06 1.25 0.98 0.58 1.33 3.67 3.22 1.17 1.06 1.67 4.21 1.82 2.75 2.07 3.28 1.87 2.06 3.56 2.98 3.9 3.03 2.21 3.27 0.71 3.24 2.42 4.24 4.09 1.9 4.18 4.04 2.61 2.3 1.78 3.31 3.11 3.45 2.02 1.18 1.92 3.97 2.78 2.13 1.55 4.18 2.7 0.99 
2.06 2.11 3.27 1.51 0.81 2.82 4.66 2.67 1.35 2.74 4.64 1.7 3.09 3.13 2.76 1.59 1.52 0.45 5.04 3.71 1.85 4.11 4.59 0.46 2.52 1.86 2.02 3.88 2.02 2.83 1.42 2.3 2.13 0 2.34 3.72 3.09 2.6 3.86 1.09 2.25 4.82 3.16 3.49 4.19 3.91 3.6 2.37 3.32 0.95 4.13 2.15 0.33 2.2 1.12 2.89 2.38 2.71 1.82 3.91 3.34 1.03 3.17 0.53 4.51 3.93 3.76 4.18 1.39 0.33 4.11 3.47 3.8 4.83 1.29 0.92 3.67 1.5 1.66 4.1 4.69 4.5 2.97 4.95 3.25 1.76 0.94 3.73 2.53 2.65 3.54 0.95 2.92 0.67 2.86 3.08 2.15 0.64 3.82 0.58 3.11 
0.5 2.15 2.12 2.71 2.94 0.98 2.46 3.36 2.53 3.32 2.62 0.65 3.07 1.1 0.96 0.76 1.8 2.77 2.95 1.47 0.8 2.17 2.47 1.89 2.07 0.7 0.84 2.41 0.34 2.91 3.16 0.24 1.52 2.34 0 1.66 1.05 0.88 1.58 1.87 2.41 2.84 3.14 1.28 2.17 1.82 1.63 2.24 2.64 2.22 1.84 0.27 2.24 0.6 1.84 0.93 0.63 1.77 0.52 2.16 1.7 1.46 2.16 2.17 2.7 2.39 1.46 2.68 2.86 2.02 2.36 2.07 1.59 2.6 2.55 2.93 1.76 1.8 2.57 1.87 2.76 2.6 0.64 2.8 2.74 1.65 1.86 1.85 2.1 1.78 1.93 2.8 1.05 2.56 2.83 1.27 0.83 1.76 2.72 2.8 2 
1.7 2.49 1.44 4.35 4.43 0.91 0.98 3.6 4.17 3.49 0.97 2.17 2.9 2.1 2.27 2.24 2.57 4.09 1.33 1.79 1.87 0.55 0.88 3.3 3.63 1.88 2.47 3.43 1.97 2.87 4.75 1.55 3.13 3.72 1.66 0 2.05 2.29 0.7 2.88 2.68 1.19 2.95 1.83 0.52 0.2 2.41 2.4 2.1 3.81 1.78 1.71 3.52 1.53 3.47 2.11 2.16 3.25 2.09 0.72 0.76 3.03 3.52 3.69 1.1 3.36 0.73 3.62 3.72 3.42 3.14 1.12 0.4 1.18 3.41 4.46 0.33 3.45 3.23 2.05 1.11 0.97 1.27 1.23 2.32 2.3 2.95 2.65 2.11 1.66 0.82 4.36 2.25 4.09 2.76 0.69 1.58 3.24 1.76 4.04 3.35 
1.54 3.19 2.99 2.96 3.52 1.79 2.51 4.41 2.83 4.36 2.89 1.53 4.08 0.06 0.38 1.64 2.83 3.53 3.09 0.71 1.84 2.59 2.64 2.65 1.75 1.73 1.09 1.45 1.2 3.93 3.54 1.26 1.43 3.09 1.05 2.05 0 0.53 1.59 2.85 3.45 3.13 4.15 0.48 2.5 2.13 0.59 3.27 3.57 2.66 1.16 1.31 3.06 1.63 2.26 0.2 0.71 1.3 1.4 2.73 2.43 2.08 1.49 2.77 3.15 1.41 1.48 1.69 3.84 2.77 1.32 2.84 1.79 2.57 3.53 3.46 2.29 2.04 3.59 1.04 3.1 2.99 0.84 2.89 3.7 2.69 2.81 0.81 3.11 2.75 2.63 3.29 0.26 3.12 3.85 1.99 1.85 2.46 3.53 3.61 1.31 
1.33 2.95 2.99 2.45 3 1.81 2.89 4.14 2.31 4.11 3.2 1.16 3.92 0.55 0.17 1.27 2.52 3.05 3.45 1.23 1.58 2.83 2.98 2.17 1.36 1.47 0.59 1.57 0.88 3.75 3.02 1.11 0.94 2.6 0.88 2.29 0.53 0 1.95 2.47 3.22 3.43 3.99 0.99 2.77 2.4 1 3.07 3.51 2.14 1.68 1.09 2.6 1.47 1.74 0.33 0.3 0.97 1.04 2.9 2.51 1.58 1.3 2.26 3.38 1.56 1.83 1.85 3.45 2.29 1.61 2.9 2.09 2.97 3.16 2.94 2.47 1.52 3.26 1.56 3.38 3.25 1.02 3.26 3.62 2.42 2.41 1.16 2.96 2.65 2.73 2.77 0.32 2.6 3.68 2.06 1.68 1.97 3.57 3.14 1.14 
1.81 2.98 2.1 4.25 4.51 1.24 0.94 4.15 4.08 4.05 1.32 2.2 3.52 1.62 1.88 2.29 2.94 4.27 1.51 1.17 2.07 1.13 1.05 3.42 3.3 2.03 2.29 2.86 1.91 3.47 4.73 1.57 2.87 3.86 1.58 0.7 1.59 1.95 0 3.17 3.2 1.56 3.57 1.26 0.98 0.66 1.83 2.93 2.76 3.79 1.09 1.73 3.71 1.71 3.41 1.7 1.91 2.87 2.08 1.4 1.41 3.03 3.07 3.74 1.65 2.78 0.13 3.02 4.09 3.55 2.52 1.8 0.31 1.04 3.77 4.5 1.02 3.32 3.66 1.37 1.54 1.47 1 1.32 2.97 2.68 3.22 2.06 2.66 2.21 1.51 4.38 1.82 4.13 3.35 1.17 1.84 3.31 2.45 4.26 2.9 
1.43 1.04 2.21 2.43 1.89 1.99 3.85 1.85 2.24 1.88 3.73 1.32 2.06 2.9 2.62 1.21 0.43 1.32 4.16 3.33 1.13 3.19 3.74 0.9 2.94 1.2 1.97 3.98 1.65 1.82 2.48 1.73 2.4 1.09 1.87 2.88 2.85 2.47 3.17 0 1.21 3.89 2.14 3.14 3.31 3.07 3.42 1.29 2.24 1.78 3.69 1.61 0.78 1.48 1.71 2.68 2.19 2.95 1.45 2.94 2.38 1.29 3.43 1.41 3.54 3.99 3.09 4.28 1 0.95 4.07 2.45 3.04 4.04 0.69 2 2.76 2.02 0.85 3.74 3.75 3.55 2.45 4.1 2.17 0.69 0.16 3.61 1.45 1.6 2.56 2.01 2.76 1.71 1.82 2.2 1.34 1.07 2.75 1.2 3.32 
1.92 0.27 1.49 3.63 3.03 1.98 3.61 0.98 3.44 0.92 3.31 2.11 0.86 3.51 3.34 2.04 0.85 2.36 3.76 3.75 1.64 2.79 3.42 2.1 3.99 1.76 2.85 4.78 2.35 0.62 3.66 2.2 3.42 2.25 2.41 2.68 3.45 3.22 3.2 1.21 0 3.4 0.94 3.61 2.97 2.86 4.03 0.3 1.21 2.98 4 2.16 1.92 1.83 2.88 3.34 2.93 3.9 2.21 2.44 1.97 2.42 4.37 2.61 2.97 4.77 3.15 5.07 1.33 2.15 4.76 1.83 2.97 3.83 1.14 3.16 2.44 3.16 0.77 4.14 3.24 3.05 2.81 3.76 1.07 0.81 1.36 4.26 0.6 1.03 2.06 3.19 3.44 2.9 0.62 2.04 1.61 2.26 1.84 2.16 4.24 
2.85 3.27 1.93 5.53 5.56 2.03 0.81 4.18 5.34 4.05 0.25 3.34 3.33 3.17 3.39 3.4 3.52 5.16 0.44 2.71 2.99 0.72 0.55 4.41 4.79 3.01 3.66 4.4 3.15 3.39 5.92 2.73 4.31 4.82 2.84 1.19 3.13 3.43 1.56 3.89 3.4 0 3.36 2.82 0.68 1.04 3.38 3.11 2.45 4.98 2.52 2.88 4.58 2.67 4.64 3.22 3.33 4.38 3.26 0.97 1.52 4.19 4.61 4.84 0.48 4.32 1.66 4.55 4.61 4.54 4.04 1.57 1.36 0.96 4.32 5.6 1.16 4.64 4.07 2.83 0.16 0.36 2.42 0.59 2.69 3.24 3.98 3.6 2.81 2.42 1.37 5.51 3.35 5.23 3.27 1.75 2.68 4.38 1.84 5.08 4.44 
2.67 1.15 1.53 4.56 3.92 2.48 3.76 0.95 4.37 0.8 3.33 2.95 0.08 4.21 4.09 2.9 1.77 3.22 3.76 4.33 2.44 2.88 3.52 3.03 4.87 2.55 3.69 5.55 3.14 0.33 4.57 2.91 4.29 3.16 3.14 2.95 4.15 3.99 3.57 2.14 0.94 3.36 0 4.24 3.1 3.09 4.72 0.95 0.91 3.91 4.52 2.91 2.83 2.54 3.81 4.06 3.71 4.75 3.03 2.49 2.19 3.34 5.2 3.54 2.88 5.52 3.56 5.82 2.06 3.07 5.47 1.88 3.3 3.99 1.96 4.06 2.65 4.08 1.55 4.71 3.2 3.02 3.42 3.82 0.67 1.69 2.29 4.95 1.05 1.43 2.17 4.1 4.18 3.81 0.33 2.43 2.32 3.19 1.54 3 5.06 
1.76 3.36 2.95 3.43 3.96 1.78 2.14 4.58 3.29 4.52 2.58 1.86 4.17 0.47 0.85 1.98 3.07 3.93 2.73 0.24 2.07 2.34 2.3 3.04 2.2 1.98 1.53 1.61 1.52 4.04 4 1.45 1.9 3.49 1.28 1.83 0.48 0.99 1.26 3.14 3.61 2.82 4.24 0 2.22 1.87 0.59 3.4 3.58 3.11 0.69 1.54 3.44 1.8 2.72 0.66 1.13 1.73 1.72 2.54 2.33 2.49 1.85 3.2 2.89 1.54 1.17 1.79 4.14 3.17 1.33 2.75 1.51 2.17 3.82 3.91 2.11 2.51 3.84 0.62 2.8 2.72 0.82 2.52 3.73 2.9 3.12 0.83 3.21 2.81 2.51 3.74 0.72 3.56 3.96 1.92 2.01 2.86 3.45 3.99 1.68 
2.2 2.81 1.58 4.86 4.92 1.38 0.67 3.83 4.67 3.71 0.46 2.67 3.06 2.53 2.74 2.74 2.97 4.55 0.86 2.14 2.35 0.23 0.45 3.78 4.12 2.37 2.98 3.82 2.48 3.07 5.26 2.06 3.64 4.19 2.17 0.52 2.5 2.77 0.98 3.31 2.97 0.68 3.1 2.22 0 0.37 2.8 2.68 2.2 4.32 2.03 2.21 3.98 2.02 3.98 2.57 2.66 3.73 2.6 0.62 1 3.53 3.98 4.19 0.68 3.75 1.06 3.99 4.1 3.9 3.49 1.22 0.72 0.9 3.8 4.95 0.56 3.96 3.58 2.33 0.61 0.5 1.76 0.8 2.43 2.69 3.4 3.03 2.38 1.95 0.94 4.86 2.71 4.59 2.95 1.12 2.05 3.73 1.72 4.49 3.8 
1.88 2.67 1.57 4.51 4.62 1.1 0.78 3.76 4.33 3.65 0.81 2.34 3.05 2.17 2.37 2.42 2.76 4.28 1.15 1.81 2.06 0.48 0.69 3.48 3.75 2.07 2.62 3.48 2.13 3.03 4.93 1.72 3.27 3.91 1.82 0.2 2.13 2.4 0.66 3.07 2.86 1.04 3.09 1.87 0.37 0 2.45 2.57 2.23 3.99 1.75 1.88 3.71 1.72 3.64 2.2 2.29 3.36 2.26 0.75 0.91 3.21 3.61 3.87 1.02 3.4 0.73 3.65 3.91 3.61 3.16 1.24 0.38 0.99 3.6 4.64 0.45 3.61 3.42 2.03 0.98 0.86 1.39 1.04 2.45 2.49 3.15 2.69 2.28 1.84 0.94 4.54 2.34 4.27 2.91 0.88 1.78 3.42 1.84 4.23 3.44 
2.13 3.77 3.49 3.29 3.97 2.3 2.68 4.99 3.18 4.94 3.14 2.11 4.65 0.54 0.84 2.22 3.41 4.05 3.27 0.68 2.42 2.93 2.86 3.17 1.88 2.32 1.58 1.03 1.78 4.51 3.9 1.84 1.73 3.6 1.63 2.41 0.59 1 1.83 3.42 4.03 3.38 4.72 0.59 2.8 2.45 0 3.85 4.1 3.08 1.02 1.9 3.6 2.21 2.69 0.74 1.25 1.4 1.97 3.12 2.89 2.58 1.39 3.24 3.47 0.96 1.74 1.21 4.41 3.29 0.77 3.31 2.09 2.68 4.11 3.89 2.69 2.41 4.18 0.77 3.37 3.29 1.33 3.05 4.25 3.28 3.38 0.25 3.68 3.31 3.08 3.71 0.69 3.56 4.42 2.47 2.43 2.97 4.01 4.14 1.24 
1.76 0.26 1.2 3.69 3.16 1.72 3.32 1.23 3.5 1.14 3.01 2.01 0.87 3.33 3.18 1.95 0.88 2.53 3.46 3.53 1.5 2.5 3.13 2.17 3.93 1.62 2.75 4.63 2.21 0.68 3.77 2.01 3.35 2.37 2.24 2.4 3.27 3.07 2.93 1.29 0.3 3.11 0.95 3.4 2.68 2.57 3.85 0 0.99 3.04 3.76 1.99 2.05 1.65 2.9 3.17 2.79 3.81 2.09 2.15 1.68 2.42 4.26 2.68 2.68 4.62 2.88 4.91 1.59 2.23 4.59 1.54 2.69 3.54 1.36 3.28 2.16 3.15 1.02 3.92 2.95 2.75 2.59 3.47 0.89 0.75 1.45 4.08 0.31 0.74 1.76 3.29 3.28 3 0.63 1.76 1.42 2.3 1.59 2.35 4.12 
2.24 1.24 0.67 4.56 4.12 1.8 2.87 1.77 4.37 1.63 2.42 2.63 0.88 3.63 3.58 2.61 1.81 3.5 2.86 3.64 2.09 1.99 2.62 3.08 4.57 2.19 3.32 5.01 2.73 0.97 4.7 2.4 3.99 3.32 2.64 2.1 3.57 3.51 2.76 2.24 1.21 2.45 0.91 3.58 2.2 2.23 4.1 0.99 0 3.92 3.77 2.45 3.01 2.06 3.73 3.52 3.25 4.37 2.67 1.6 1.36 3.23 4.79 3.59 1.98 4.97 2.76 5.26 2.54 3.16 4.87 1 2.48 3.09 2.34 4.23 1.79 3.92 1.97 3.98 2.29 2.11 2.77 2.92 0.24 1.6 2.39 4.34 0.8 0.88 1.3 4.23 3.65 3.93 0.85 1.68 1.87 3.18 0.68 3.33 4.63 
2.13 2.8 3.71 0.66 0.91 2.97 4.67 3.55 0.46 3.6 4.77 1.65 3.84 2.69 2.29 1.59 2.16 1.27 5.13 3.35 2.05 4.28 4.66 0.89 1.67 2 1.59 3.16 1.88 3.6 0.95 2.28 1.41 0.95 2.22 3.81 2.66 2.14 3.79 1.78 2.98 4.98 3.91 3.11 4.32 3.99 3.08 3.04 3.92 0 3.79 2.12 1.21 2.32 0.4 2.46 2 1.95 1.73 4.16 3.61 0.79 2.37 0.43 4.76 3.21 3.67 3.44 2.33 0.87 3.46 3.84 3.79 4.81 2.18 0.82 3.84 0.7 2.52 3.69 4.88 4.7 2.81 5 3.89 2.32 1.63 3.16 3.13 3.13 3.84 0.64 2.44 0.52 3.6 3.26 2.36 0.74 4.31 1.49 2.34 
2.27 3.76 3.11 4.11 4.63 2.05 1.75 4.98 3.98 4.9 2.29 2.46 4.46 1.14 1.53 2.58 3.56 4.57 2.34 0.45 2.57 2.2 1.98 3.67 2.84 2.5 2.21 1.96 2.12 4.37 4.68 1.96 2.58 4.13 1.84 1.78 1.16 1.68 1.09 3.69 4 2.52 4.52 0.69 2.03 1.75 1.02 3.76 3.77 3.79 0 2.08 4.05 2.26 3.4 1.35 1.8 2.36 2.33 2.49 2.43 3.15 2.4 3.87 2.7 1.87 1.05 2.06 4.67 3.8 1.54 2.85 1.39 1.72 4.35 4.58 2.09 3.19 4.33 0.32 2.54 2.51 1.25 2.11 3.95 3.35 3.69 1.18 3.54 3.1 2.56 4.42 1.4 4.23 4.26 2.1 2.45 3.51 3.52 4.61 2.25 
0.24 1.89 1.97 2.65 2.79 0.92 2.57 3.1 2.47 3.06 2.67 0.48 2.83 1.37 1.19 0.57 1.53 2.57 3.02 1.73 0.53 2.19 2.55 1.7 2.18 0.44 0.91 2.65 0.31 2.66 3.06 0.17 1.61 2.15 0.27 1.71 1.31 1.09 1.73 1.61 2.16 2.88 2.91 1.54 2.21 1.88 1.9 1.99 2.45 2.12 2.08 0 2.02 0.39 1.77 1.19 0.82 1.93 0.39 2.13 1.63 1.34 2.34 2.03 2.7 2.63 1.62 2.92 2.6 1.83 2.62 1.96 1.7 2.73 2.29 2.79 1.76 1.78 2.31 2.13 2.79 2.62 0.86 2.9 2.54 1.39 1.61 2.11 1.87 1.58 1.86 2.68 1.3 2.42 2.59 1.22 0.59 1.59 2.58 2.58 2.19 
1.9 1.79 2.98 1.81 1.12 2.61 4.47 2.36 1.64 2.43 4.41 1.6 2.76 3.11 2.76 1.48 1.21 0.58 4.83 3.65 1.66 3.88 4.39 0.46 2.69 1.68 2.03 3.97 1.94 2.51 1.75 2.17 2.24 0.33 2.24 3.52 3.06 2.6 3.71 0.78 1.92 4.58 2.83 3.44 3.98 3.71 3.6 2.05 3.01 1.21 4.05 2.02 0 2.02 1.3 2.88 2.36 2.82 1.73 3.66 3.09 1.09 3.3 0.79 4.26 4 3.61 4.27 1.12 0.39 4.16 3.2 3.62 4.65 0.98 1.24 3.44 1.68 1.35 4.05 4.45 4.26 2.86 4.75 2.93 1.46 0.64 3.75 2.22 2.36 3.28 1.27 2.92 0.99 2.53 2.86 1.94 0.7 3.52 0.57 3.22 
0.21 1.57 1.6 2.9 2.9 0.65 2.46 2.8 2.71 2.74 2.48 0.7 2.47 1.69 1.56 0.74 1.31 2.59 2.86 1.95 0.36 1.97 2.4 1.77 2.55 0.35 1.29 3.01 0.68 2.31 3.25 0.37 1.97 2.2 0.6 1.53 1.63 1.47 1.71 1.48 1.83 2.67 2.54 1.8 2.02 1.72 2.21 1.65 2.06 2.32 2.26 0.39 2.02 0 2.01 1.53 1.2 2.31 0.67 1.85 1.32 1.53 2.73 2.17 2.44 2.99 1.62 3.28 2.44 1.9 2.95 1.62 1.61 2.64 2.12 2.93 1.52 2.07 2.07 2.35 2.56 2.38 1.02 2.76 2.16 1.11 1.51 2.44 1.5 1.19 1.55 2.84 1.65 2.57 2.24 0.95 0.23 1.71 2.21 2.56 2.57 
1.81 2.67 3.47 0.9 1.28 2.65 4.3 3.54 0.71 3.58 4.43 1.32 3.73 2.29 1.9 1.27 2.04 1.52 4.78 2.95 1.77 3.94 4.31 0.89 1.41 1.7 1.2 2.82 1.51 3.5 1.32 1.92 1.06 1.12 1.84 3.47 2.26 1.74 3.41 1.71 2.88 4.64 3.81 2.72 3.98 3.64 2.69 2.9 3.73 0.4 3.4 1.77 1.3 2.01 0 2.07 1.61 1.62 1.38 3.85 3.31 0.51 2.07 0.62 4.44 2.87 3.29 3.12 2.41 0.92 3.1 3.57 3.43 4.44 2.21 1.21 3.51 0.39 2.51 3.3 4.54 4.37 2.42 4.64 3.72 2.16 1.57 2.78 2.96 2.9 3.54 1.03 2.05 0.88 3.49 2.94 2.07 0.66 4.08 1.69 2.02 
1.42 3.07 2.95 2.77 3.32 1.75 2.63 4.28 2.63 4.24 2.98 1.37 3.99 0.24 0.2 1.48 2.68 3.34 3.2 0.9 1.71 2.65 2.74 2.46 1.61 1.6 0.89 1.5 1.04 3.83 3.34 1.16 1.25 2.89 0.93 2.11 0.2 0.33 1.7 2.68 3.34 3.22 4.06 0.66 2.57 2.2 0.74 3.17 3.52 2.46 1.35 1.19 2.88 1.53 2.07 0 0.52 1.17 1.24 2.76 2.42 1.88 1.42 2.58 3.21 1.47 1.59 1.76 3.68 2.58 1.43 2.83 1.87 2.7 3.37 3.26 2.33 1.85 3.45 1.24 3.18 3.06 0.85 3.01 3.64 2.56 2.64 0.94 3.02 2.68 2.63 3.09 0.15 2.92 3.76 1.98 1.75 2.27 3.51 3.42 1.25 
1.04 2.67 2.74 2.38 2.84 1.59 2.84 3.85 2.22 3.82 3.1 0.88 3.64 0.75 0.43 0.98 2.23 2.83 3.38 1.36 1.29 2.69 2.9 1.94 1.48 1.18 0.42 1.86 0.59 3.46 2.91 0.86 0.98 2.38 0.63 2.16 0.71 0.3 1.91 2.19 2.93 3.33 3.71 1.13 2.66 2.29 1.25 2.79 3.25 2 1.8 0.82 2.36 1.2 1.61 0.52 0 1.16 0.75 2.73 2.31 1.38 1.54 2.08 3.24 1.85 1.79 2.14 3.18 2.06 1.89 2.68 2 2.94 2.88 2.79 2.31 1.44 2.98 1.73 3.26 3.12 0.93 3.21 3.35 2.13 2.14 1.43 2.68 2.39 2.53 2.63 0.57 2.44 3.4 1.86 1.4 1.75 3.34 2.91 1.38 
2.13 3.65 3.89 1.99 2.85 2.74 3.8 4.75 1.92 4.75 4.14 1.8 4.67 1.28 1 1.87 3.11 3.12 4.37 1.94 2.32 3.79 3.91 2.37 0.49 2.21 1.06 1.21 1.65 4.48 2.63 1.99 0.58 2.71 1.77 3.25 1.3 0.97 2.87 2.95 3.9 4.38 4.75 1.73 3.73 3.36 1.4 3.81 4.37 1.95 2.36 1.93 2.82 2.31 1.62 1.17 1.16 0 1.73 3.86 3.46 1.75 0.49 2.24 4.34 1.27 2.75 1.5 3.84 2.45 1.55 3.83 3.03 3.86 3.59 2.73 3.43 1.26 3.79 2.15 4.33 4.21 1.98 4.18 4.45 3.09 2.85 1.38 3.74 3.49 3.68 2.53 1.05 2.46 4.43 3.01 2.5 2.13 4.49 3.28 0.41 
0.47 1.94 2.26 2.27 2.43 1.28 2.95 3.11 2.08 3.08 3.05 0.14 2.95 1.45 1.18 0.26 1.48 2.26 3.41 1.93 0.6 2.57 2.93 1.37 1.91 0.49 0.67 2.6 0.21 2.76 2.68 0.55 1.33 1.82 0.52 2.09 1.4 1.04 2.08 1.45 2.21 3.26 3.03 1.72 2.6 2.26 1.97 2.09 2.67 1.73 2.33 0.39 1.73 0.67 1.38 1.24 0.75 1.73 0 2.49 1.98 0.96 2.18 1.66 3.07 2.6 1.97 2.89 2.45 1.5 2.64 2.29 2.07 3.09 2.14 2.43 2.14 1.41 2.23 2.33 3.16 3 1.15 3.27 2.73 1.4 1.42 2.17 2.02 1.79 2.21 2.3 1.31 2.06 2.71 1.58 0.82 1.24 2.87 2.29 2.04 
2.05 2.31 0.99 4.74 4.67 1.22 1.28 3.26 4.55 3.14 0.87 2.54 2.46 2.77 2.9 2.59 2.57 4.23 1.32 2.51 2.12 0.4 1.03 3.52 4.21 2.17 2.99 4.13 2.42 2.48 5.08 1.99 3.67 3.91 2.16 0.72 2.73 2.9 1.4 2.94 2.44 0.97 2.49 2.54 0.62 0.75 3.12 2.15 1.6 4.16 2.49 2.13 3.66 1.85 3.85 2.76 2.73 3.86 2.49 0 0.57 3.37 4.17 3.98 0.61 4.06 1.45 4.33 3.64 3.64 3.85 0.63 1.1 1.5 3.36 4.73 0.44 3.9 3.1 2.76 0.82 0.62 1.91 1.35 1.83 2.28 3.05 3.36 1.85 1.45 0.4 4.65 2.9 4.37 2.36 0.92 1.81 3.52 1.11 4.14 4 
1.52 1.81 0.69 4.21 4.1 0.73 1.64 2.86 4.01 2.75 1.38 2.01 2.14 2.48 2.54 2.05 2.01 3.66 1.82 2.35 1.57 0.84 1.45 2.96 3.77 1.62 2.52 3.87 1.93 2.12 4.52 1.51 3.22 3.34 1.7 0.76 2.43 2.51 1.41 2.38 1.97 1.52 2.19 2.33 1 0.91 2.89 1.68 1.36 3.61 2.43 1.63 3.09 1.32 3.31 2.42 2.31 3.46 1.98 0.57 0 2.83 3.8 3.41 1.18 3.81 1.41 4.09 3.11 3.07 3.65 0.43 1.12 1.86 2.82 4.16 0.48 3.38 2.59 2.67 1.38 1.18 1.59 1.8 1.57 1.73 2.48 3.14 1.39 0.96 0.24 4.09 2.56 3.81 2 0.45 1.26 2.95 1.12 3.57 3.64 
1.35 2.2 2.96 1.39 1.49 2.18 3.9 3.14 1.19 3.16 3.99 0.87 3.27 2.11 1.74 0.8 1.58 1.48 4.35 2.72 1.27 3.49 3.88 0.63 1.67 1.21 1 2.89 1.12 3.03 1.73 1.5 1.17 1.03 1.46 3.03 2.08 1.58 3.03 1.29 2.42 4.19 3.34 2.49 3.53 3.21 2.58 2.42 3.23 0.79 3.15 1.34 1.09 1.53 0.51 1.88 1.38 1.75 0.96 3.37 2.83 0 2.23 0.73 3.97 2.92 2.92 3.19 2.11 0.73 3.09 3.07 3.02 4.05 1.87 1.48 3.05 0.75 2.12 3.1 4.09 3.91 2.08 4.23 3.23 1.68 1.16 2.71 2.46 2.4 3.05 1.35 1.9 1.11 3.02 2.47 1.58 0.4 3.57 1.59 2.15 
2.56 4.11 4.28 2.32 3.26 3.11 3.98 5.23 2.28 5.22 4.37 2.26 5.13 1.45 1.28 2.33 3.59 3.58 4.56 2.02 2.77 4.06 4.12 2.84 0.74 2.66 1.52 0.85 2.08 4.94 2.97 2.39 1.06 3.17 2.16 3.52 1.49 1.3 3.07 3.43 4.37 4.61 5.2 1.85 3.98 3.61 1.39 4.26 4.79 2.37 2.4 2.34 3.3 2.73 2.07 1.42 1.54 0.49 2.18 4.17 3.8 2.23 0 2.69 4.62 0.94 2.96 1.11 4.33 2.92 1.29 4.2 3.27 4.01 4.07 3.13 3.74 1.69 4.27 2.14 4.58 4.47 2.27 4.36 4.88 3.56 3.33 1.28 4.18 3.92 4.02 2.93 1.28 2.88 4.88 3.36 2.93 2.6 4.87 3.75 0.18 
2 2.44 3.44 1.04 0.77 2.82 4.59 3.14 0.86 3.2 4.64 1.55 3.46 2.81 2.43 1.47 1.81 0.9 5.02 3.44 1.86 4.13 4.56 0.52 2.02 1.83 1.69 3.43 1.84 3.22 1.13 2.19 1.67 0.53 2.17 3.69 2.77 2.26 3.74 1.41 2.61 4.84 3.54 3.2 4.19 3.87 3.24 2.68 3.59 0.43 3.87 2.03 0.79 2.17 0.62 2.58 2.08 2.24 1.66 3.98 3.41 0.73 2.69 0 4.58 3.48 3.63 3.73 1.9 0.47 3.69 3.61 3.72 4.75 1.76 0.77 3.68 1 2.11 3.8 4.72 4.54 2.79 4.91 3.55 2 1.25 3.35 2.8 2.84 3.63 0.68 2.58 0.4 3.23 3.1 2.17 0.47 4.03 1.09 2.64 
2.63 2.86 1.48 5.33 5.28 1.8 1.14 3.72 5.14 3.59 0.54 3.12 2.86 3.19 3.36 3.18 3.16 4.83 0.91 2.82 2.72 0.56 0.85 4.13 4.72 2.76 3.53 4.5 2.99 2.92 5.68 2.55 4.21 4.51 2.7 1.1 3.15 3.38 1.65 3.54 2.97 0.48 2.88 2.89 0.68 1.02 3.47 2.68 1.98 4.76 2.7 2.7 4.26 2.44 4.44 3.21 3.24 4.34 3.07 0.61 1.18 3.97 4.62 4.58 0 4.42 1.74 4.66 4.21 4.25 4.17 1.15 1.39 1.33 3.93 5.33 0.94 4.47 3.66 3.01 0.33 0.22 2.37 1.03 2.21 2.87 3.65 3.7 2.38 2.02 0.99 5.25 3.34 4.97 2.8 1.5 2.41 4.12 1.37 4.73 4.45 
2.87 4.51 4.39 3.23 4.12 3.19 3.59 5.7 3.18 5.67 4.08 2.71 5.45 1.35 1.44 2.81 4.07 4.36 4.18 1.62 3.13 3.88 3.79 3.55 1.66 3.02 2.03 0.12 2.43 5.29 3.88 2.62 1.82 3.93 2.39 3.36 1.41 1.56 2.78 3.99 4.77 4.32 5.52 1.54 3.75 3.4 0.96 4.62 4.97 3.21 1.87 2.63 4 2.99 2.87 1.47 1.85 1.27 2.6 4.06 3.81 2.92 0.94 3.48 4.42 0 2.69 0.3 4.95 3.65 0.41 4.23 3.03 3.58 4.67 4 3.63 2.52 4.8 1.56 4.32 4.24 2.23 3.96 5.1 3.98 3.92 0.73 4.48 4.14 4.01 3.8 1.34 3.73 5.22 3.38 3.21 3.32 4.92 4.5 0.9 
1.71 2.92 2.09 4.13 4.4 1.18 1.06 4.11 3.96 4.01 1.42 2.09 3.5 1.51 1.77 2.18 2.86 4.17 1.62 1.09 1.97 1.2 1.17 3.31 3.18 1.94 2.17 2.77 1.8 3.44 4.61 1.46 2.75 3.76 1.46 0.73 1.48 1.83 0.13 3.09 3.15 1.66 3.56 1.17 1.06 0.73 1.74 2.88 2.76 3.67 1.05 1.62 3.61 1.62 3.29 1.59 1.79 2.75 1.97 1.45 1.41 2.92 2.96 3.63 1.74 2.69 0 2.93 4.01 3.44 2.44 1.81 0.36 1.16 3.7 4.39 1.05 3.2 3.59 1.32 1.64 1.56 0.88 1.43 2.96 2.61 3.13 1.97 2.63 2.18 1.53 4.26 1.71 4.02 3.33 1.14 1.76 3.21 2.48 4.16 2.79 
3.16 4.8 4.67 3.42 4.34 3.47 3.8 5.99 3.38 5.96 4.31 3 5.74 1.64 1.74 3.09 4.36 4.61 4.39 1.85 3.43 4.13 4.01 3.82 1.84 3.32 2.31 0.3 2.73 5.58 4.07 2.91 2.07 4.18 2.68 3.62 1.69 1.85 3.02 4.28 5.07 4.55 5.82 1.79 3.99 3.65 1.21 4.91 5.26 3.44 2.06 2.92 4.27 3.28 3.12 1.76 2.14 1.5 2.89 4.33 4.09 3.19 1.11 3.73 4.66 0.3 2.93 0 5.23 3.91 0.53 4.51 3.28 3.78 4.95 4.22 3.9 2.75 5.09 1.75 4.55 4.48 2.51 4.17 5.39 4.27 4.2 0.97 4.78 4.43 4.28 4.02 1.64 3.96 5.51 3.66 3.5 3.58 5.2 4.76 1.1 
2.41 1.37 2.76 2.9 2.01 2.87 4.69 1.35 2.74 1.46 4.48 2.31 2 3.89 3.6 2.2 1.16 1.27 4.93 4.32 2.11 3.94 4.54 1.53 3.77 2.18 2.93 4.93 2.65 1.76 2.72 2.72 3.28 1.39 2.86 3.72 3.84 3.45 4.09 1 1.33 4.61 2.06 4.14 4.1 3.91 4.41 1.59 2.54 2.33 4.67 2.6 1.12 2.44 2.41 3.68 3.18 3.84 2.45 3.64 3.11 2.11 4.33 1.9 4.21 4.95 4.01 5.23 0 1.49 5.05 3.07 3.93 4.89 0.32 2.18 3.55 2.77 0.57 4.73 4.46 4.26 3.43 4.89 2.38 1.43 1.04 4.6 1.86 2.19 3.24 2.28 3.74 2.03 1.83 3.03 2.27 1.77 3.17 1.03 4.23 
1.75 1.98 3.05 1.5 1.04 2.53 4.35 2.69 1.32 2.74 4.35 1.37 3 2.81 2.45 1.27 1.36 0.77 4.75 3.39 1.56 3.82 4.29 0.14 2.31 1.55 1.71 3.61 1.7 2.75 1.55 1.99 1.87 0.33 2.02 3.42 2.77 2.29 3.55 0.95 2.15 4.54 3.07 3.17 3.9 3.61 3.29 2.23 3.16 0.87 3.8 1.83 0.39 1.9 0.92 2.58 2.06 2.45 1.5 3.64 3.07 0.73 2.92 0.47 4.25 3.65 3.44 3.91 1.49 0 3.82 3.23 3.49 4.52 1.32 1.11 3.38 1.3 1.65 3.78 4.41 4.22 2.65 4.65 3.1 1.57 0.79 3.43 2.36 2.44 3.28 1.08 2.61 0.78 2.76 2.79 1.86 0.33 3.62 0.86 2.85 
2.85 4.5 4.26 3.53 4.36 3.07 3.28 5.71 3.46 5.67 3.8 2.76 5.4 1.27 1.46 2.87 4.11 4.55 3.87 1.36 3.14 3.64 3.5 3.71 1.98 3.03 2.14 0.52 2.46 5.25 4.18 2.58 2.06 4.11 2.36 3.14 1.32 1.61 2.52 4.07 4.76 4.04 5.47 1.33 3.49 3.16 0.77 4.59 4.87 3.46 1.54 2.62 4.16 2.95 3.1 1.43 1.89 1.55 2.64 3.85 3.65 3.09 1.29 3.69 4.17 0.41 2.44 0.53 5.05 3.82 0 4.07 2.79 3.25 4.76 4.26 3.43 2.77 4.86 1.22 4.04 3.98 2.1 3.65 5.01 3.99 4.01 0.53 4.43 4.07 3.83 4.06 1.34 3.97 5.17 3.24 3.17 3.49 4.77 4.67 1.21 
1.82 1.72 0.37 4.46 4.26 1.1 1.89 2.64 4.26 2.51 1.49 2.3 1.84 2.89 2.94 2.32 2.05 3.76 1.94 2.78 1.81 1.01 1.65 3.12 4.13 1.88 2.87 4.29 2.27 1.86 4.73 1.86 3.56 3.47 2.07 1.12 2.84 2.9 1.8 2.45 1.83 1.57 1.88 2.75 1.22 1.24 3.31 1.54 1 3.84 2.85 1.96 3.2 1.62 3.57 2.83 2.68 3.83 2.29 0.63 0.43 3.07 4.2 3.61 1.15 4.23 1.81 4.51 3.07 3.23 4.07 0 1.5 2.11 2.8 4.33 0.8 3.67 2.52 3.09 1.42 1.22 2.01 1.97 1.23 1.77 2.57 3.56 1.24 0.88 0.31 4.28 2.97 3.99 1.74 0.86 1.51 3.15 0.7 3.64 4.03 
