Number_Of_Customers: 20
Vehicle_Capacity:    50
Alpha:               0.75
Number_Of_Scenarios: 3

Location_Coordinates:
0 0 0
1 0.370669 -0.169314
2 -0.655008 1.28196
3 0.931628 -2.13452
4 0.0471227 1.99157
5 2.31519 1.48198
6 -2.41785 -1.731
7 2.02685 0.257483
8 -2.48588 -0.103093
9 2.30855 -0.264098
10 1.31238 2.1379
11 1.64573 -0.273374
12 0.407854 -0.190096
13 0.0513928 -1.24109
14 0.940201 1.95019
15 1.77288 1.87003
16 -0.372073 1.56549
17 1.23592 2.18064
18 0.0827498 0.77636
19 -1.72074 -0.496173
20 0.824937 -0.287714

Demand_per_scenario:
1 5 7 8
2 4 5 7
3 4 6 7
4 3 4 5
5 5 7 9
6 4 5 6
7 5 7 9
8 3 4 5
9 3 4 5
10 4 6 7
11 5 7 8
12 4 5 6
13 3 4 5
14 5 6 8
15 5 7 8
16 3 3 4
17 4 5 6
18 4 6 7
19 4 5 6
20 5 7 8

Probability_of_each_scenario_occuring:
0.333333 0.333333 0.333333 

Travel_Costs:
0 0.41 1.44 2.33 2 2.75 2.98 2.05 2.49 2.33 2.51 1.67 0.45 1.25 2.17 2.58 1.61 2.51 0.79 1.8 0.88 
0.41 0 1.78 2.05 2.19 2.56 3.2 1.72 2.86 1.95 2.5 1.28 0.05 1.12 2.2 2.48 1.89 2.51 0.99 2.12 0.47 
1.44 1.78 0 3.77 1 2.98 3.5 2.88 2.3 3.35 2.15 2.78 1.82 2.63 1.73 2.5 0.41 2.1 0.9 2.08 2.16 
2.33 2.05 3.77 0 4.22 3.88 3.38 2.64 3.98 2.33 4.29 2 2.02 1.26 4.09 4.1 3.93 4.33 3.04 3.12 1.85 
2 2.19 1 4.22 0 2.33 4.47 2.64 3.29 3.2 1.28 2.78 2.22 3.24 0.9 1.74 0.6 1.21 1.22 3.06 2.41 
2.75 2.56 2.98 3.88 2.33 0 5.73 1.26 5.06 1.75 1.2 1.88 2.54 3.55 1.46 0.67 2.69 1.29 2.35 4.5 2.32 
2.98 3.2 3.5 3.38 4.47 5.73 0 4.87 1.63 4.95 5.38 4.32 3.22 2.52 4.99 5.53 3.88 5.36 3.55 1.42 3.55 
2.05 1.72 2.88 2.64 2.64 1.26 4.87 0 4.53 0.6 2.02 0.66 1.68 2.48 2.02 1.64 2.74 2.08 2.02 3.83 1.32 
2.49 2.86 2.3 3.98 3.29 5.06 1.63 4.53 0 4.8 4.42 4.14 2.9 2.79 4 4.7 2.7 4.37 2.72 0.87 3.32 
2.33 1.95 3.35 2.33 3.2 1.75 4.95 0.6 4.8 0 2.61 0.67 1.91 2.46 2.61 2.21 3.25 2.67 2.46 4.04 1.49 
2.51 2.5 2.15 4.29 1.28 1.2 5.38 2.02 4.42 2.61 0 2.44 2.5 3.61 0.42 0.54 1.78 0.09 1.84 4.02 2.48 
1.67 1.28 2.78 2 2.78 1.88 4.32 0.66 4.14 0.67 2.44 0 1.25 1.87 2.34 2.15 2.74 2.49 1.89 3.38 0.83 
0.45 0.05 1.82 2.02 2.22 2.54 3.22 1.68 2.9 1.91 2.5 1.25 0 1.11 2.21 2.48 1.93 2.52 1.02 2.16 0.43 
1.25 1.12 2.63 1.26 3.24 3.55 2.52 2.48 2.79 2.46 3.61 1.87 1.11 0 3.32 3.56 2.84 3.63 2.02 1.93 1.23 
2.17 2.2 1.73 4.09 0.9 1.46 4.99 2.02 4 2.61 0.42 2.34 2.21 3.32 0 0.84 1.37 0.38 1.46 3.62 2.25 
2.58 2.48 2.5 4.1 1.74 0.67 5.53 1.64 4.7 2.21 0.54 2.15 2.48 3.56 0.84 0 2.17 0.63 2.02 4.22 2.36 
1.61 1.89 0.41 3.93 0.6 2.69 3.88 2.74 2.7 3.25 1.78 2.74 1.93 2.84 1.37 2.17 0 1.73 0.92 2.47 2.21 
2.51 2.51 2.1 4.33 1.21 1.29 5.36 2.08 4.37 2.67 0.09 2.49 2.52 3.63 0.38 0.63 1.73 0 1.82 3.99 2.51 
0.79 0.99 0.9 3.04 1.22 2.35 3.55 2.02 2.72 2.46 1.84 1.89 1.02 2.02 1.46 2.02 0.92 1.82 0 2.21 1.3 
1.8 2.12 2.08 3.12 3.06 4.5 1.42 3.83 0.87 4.04 4.02 3.38 2.16 1.93 3.62 4.22 2.47 3.99 2.21 0 2.56 
0.88 0.47 2.16 1.85 2.41 2.32 3.55 1.32 3.32 1.49 2.48 0.83 0.43 1.23 2.25 2.36 2.21 2.51 1.3 2.56 0 
