Number_Of_Customers: 30
Vehicle_Capacity:    50
Alpha:               0.75
Number_Of_Scenarios: 3

Location_Coordinates:
0 0 0
1 -0.0433566 1.30591
2 -1.51527 -2.20555
3 1.26281 -1.02763
4 -1.4364 -1.57403
5 0.233785 -0.769494
6 2.11981 -2.31375
7 -2.13168 -2.08884
8 -2.09597 -1.99164
9 1.43979 -1.51331
10 0.723191 -0.331983
11 0.361023 -2.28484
12 -1.37167 1.30393
13 0.219213 -0.681789
14 1.17713 -0.894366
15 -1.61299 0.542031
16 -0.0847573 0.483341
17 -1.49541 1.61363
18 0.298077 -0.21333
19 -0.441701 1.32689
20 0.967728 -0.403074
21 0.535134 -1.01058
22 0.142428 -1.20488
23 -0.456947 0.0964085
24 0.337349 -0.17644
25 -0.420958 -0.0477696
26 2.13674 2.22792
27 -0.391091 1.93309
28 -0.566158 -0.42217
29 -0.404313 -0.280974
30 -2.32722 1.44277

Demand_per_scenario:
1 5 6 8
2 4 5 6
3 3 4 5
4 5 6 7
5 6 8 10
6 5 6 7
7 6 7 9
8 5 7 8
9 4 5 6
10 2 2 3
11 3 4 5
12 5 6 8
13 6 7 9
14 6 7 9
15 4 5 6
16 7 9 12
17 5 6 8
18 4 5 6
19 5 7 8
20 3 4 5
21 3 4 5
22 7 9 11
23 4 5 6
24 6 7 9
25 5 6 8
26 5 6 8
27 6 8 10
28 5 6 8
29 6 7 9
30 5 6 8

Probability_of_each_scenario_occuring:
0.333333 0.333333 0.333333 

Travel_Costs:
0 1.31 2.68 1.63 2.14 0.81 3.14 2.99 2.9 2.09 0.8 2.32 1.9 0.72 1.48 1.71 0.5 2.21 0.37 1.4 1.05 1.15 1.22 0.47 0.39 0.43 3.09 1.98 0.71 0.5 2.74 
1.31 0 3.81 2.68 3.2 2.1 4.22 3.99 3.89 3.19 1.81 3.62 1.33 2.01 2.52 1.75 0.83 1.49 1.56 0.4 1.99 2.39 2.52 1.28 1.54 1.41 2.37 0.72 1.81 1.63 2.29 
2.68 3.81 0 3.02 0.64 2.27 3.64 0.63 0.62 3.04 2.92 1.88 3.52 2.31 3 2.75 3.05 3.82 2.7 3.7 3.07 2.38 1.94 2.54 2.75 2.42 5.75 4.29 2.03 2.23 3.74 
1.63 2.68 3.02 0 2.76 1.07 1.55 3.56 3.5 0.52 0.89 1.55 3.52 1.1 0.16 3.28 2.03 3.82 1.27 2.91 0.7 0.73 1.14 2.06 1.26 1.95 3.38 3.4 1.93 1.83 4.36 
2.14 3.2 0.64 2.76 0 1.86 3.64 0.87 0.79 2.88 2.5 1.94 2.88 1.89 2.71 2.13 2.47 3.19 2.21 3.07 2.68 2.06 1.63 1.94 2.26 1.84 5.22 3.66 1.45 1.66 3.15 
0.81 2.1 2.27 1.07 1.86 0 2.44 2.71 2.64 1.42 0.66 1.53 2.63 0.09 0.96 2.27 1.3 2.95 0.56 2.21 0.83 0.39 0.45 1.11 0.61 0.98 3.56 2.78 0.88 0.81 3.39 
3.14 4.22 3.64 1.55 3.64 2.44 0 4.26 4.23 1.06 2.43 1.76 5.03 2.51 1.71 4.7 3.57 5.34 2.79 4.46 2.24 2.06 2.27 3.53 2.79 3.41 4.55 4.94 3.29 3.25 5.83 
2.99 3.99 0.63 3.56 0.87 2.71 4.26 0 0.11 3.62 3.36 2.51 3.48 2.74 3.52 2.69 3.29 3.76 3.07 3.82 3.53 2.88 2.44 2.76 3.13 2.67 6.08 4.39 2.29 2.51 3.54 
2.9 3.89 0.62 3.5 0.79 2.64 4.23 0.11 0 3.57 3.28 2.48 3.38 2.67 3.46 2.58 3.19 3.66 2.99 3.71 3.46 2.81 2.38 2.66 3.04 2.57 5.98 4.28 2.2 2.41 3.45 
2.09 3.19 3.04 0.52 2.88 1.42 1.06 3.62 3.57 0 1.39 1.33 3.99 1.48 0.68 3.69 2.52 4.29 1.74 3.41 1.21 1.04 1.34 2.49 1.74 2.37 3.81 3.91 2.29 2.22 4.79 
0.8 1.81 2.92 0.89 2.5 0.66 2.43 3.36 3.28 1.39 0 1.99 2.66 0.62 0.73 2.5 1.15 2.96 0.45 2.03 0.26 0.71 1.05 1.26 0.42 1.18 2.93 2.53 1.3 1.13 3.53 
2.32 3.62 1.88 1.55 1.94 1.53 1.76 2.51 2.48 1.33 1.99 0 3.99 1.61 1.62 3.45 2.81 4.32 2.08 3.7 1.98 1.29 1.11 2.52 2.11 2.37 4.85 4.29 2.09 2.15 4.6 
1.9 1.33 3.52 3.52 2.88 2.63 5.03 3.48 3.38 3.99 2.66 3.99 0 2.55 3.37 0.8 1.53 0.34 2.26 0.94 2.9 3 2.94 1.52 2.27 1.66 3.63 1.17 1.91 1.86 0.97 
0.72 2.01 2.31 1.1 1.89 0.09 2.51 2.74 2.67 1.48 0.62 1.61 2.55 0 0.99 2.21 1.21 2.87 0.48 2.12 0.8 0.46 0.53 1.04 0.52 0.91 3.49 2.69 0.83 0.75 3.32 
1.48 2.52 3 0.16 2.71 0.96 1.71 3.52 3.46 0.68 0.73 1.62 3.37 0.99 0 3.14 1.87 3.67 1.12 2.75 0.54 0.66 1.09 1.92 1.11 1.81 3.27 3.24 1.81 1.7 4.22 
1.71 1.75 2.75 3.28 2.13 2.27 4.7 2.69 2.58 3.69 2.5 3.45 0.8 2.21 3.14 0 1.53 1.08 2.06 1.41 2.75 2.66 2.48 1.24 2.08 1.33 4.12 1.86 1.43 1.47 1.15 
0.5 0.83 3.05 2.03 2.47 1.3 3.57 3.29 3.19 2.52 1.15 2.81 1.53 1.21 1.87 1.53 0 1.81 0.8 0.92 1.38 1.62 1.71 0.54 0.79 0.63 2.83 1.49 1.03 0.83 2.44 
2.21 1.49 3.82 3.82 3.19 2.95 5.34 3.76 3.66 4.29 2.96 4.32 0.34 2.87 3.67 1.08 1.81 0 2.57 1.1 3.19 3.32 3.26 1.84 2.57 1.98 3.69 1.15 2.24 2.19 0.85 
0.37 1.56 2.7 1.27 2.21 0.56 2.79 3.07 2.99 1.74 0.45 2.08 2.26 0.48 1.12 2.06 0.8 2.57 0 1.71 0.7 0.84 1.01 0.82 0.06 0.74 3.06 2.26 0.89 0.71 3.11 
1.4 0.4 3.7 2.91 3.07 2.21 4.46 3.82 3.71 3.41 2.03 3.7 0.94 2.12 2.75 1.41 0.92 1.1 1.71 0 2.24 2.54 2.6 1.24 1.7 1.38 2.74 0.61 1.76 1.61 1.89 
1.05 1.99 3.07 0.7 2.68 0.83 2.24 3.53 3.46 1.21 0.26 1.98 2.9 0.8 0.54 2.75 1.38 3.19 0.7 2.24 0 0.75 1.16 1.51 0.67 1.44 2.88 2.71 1.54 1.38 3.78 
1.15 2.39 2.38 0.73 2.06 0.39 2.06 2.88 2.81 1.04 0.71 1.29 3 0.46 0.66 2.66 1.62 3.32 0.84 2.54 0.75 0 0.44 1.49 0.86 1.36 3.62 3.09 1.25 1.19 3.77 
1.22 2.52 1.94 1.14 1.63 0.45 2.27 2.44 2.38 1.34 1.05 1.11 2.94 0.53 1.09 2.48 1.71 3.26 1.01 2.6 1.16 0.44 0 1.44 1.05 1.29 3.98 3.19 1.06 1.08 3.63 
0.47 1.28 2.54 2.06 1.94 1.11 3.53 2.76 2.66 2.49 1.26 2.52 1.52 1.04 1.92 1.24 0.54 1.84 0.82 1.24 1.51 1.49 1.44 0 0.84 0.15 3.36 1.84 0.53 0.39 2.31 
0.39 1.54 2.75 1.26 2.26 0.61 2.79 3.13 3.04 1.74 0.42 2.11 2.27 0.52 1.11 2.08 0.79 2.57 0.06 1.7 0.67 0.86 1.05 0.84 0 0.77 3.01 2.24 0.94 0.75 3.12 
0.43 1.41 2.42 1.95 1.84 0.98 3.41 2.67 2.57 2.37 1.18 2.37 1.66 0.91 1.81 1.33 0.63 1.98 0.74 1.38 1.44 1.36 1.29 0.15 0.77 0 3.43 1.99 0.41 0.24 2.42 
3.09 2.37 5.75 3.38 5.22 3.56 4.55 6.08 5.98 3.81 2.93 4.85 3.63 3.49 3.27 4.12 2.83 3.69 3.06 2.74 2.88 3.62 3.98 3.36 3.01 3.43 0 2.55 3.79 3.58 4.54 
1.98 0.72 4.29 3.4 3.66 2.78 4.94 4.39 4.28 3.91 2.53 4.29 1.17 2.69 3.24 1.86 1.49 1.15 2.26 0.61 2.71 3.09 3.19 1.84 2.24 1.99 2.55 0 2.37 2.22 2 
0.71 1.81 2.03 1.93 1.45 0.88 3.29 2.29 2.2 2.29 1.3 2.09 1.91 0.83 1.81 1.43 1.03 2.24 0.89 1.76 1.54 1.25 1.06 0.53 0.94 0.41 3.79 2.37 0 0.22 2.57 
0.5 1.63 2.23 1.83 1.66 0.81 3.25 2.51 2.41 2.22 1.13 2.15 1.86 0.75 1.7 1.47 0.83 2.19 0.71 1.61 1.38 1.19 1.08 0.39 0.75 0.24 3.58 2.22 0.22 0 2.59 
2.74 2.29 3.74 4.36 3.15 3.39 5.83 3.54 3.45 4.79 3.53 4.6 0.97 3.32 4.22 1.15 2.44 0.85 3.11 1.89 3.78 3.77 3.63 2.31 3.12 2.42 4.54 2 2.57 2.59 0 
