Number_Of_Customers: 30
Vehicle_Capacity:    50
Alpha:               0.75
Number_Of_Scenarios: 50

Location_Coordinates:
0 0 0
1 0.0702736 1.08762
2 -0.405657 2.12641
3 -1.40638 -2.10897
4 -0.402092 2.04376
5 -0.461785 -1.21515
6 2.03739 2.44296
7 -1.15432 -0.630993
8 -0.0972663 0.245657
9 -1.24079 1.07892
10 -1.6535 -0.328615
11 1.96015 -0.731661
12 -2.02236 0.260485
13 -2.03491 -0.690142
14 0.784906 1.90832
15 -1.90044 -0.638459
16 -0.585662 1.77368
17 0.242871 1.93115
18 1.82347 2.12984
19 1.23154 -1.54516
20 0.441639 -2.36768
21 1.47952 1.2293
22 0.877073 0.959515
23 1.57018 -0.023405
24 1.63257 -1.32894
25 -0.472116 0.152665
26 0.834719 -0.878783
27 0.291139 -1.82345
28 -1.78912 0.266069
29 1.82286 1.89185
30 1.38936 0.908661

Demand_per_scenario:
1 5 5 4 5 3 2 3 4 5 3 4 3 5 5 3 5 5 5 4 5 5 6 4 6 5 4 6 5 5 4 3 6 4 5 6 5 4 3 6 4 5 5 3 6 4 3 4 6 6 5
2 4 7 7 6 5 4 5 5 6 6 6 5 5 5 5 5 6 6 6 5 3 4 4 5 6 5 6 5 5 5 5 4 6 5 5 4 6 6 4 5 5 5 5 5 6 6 7 5 5 5
3 4 3 5 5 4 5 5 4 4 5 4 6 3 4 6 4 6 4 4 5 4 4 4 5 4 4 7 2 3 3 3 4 5 3 4 5 4 5 4 4 6 4 3 5 5 3 4 4 4 5
4 6 5 4 4 5 5 5 5 6 5 5 6 6 6 4 2 6 4 5 7 5 3 5 3 5 6 6 5 6 5 5 6 5 5 5 5 5 5 4 3 5 5 4 5 6 5 5 7 7 7
5 5 6 5 5 3 6 6 6 5 6 4 4 5 7 6 7 5 8 7 5 7 6 6 6 5 7 5 6 8 5 6 5 4 3 5 4 5 5 5 5 5 5 7 5 4 6 7 6 4 7
6 7 8 6 6 7 8 6 8 6 7 7 6 7 7 7 6 6 9 5 6 6 7 9 7 6 8 7 6 7 7 6 6 7 6 6 6 8 7 6 9 8 8 7 7 7 7 7 9 6 8
7 3 2 3 1 4 3 3 2 2 3 3 4 4 3 5 3 2 4 3 3 3 2 2 2 2 4 2 3 3 3 2 1 5 4 3 3 3 4 4 3 3 3 2 5 6 2 2 3 5 5
8 8 6 5 6 5 7 8 6 6 5 8 6 8 7 6 7 7 6 5 8 5 5 6 6 8 8 5 5 5 7 8 7 7 7 7 5 5 6 6 5 6 6 6 5 6 9 9 7 7 7
9 5 5 6 5 6 5 3 6 4 5 6 4 6 6 5 4 6 7 5 3 5 6 4 4 5 6 3 6 6 6 5 5 5 5 6 5 4 7 4 5 5 5 6 4 5 5 7 5 6 4
10 7 5 6 6 7 6 7 4 6 7 7 5 5 5 7 5 5 7 6 6 7 5 6 6 5 6 6 5 4 6 6 5 7 6 6 6 6 5 6 4 7 5 5 5 7 8 6 7 7 3
11 6 5 6 6 6 6 7 4 5 5 7 8 9 8 7 5 6 7 9 8 7 6 7 8 6 4 6 7 7 9 5 8 5 6 6 8 5 7 6 4 6 5 6 8 8 5 7 5 5 7
12 7 6 8 8 5 5 8 6 7 7 8 8 8 6 7 7 7 5 6 5 7 6 7 7 6 8 4 5 8 9 9 7 7 7 7 7 6 6 7 6 5 7 7 6 6 6 8 7 6 6
13 4 7 5 4 4 3 5 5 3 4 5 6 5 5 6 6 6 5 5 5 7 6 4 6 4 5 5 5 5 5 3 5 4 6 4 4 4 6 5 5 5 6 4 6 5 6 6 7 5 4
14 6 6 7 5 7 4 6 8 5 6 6 5 6 6 6 6 6 6 5 6 5 5 6 7 7 5 5 9 6 7 7 6 7 5 6 5 5 5 5 6 5 5 6 6 6 6 5 6 6 6
15 5 7 4 7 6 5 6 6 4 4 5 8 5 4 7 6 5 8 5 4 6 6 6 6 5 6 4 6 8 5 7 8 5 5 7 6 9 6 5 7 7 5 5 6 5 5 5 4 7 7
16 5 5 6 4 5 5 5 5 5 4 6 4 7 4 4 4 4 6 4 4 7 4 4 6 5 5 5 5 3 5 6 3 4 5 5 5 5 6 4 4 6 6 4 5 4 3 5 5 6 5
17 8 9 8 9 8 10 9 9 10 9 9 7 9 10 9 11 8 9 11 9 9 9 7 9 7 9 9 8 9 11 6 9 8 8 7 9 9 8 9 9 10 11 9 8 8 8 10 9 9 10
18 6 6 7 6 8 6 7 7 7 7 6 5 8 7 6 7 6 7 7 5 8 7 6 6 6 9 6 6 7 6 7 7 7 7 8 8 9 8 6 7 7 7 7 7 7 7 5 6 6 7
19 3 5 4 6 5 4 5 4 6 3 5 6 5 5 5 5 4 5 6 5 5 7 4 4 5 5 6 4 6 6 3 5 5 4 5 5 5 3 5 5 5 5 5 4 4 3 3 5 5 5
20 9 8 9 9 8 8 7 8 7 10 8 9 6 8 9 8 8 9 10 9 10 9 8 8 8 7 8 6 10 7 9 8 8 10 8 10 9 9 8 8 8 8 10 9 9 8 7 9 9 9
21 8 5 6 4 5 5 4 6 5 7 6 6 5 5 6 8 6 7 6 6 5 7 5 5 6 5 6 7 5 5 6 7 5 5 7 6 7 5 6 5 7 4 6 3 7 6 6 7 4 7
22 3 3 3 4 3 3 3 4 4 3 5 5 3 3 5 2 3 2 4 4 3 3 4 3 4 4 5 3 3 3 3 5 2 4 5 4 2 5 5 3 4 4 4 5 5 3 2 5 4 4
23 6 6 4 4 5 4 3 4 4 5 5 4 6 4 3 5 5 5 7 6 4 4 4 5 5 4 4 4 7 6 5 4 6 5 6 5 7 5 4 4 6 4 6 4 6 5 5 6 4 5
24 5 5 7 4 5 6 4 6 7 5 6 8 6 7 7 7 7 5 6 5 7 7 7 4 6 6 6 6 5 7 6 8 6 5 7 6 7 7 7 6 8 7 4 6 6 7 5 7 8 6
25 4 7 5 5 7 3 5 5 6 6 5 7 7 5 4 5 6 4 4 5 4 7 7 6 6 5 6 6 7 5 7 6 5 6 7 6 6 7 4 4 5 6 6 5 4 8 6 7 5 7
26 9 9 11 10 9 6 8 10 9 7 7 8 10 6 9 10 10 6 5 9 10 8 9 9 7 8 10 8 9 8 9 11 9 10 9 8 9 9 9 10 7 9 7 7 9 6 9 8 10 9
27 3 3 2 4 4 5 3 4 3 2 3 2 3 4 2 4 3 4 2 4 5 3 4 4 4 4 3 4 5 3 4 5 4 4 3 2 4 5 3 5 6 5 3 3 4 4 3 1 1 4
28 6 6 7 7 7 6 4 6 7 7 6 7 6 6 6 6 6 6 5 5 6 6 5 6 6 5 5 4 5 6 5 7 5 6 7 6 6 5 7 5 5 6 6 9 5 6 9 5 4 4
29 9 9 9 8 8 8 10 7 9 8 7 8 7 8 7 7 8 8 8 8 8 5 7 7 7 8 9 7 8 7 8 7 7 9 7 8 7 6 6 7 9 6 9 7 8 8 8 7 8 9
30 4 5 2 4 5 3 5 5 4 4 3 4 5 4 5 2 5 3 5 3 4 3 5 5 4 5 4 4 3 4 3 3 3 6 4 5 3 5 4 3 5 5 5 6 4 5 4 5 4 4

Probability_of_each_scenario_occuring:
0.02 0.02 0.02 0.02 0.02 0.02 0.02 0.02 0.02 0.02 0.02 0.02 0.02 0.02 0.02 0.02 0.02 0.02 0.02 0.02 0.02 0.02 0.02 0.02 0.02 0.02 0.02 0.02 0.02 0.02 0.02 0.02 0.02 0.02 0.02 0.02 0.02 0.02 0.02 0.02 0.02 0.02 0.02 0.02 0.02 0.02 0.02 0.02 0.02 0.02 

Travel_Costs:
0 1.09 2.17 2.54 2.09 1.3 3.19 1.32 0.27 1.65 1.69 2.1 2.04 2.15 2.07 2.01 1.87 1.95 2.81 1.98 2.41 1.93 1.3 1.58 2.11 0.5 1.22 1.85 1.81 2.63 1.67 
1.09 0 1.15 3.53 1.07 2.37 2.39 2.12 0.86 1.32 2.24 2.63 2.26 2.76 1.09 2.62 0.95 0.87 2.04 2.88 3.48 1.42 0.82 1.87 2.88 1.09 2.11 2.92 2.04 1.93 1.34 
2.17 1.15 0 4.36 0.09 3.35 2.47 2.86 1.91 1.34 2.76 3.72 2.47 3.26 1.22 3.15 0.4 0.68 2.23 4.03 4.58 2.09 1.74 2.92 4.02 1.98 3.26 4.02 2.32 2.25 2.17 
2.54 3.53 4.36 0 4.28 1.31 5.71 1.5 2.7 3.2 1.8 3.64 2.45 1.56 4.58 1.56 3.97 4.37 5.33 2.7 1.87 4.42 3.83 3.64 3.14 2.45 2.56 1.73 2.41 5.15 4.12 
2.09 1.07 0.09 4.28 0 3.26 2.48 2.78 1.83 1.28 2.69 3.65 2.41 3.19 1.2 3.08 0.33 0.66 2.23 3.95 4.5 2.06 1.68 2.86 3.94 1.9 3.18 3.93 2.26 2.24 2.13 
1.3 2.37 3.35 1.31 3.26 0 4.44 0.91 1.51 2.43 1.49 2.47 2.15 1.66 3.37 1.55 3 3.23 4.06 1.73 1.47 3.13 2.56 2.36 2.1 1.37 1.34 0.97 1.99 3.86 2.82 
3.19 2.39 2.47 5.71 2.48 4.44 0 4.44 3.07 3.56 4.62 3.18 4.61 5.14 1.37 5.01 2.71 1.87 0.38 4.07 5.07 1.34 1.89 2.52 3.8 3.4 3.54 4.61 4.41 0.6 1.67 
1.32 2.12 2.86 1.5 2.78 0.91 4.44 0 1.38 1.72 0.59 3.12 1.25 0.89 3.2 0.75 2.48 2.92 4.07 2.56 2.36 3.23 2.58 2.8 2.88 1.04 2.01 1.88 1.1 3.91 2.98 
0.27 0.86 1.91 2.7 1.83 1.51 3.07 1.38 0 1.42 1.66 2.28 1.93 2.16 1.89 2.01 1.61 1.72 2.7 2.23 2.67 1.86 1.21 1.69 2.34 0.39 1.47 2.11 1.7 2.53 1.63 
1.65 1.32 1.34 3.2 1.28 2.43 3.56 1.72 1.42 0 1.47 3.68 1.14 1.94 2.19 1.84 0.96 1.72 3.24 3.61 3.84 2.73 2.13 3.02 3.75 1.21 2.86 3.29 0.99 3.17 2.64 
1.69 2.24 2.76 1.8 2.69 1.49 4.62 0.59 1.66 1.47 0 3.64 0.7 0.53 3.31 0.4 2.36 2.96 4.26 3.14 2.93 3.5 2.84 3.24 3.44 1.28 2.55 2.46 0.61 4.13 3.29 
2.1 2.63 3.72 3.64 3.65 2.47 3.18 3.12 2.28 3.68 3.64 0 4.11 4 2.89 3.87 3.58 3.17 2.87 1.1 2.24 2.02 2.01 0.81 0.69 2.59 1.14 2 3.88 2.63 1.74 
2.04 2.26 2.47 2.45 2.41 2.15 4.61 1.25 1.93 1.14 0.7 4.11 0 0.96 3.26 0.91 2.09 2.82 4.28 3.73 3.61 3.64 2.99 3.61 3.99 1.56 3.08 3.12 0.24 4.18 3.48 
2.15 2.76 3.26 1.56 3.19 1.66 5.14 0.89 2.16 1.94 0.53 4 0.96 0 3.84 0.15 2.86 3.48 4.78 3.38 3 4.01 3.35 3.67 3.73 1.78 2.88 2.59 0.99 4.65 3.78 
2.07 1.09 1.22 4.58 1.2 3.37 1.37 3.2 1.89 2.19 3.31 2.89 3.26 3.84 0 3.71 1.38 0.55 1.07 3.49 4.29 0.98 0.96 2.09 3.35 2.16 2.79 3.77 3.06 1.04 1.17 
2.01 2.62 3.15 1.56 3.08 1.55 5.01 0.75 2.01 1.84 0.4 3.87 0.91 0.15 3.71 0 2.75 3.35 4.65 3.27 2.92 3.87 3.21 3.53 3.6 1.64 2.75 2.5 0.92 4.51 3.64 
1.87 0.95 0.4 3.97 0.33 3 2.71 2.48 1.61 0.96 2.36 3.58 2.09 2.86 1.38 2.75 0 0.85 2.44 3.79 4.27 2.14 1.68 2.81 3.82 1.63 3.01 3.71 1.93 2.42 2.16 
1.95 0.87 0.68 4.37 0.66 3.23 1.87 2.92 1.72 1.72 2.96 3.17 2.82 3.48 0.55 3.35 0.85 0 1.6 3.62 4.31 1.43 1.17 2.37 3.55 1.92 2.88 3.76 2.63 1.59 1.54 
2.81 2.04 2.23 5.33 2.23 4.06 0.38 4.07 2.7 3.24 4.26 2.87 4.28 4.78 1.07 4.65 2.44 1.6 0 3.73 4.71 0.97 1.51 2.17 3.47 3.03 3.17 4.24 4.07 0.24 1.3 
1.98 2.88 4.03 2.7 3.95 1.73 4.07 2.56 2.23 3.61 3.14 1.1 3.73 3.38 3.49 3.27 3.79 3.62 3.73 0 1.15 2.79 2.53 1.56 0.46 2.41 0.78 0.99 3.53 3.49 2.46 
2.41 3.48 4.58 1.87 4.5 1.47 5.07 2.36 2.67 3.84 2.93 2.24 3.61 3 4.29 2.92 4.27 4.31 4.71 1.15 0 3.75 3.36 2.61 1.59 2.69 1.54 0.57 3.46 4.48 3.42 
1.93 1.42 2.09 4.42 2.06 3.13 1.34 3.23 1.86 2.73 3.5 2.02 3.64 4.01 0.98 3.87 2.14 1.43 0.97 2.79 3.75 0 0.67 1.26 2.57 2.23 2.21 3.28 3.41 0.75 0.34 
1.3 0.82 1.74 3.83 1.68 2.56 1.89 2.58 1.21 2.13 2.84 2.01 2.99 3.35 0.96 3.21 1.68 1.17 1.51 2.53 3.36 0.67 0 1.21 2.41 1.58 1.84 2.85 2.76 1.33 0.52 
1.58 1.87 2.92 3.64 2.86 2.36 2.52 2.8 1.69 3.02 3.24 0.81 3.61 3.67 2.09 3.53 2.81 2.37 2.17 1.56 2.61 1.26 1.21 0 1.31 2.05 1.13 2.21 3.38 1.94 0.95 
2.11 2.88 4.02 3.14 3.94 2.1 3.8 2.88 2.34 3.75 3.44 0.69 3.99 3.73 3.35 3.6 3.82 3.55 3.47 0.46 1.59 2.57 2.41 1.31 0 2.58 0.92 1.43 3.78 3.23 2.26 
0.5 1.09 1.98 2.45 1.9 1.37 3.4 1.04 0.39 1.21 1.28 2.59 1.56 1.78 2.16 1.64 1.63 1.92 3.03 2.41 2.69 2.23 1.58 2.05 2.58 0 1.67 2.12 1.33 2.88 2.01 
1.22 2.11 3.26 2.56 3.18 1.34 3.54 2.01 1.47 2.86 2.55 1.14 3.08 2.88 2.79 2.75 3.01 2.88 3.17 0.78 1.54 2.21 1.84 1.13 0.92 1.67 0 1.09 2.87 2.95 1.88 
1.85 2.92 4.02 1.73 3.93 0.97 4.61 1.88 2.11 3.29 2.46 2 3.12 2.59 3.77 2.5 3.71 3.76 4.24 0.99 0.57 3.28 2.85 2.21 1.43 2.12 1.09 0 2.95 4.02 2.95 
1.81 2.04 2.32 2.41 2.26 1.99 4.41 1.1 1.7 0.99 0.61 3.88 0.24 0.99 3.06 0.92 1.93 2.63 4.07 3.53 3.46 3.41 2.76 3.38 3.78 1.33 2.87 2.95 0 3.97 3.25 
2.63 1.93 2.25 5.15 2.24 3.86 0.6 3.91 2.53 3.17 4.13 2.63 4.18 4.65 1.04 4.51 2.42 1.59 0.24 3.49 4.48 0.75 1.33 1.94 3.23 2.88 2.95 4.02 3.97 0 1.08 
1.67 1.34 2.17 4.12 2.13 2.82 1.67 2.98 1.63 2.64 3.29 1.74 3.48 3.78 1.17 3.64 2.16 1.54 1.3 2.46 3.42 0.34 0.52 0.95 2.26 2.01 1.88 2.95 3.25 1.08 0 
