Number_Of_Customers: 25
Vehicle_Capacity:    50
Alpha:               0
Number_Of_Scenarios: 3

Location_Coordinates:
0 0 0
1 -1.35382 1.31442
2 1.39806 2.25946
3 -0.307305 0.119853
4 -0.625307 0.45832
5 -2.02228 1.60423
6 2.34563 -2.03435
7 -1.28069 0.379145
8 2.29706 1.68692
9 2.0919 -1.42992
10 2.33964 2.32034
11 -1.98252 -0.275059
12 2.09005 -2.44973
13 2.31633 0.625824
14 -1.7804 1.77946
15 2.35504 1.2139
16 2.01103 -0.67871
17 -2.07346 1.29533
18 0.564352 0.0645833
19 0.450951 -0.869209
20 1.21025 0.711537
21 -1.1967 2.13282
22 1.24255 -1.52897
23 -2.43519 1.78757
24 -1.24355 -0.337714
25 -0.967417 0.62651

Demand_per_scenario:
1 3 4 5
2 2 3 3
3 2 3 4
4 4 5 6
5 4 5 6
6 3 5 6
7 4 5 7
8 4 5 6
9 4 5 6
10 5 7 9
11 6 8 9
12 4 6 7
13 3 4 5
14 6 8 10
15 4 5 6
16 3 3 4
17 3 4 5
18 4 5 6
19 5 7 9
20 6 8 10
21 6 8 9
22 4 5 6
23 4 5 6
24 5 7 8
25 4 5 6

Probability_of_each_scenario_occuring:
0.333333 0.333333 0.333333 

Travel_Costs:
0 1.89 2.66 0.33 0.78 2.59 3.11 1.34 2.85 2.54 3.3 2.01 3.23 2.4 2.52 2.65 2.13 2.45 0.57 0.98 1.41 2.45 1.98 3.03 1.29 1.16 
1.89 0 2.91 1.59 1.13 0.73 5 0.94 3.67 4.41 3.83 1.71 5.11 3.74 0.64 3.72 3.92 0.72 2.29 2.84 2.64 0.84 3.86 1.19 1.66 0.79 
2.66 2.91 0 2.74 2.71 3.49 4.4 3.28 1.07 3.76 0.95 4.23 4.76 1.88 3.22 1.42 3.01 3.61 2.35 3.27 1.56 2.6 3.8 3.87 3.71 2.88 
0.33 1.59 2.74 0 0.47 2.27 3.42 1.01 3.04 2.86 3.45 1.73 3.52 2.68 2.22 2.88 2.46 2.13 0.88 1.25 1.63 2.21 2.27 2.71 1.05 0.84 
0.78 1.13 2.71 0.47 0 1.81 3.88 0.67 3.18 3.31 3.51 1.55 3.98 2.95 1.76 3.08 2.88 1.68 1.26 1.71 1.86 1.77 2.73 2.25 1.01 0.39 
2.59 0.73 3.49 2.27 1.81 0 5.69 1.44 4.33 5.12 4.43 1.88 5.78 4.45 0.3 4.4 4.64 0.32 3.02 3.5 3.36 0.99 4.53 0.46 2.1 1.44 
3.11 5 4.4 3.42 3.88 5.69 0 4.36 3.73 0.66 4.36 4.68 0.49 2.67 5.62 3.25 1.4 5.54 2.76 2.23 2.98 5.47 1.22 6.13 3.97 4.25 
1.34 0.94 3.28 1.01 0.67 1.44 4.36 0 3.81 3.83 4.11 0.96 4.41 3.61 1.49 3.74 3.46 1.22 1.88 2.14 2.52 1.76 3.17 1.83 0.72 0.4 
2.85 3.67 1.07 3.04 3.18 4.33 3.73 3.81 0 3.13 0.64 4.71 4.15 1.07 4.08 0.48 2.39 4.39 2.38 3.16 1.47 3.53 3.39 4.74 4.08 3.44 
2.54 4.41 3.76 2.86 3.31 5.12 0.66 3.83 3.13 0 3.76 4.24 1.02 2.07 5.03 2.66 0.76 4.98 2.14 1.74 2.32 4.85 0.86 5.56 3.51 3.69 
3.3 3.83 0.95 3.45 3.51 4.43 4.36 4.11 0.64 3.76 0 5.05 4.78 1.7 4.16 1.11 3.02 4.54 2.88 3.71 1.97 3.55 4.01 4.81 4.47 3.72 
2.01 1.71 4.23 1.73 1.55 1.88 4.68 0.96 4.71 4.24 5.05 0 4.62 4.4 2.07 4.59 4.02 1.58 2.57 2.51 3.35 2.54 3.47 2.12 0.75 1.36 
3.23 5.11 4.76 3.52 3.98 5.78 0.49 4.41 4.15 1.02 4.78 4.62 0 3.09 5.74 3.68 1.78 5.61 2.95 2.28 3.29 5.64 1.26 6.2 3.95 4.34 
2.4 3.74 1.88 2.68 2.95 4.45 2.67 3.61 1.07 2.07 1.7 4.4 3.09 0 4.26 0.59 1.34 4.45 1.84 2.4 1.11 3.83 2.41 4.9 3.69 3.29 
2.52 0.64 3.22 2.22 1.76 0.3 5.62 1.49 4.08 5.03 4.16 2.07 5.74 4.26 0 4.18 4.52 0.57 2.91 3.47 3.18 0.69 4.49 0.66 2.19 1.42 
2.65 3.72 1.42 2.88 3.08 4.4 3.25 3.74 0.48 2.66 1.11 4.59 3.68 0.59 4.18 0 1.93 4.43 2.13 2.83 1.26 3.67 2.96 4.83 3.92 3.38 
2.13 3.92 3.01 2.46 2.88 4.64 1.4 3.46 2.39 0.76 3.02 4.02 1.78 1.34 4.52 1.93 0 4.54 1.63 1.58 1.61 4.27 1.15 5.09 3.28 3.26 
2.45 0.72 3.61 2.13 1.68 0.32 5.54 1.22 4.39 4.98 4.54 1.58 5.61 4.45 0.57 4.43 4.54 0 2.92 3.33 3.34 1.22 4.36 0.62 1.84 1.3 
0.57 2.29 2.35 0.88 1.26 3.02 2.76 1.88 2.38 2.14 2.88 2.57 2.95 1.84 2.91 2.13 1.63 2.92 0 0.95 0.92 2.72 1.74 3.46 1.86 1.64 
0.98 2.84 3.27 1.25 1.71 3.5 2.23 2.14 3.16 1.74 3.71 2.51 2.28 2.4 3.47 2.83 1.58 3.33 0.95 0 1.76 3.43 1.04 3.93 1.78 2.07 
1.41 2.64 1.56 1.63 1.86 3.36 2.98 2.52 1.47 2.32 1.97 3.35 3.29 1.11 3.18 1.26 1.61 3.34 0.92 1.76 0 2.8 2.25 3.81 2.67 2.18 
2.45 0.84 2.6 2.21 1.77 0.99 5.47 1.76 3.53 4.85 3.55 2.54 5.64 3.83 0.69 3.67 4.27 1.22 2.72 3.43 2.8 0 4.4 1.29 2.48 1.53 
1.98 3.86 3.8 2.27 2.73 4.53 1.22 3.17 3.39 0.86 4.01 3.47 1.26 2.41 4.49 2.96 1.15 4.36 1.74 1.04 2.25 4.4 0 4.96 2.76 3.09 
3.03 1.19 3.87 2.71 2.25 0.46 6.13 1.83 4.74 5.56 4.81 2.12 6.2 4.9 0.66 4.83 5.09 0.62 3.46 3.93 3.81 1.29 4.96 0 2.44 1.88 
1.29 1.66 3.71 1.05 1.01 2.1 3.97 0.72 4.08 3.51 4.47 0.75 3.95 3.69 2.19 3.92 3.28 1.84 1.86 1.78 2.67 2.48 2.76 2.44 0 1.01 
1.16 0.79 2.88 0.84 0.39 1.44 4.25 0.4 3.44 3.69 3.72 1.36 4.34 3.29 1.42 3.38 3.26 1.3 1.64 2.07 2.18 1.53 3.09 1.88 1.01 0 
