Number_Of_Customers: 30
Vehicle_Capacity:    50
Alpha:               0.75
Number_Of_Scenarios: 3

Location_Coordinates:
0 0 0
1 -0.322557 -1.2162
2 -0.700448 -2.43084
3 -0.168648 0.537013
4 0.580518 1.76658
5 0.900131 -1.49269
6 2.38639 -2.00183
7 0.181687 -1.38564
8 1.49791 0.337743
9 1.44619 1.19768
10 -0.602155 -0.414875
11 2.20038 1.77758
12 0.852107 1.36293
13 1.79997 2.05077
14 2.25949 0.209744
15 0.163827 -1.5597
16 1.17929 0.245263
17 2.14288 0.348198
18 2.16317 1.43636
19 0.865316 -1.63819
20 1.92954 -0.182509
21 -2.42344 -0.717441
22 1.96362 -2.49846
23 -1.69439 2.44502
24 -1.51731 -1.47276
25 2.26507 -1.03849
26 1.06648 -0.629335
27 -2.23641 -2.32847
28 0.477535 0.924047
29 0.451949 0.910018
30 -0.321925 -0.592023

Demand_per_scenario:
1 5 7 8
2 3 4 4
3 3 4 5
4 5 6 7
5 3 4 5
6 6 8 10
7 5 7 8
8 4 6 7
9 3 4 5
10 4 5 6
11 3 4 5
12 2 2 3
13 2 3 4
14 3 3 4
15 5 6 7
16 5 6 7
17 4 5 5
18 5 6 7
19 2 3 3
20 7 9 10
21 5 6 7
22 4 5 6
23 4 5 6
24 4 5 6
25 4 6 7
26 6 8 9
27 4 6 7
28 5 6 8
29 5 6 7
30 4 6 7

Probability_of_each_scenario_occuring:
0.333333 0.333333 0.333333 

Travel_Costs:
0 1.26 2.53 0.57 1.86 1.75 3.12 1.4 1.54 1.88 0.74 2.83 1.61 2.73 2.27 1.57 1.21 2.18 2.6 1.86 1.94 2.53 3.18 2.98 2.12 2.5 1.24 3.23 1.05 1.02 0.68 
1.26 0 1.28 1.76 3.12 1.26 2.83 0.54 2.4 3 0.85 3.92 2.84 3.9 2.95 0.6 2.1 2.92 3.64 1.27 2.48 2.16 2.63 3.91 1.23 2.6 1.51 2.22 2.29 2.27 0.63 
2.53 1.28 0 3.02 4.39 1.86 3.12 1.37 3.54 4.22 2.02 5.12 4.1 5.14 3.97 1.23 3.28 3.98 4.82 1.76 3.47 2.43 2.67 4.98 1.26 3.28 2.53 1.54 3.56 3.54 1.88 
0.57 1.76 3.02 0 1.44 2.3 3.61 1.96 1.68 1.75 1.05 2.68 1.32 2.49 2.46 2.13 1.38 2.32 2.5 2.41 2.22 2.59 3.71 2.45 2.43 2.9 1.7 3.54 0.76 0.73 1.14 
1.86 3.12 4.39 1.44 0 3.28 4.18 3.18 1.7 1.04 2.49 1.62 0.49 1.26 2.29 3.36 1.64 2.12 1.62 3.42 2.38 3.9 4.49 2.38 3.86 3.28 2.45 4.98 0.85 0.87 2.53 
1.75 1.26 1.86 2.3 3.28 0 1.58 0.73 1.93 2.75 1.85 3.52 2.86 3.66 2.18 0.74 1.77 2.23 3.19 0.15 1.67 3.42 1.47 4.72 2.42 1.44 0.88 3.25 2.46 2.45 1.52 
3.12 2.83 3.12 3.61 4.18 1.58 0 2.29 2.51 3.34 3.39 3.79 3.7 4.1 2.22 2.27 2.56 2.37 3.45 1.57 1.88 4.98 0.66 6.04 3.94 0.98 1.91 4.64 3.5 3.5 3.06 
1.4 0.54 1.37 1.96 3.18 0.73 2.29 0 2.17 2.88 1.25 3.76 2.83 3.8 2.62 0.18 1.92 2.62 3.45 0.73 2.13 2.69 2.11 4.27 1.71 2.12 1.17 2.6 2.33 2.32 0.94 
1.54 2.4 3.54 1.68 1.7 1.93 2.51 2.17 0 0.87 2.24 1.61 1.22 1.74 0.78 2.32 0.34 0.65 1.29 2.08 0.68 4.07 2.88 3.83 3.52 1.58 1.06 4.59 1.18 1.2 2.05 
1.88 3 4.22 1.75 1.04 2.75 3.34 2.88 0.87 0 2.61 0.96 0.62 0.93 1.28 3.05 0.99 1.1 0.76 2.9 1.47 4.32 3.74 3.38 3.99 2.39 1.87 5.1 1.01 1.04 2.52 
0.74 0.85 2.02 1.05 2.49 1.85 3.39 1.25 2.24 2.61 0 3.56 2.3 3.45 2.93 1.38 1.9 2.85 3.33 1.92 2.55 1.85 3.31 3.07 1.4 2.94 1.69 2.52 1.73 1.7 0.34 
2.83 3.92 5.12 2.68 1.62 3.52 3.79 3.76 1.61 0.96 3.56 0 1.42 0.49 1.57 3.91 1.85 1.44 0.35 3.67 1.98 5.26 4.29 3.96 4.94 2.82 2.67 6.05 1.93 1.96 3.47 
1.61 2.84 4.1 1.32 0.49 2.86 3.7 2.83 1.22 0.62 2.3 1.42 0 1.18 1.82 3.01 1.17 1.65 1.32 3.01 1.89 3.89 4.02 2.77 3.7 2.79 2.01 4.82 0.58 0.61 2.29 
2.73 3.9 5.14 2.49 1.26 3.66 4.1 3.8 1.74 0.93 3.45 0.49 1.18 0 1.9 3.97 1.91 1.74 0.72 3.81 2.24 5.05 4.56 3.52 4.84 3.13 2.78 5.96 1.74 1.77 3.39 
2.27 2.95 3.97 2.46 2.29 2.18 2.22 2.62 0.78 1.28 2.93 1.57 1.82 1.9 0 2.75 1.09 0.19 1.24 2.32 0.52 4.78 2.73 4.55 4.14 1.25 1.46 5.17 1.92 1.94 2.71 
1.57 0.6 1.23 2.13 3.36 0.74 2.27 0.18 2.32 3.05 1.38 3.91 3.01 3.97 2.75 0 2.08 2.75 3.61 0.71 2.24 2.73 2.03 4.42 1.69 2.17 1.3 2.53 2.51 2.49 1.09 
1.21 2.1 3.28 1.38 1.64 1.77 2.56 1.92 0.34 0.99 1.9 1.85 1.17 1.91 1.09 2.08 0 0.97 1.55 1.91 0.87 3.73 2.86 3.62 3.2 1.69 0.89 4.28 0.98 0.99 1.72 
2.18 2.92 3.98 2.32 2.12 2.23 2.37 2.62 0.65 1.1 2.85 1.44 1.65 1.74 0.19 2.75 0.97 0 1.09 2.37 0.58 4.69 2.86 4.38 4.09 1.4 1.46 5.14 1.77 1.79 2.64 
2.6 3.64 4.82 2.5 1.62 3.19 3.45 3.45 1.29 0.76 3.33 0.35 1.32 0.72 1.24 3.61 1.55 1.09 0 3.34 1.64 5.07 3.94 3.99 4.7 2.48 2.34 5.8 1.77 1.8 3.21 
1.86 1.27 1.76 2.41 3.42 0.15 1.57 0.73 2.08 2.9 1.92 3.67 3.01 3.81 2.32 0.71 1.91 2.37 3.34 0 1.81 3.42 1.4 4.82 2.39 1.53 1.03 3.18 2.6 2.59 1.59 
1.94 2.48 3.47 2.22 2.38 1.67 1.88 2.13 0.68 1.47 2.55 1.98 1.89 2.24 0.52 2.24 0.87 0.58 1.64 1.81 0 4.39 2.32 4.48 3.69 0.92 0.98 4.69 1.83 1.84 2.29 
2.53 2.16 2.43 2.59 3.9 3.42 4.98 2.69 4.07 4.32 1.85 5.26 3.89 5.05 4.78 2.73 3.73 4.69 5.07 3.42 4.39 0 4.74 3.25 1.18 4.7 3.5 1.63 3.34 3.31 2.11 
3.18 2.63 2.67 3.71 4.49 1.47 0.66 2.11 2.88 3.74 3.31 4.29 4.02 4.56 2.73 2.03 2.86 2.86 3.94 1.4 2.32 4.74 0 6.15 3.63 1.5 2.08 4.21 3.74 3.73 2.98 
2.98 3.91 4.98 2.45 2.38 4.72 6.04 4.27 3.83 3.38 3.07 3.96 2.77 3.52 4.55 4.42 3.62 4.38 3.99 4.82 4.48 3.25 6.15 0 3.93 5.28 4.14 4.81 2.66 2.64 3.34 
2.12 1.23 1.26 2.43 3.86 2.42 3.94 1.71 3.52 3.99 1.4 4.94 3.7 4.84 4.14 1.69 3.2 4.09 4.7 2.39 3.69 1.18 3.63 3.93 0 3.81 2.72 1.12 3.12 3.1 1.49 
2.5 2.6 3.28 2.9 3.28 1.44 0.98 2.12 1.58 2.39 2.94 2.82 2.79 3.13 1.25 2.17 1.69 1.4 2.48 1.53 0.92 4.7 1.5 5.28 3.81 0 1.27 4.69 2.66 2.67 2.63 
1.24 1.51 2.53 1.7 2.45 0.88 1.91 1.17 1.06 1.87 1.69 2.67 2.01 2.78 1.46 1.3 0.89 1.46 2.34 1.03 0.98 3.5 2.08 4.14 2.72 1.27 0 3.72 1.67 1.66 1.39 
3.23 2.22 1.54 3.54 4.98 3.25 4.64 2.6 4.59 5.1 2.52 6.05 4.82 5.96 5.17 2.53 4.28 5.14 5.8 3.18 4.69 1.63 4.21 4.81 1.12 4.69 3.72 0 4.24 4.21 2.59 
1.05 2.29 3.56 0.76 0.85 2.46 3.5 2.33 1.18 1.01 1.73 1.93 0.58 1.74 1.92 2.51 0.98 1.77 1.77 2.6 1.83 3.34 3.74 2.66 3.12 2.66 1.67 4.24 0 0.03 1.72 
1.02 2.27 3.54 0.73 0.87 2.45 3.5 2.32 1.2 1.04 1.7 1.96 0.61 1.77 1.94 2.49 0.99 1.79 1.8 2.59 1.84 3.31 3.73 2.64 3.1 2.67 1.66 4.21 0.03 0 1.69 
0.68 0.63 1.88 1.14 2.53 1.52 3.06 0.94 2.05 2.52 0.34 3.47 2.29 3.39 2.71 1.09 1.72 2.64 3.21 1.59 2.29 2.11 2.98 3.34 1.49 2.63 1.39 2.59 1.72 1.69 0 
