Number_Of_Customers: 25
Vehicle_Capacity:    50
Alpha:               0
Number_Of_Scenarios: 3

Location_Coordinates:
0 0 0
1 1.95568 -0.966862
2 -0.0412879 1.07401
3 0.900907 1.54593
4 2.36837 0.130863
5 -0.57828 0.840377
6 -0.782057 0.962687
7 -0.118473 -1.17964
8 -1.25791 -1.70631
9 2.085 -2.42027
10 2.46966 -2.35501
11 -0.623439 1.8574
12 2.32224 -0.0673333
13 -1.6711 -1.18854
14 -0.783513 1.49761
15 0.386547 1.69528
16 -2.3973 -1.43511
17 0.0477212 2.05033
18 -0.0579719 0.666275
19 -1.92229 2.03321
20 2.13149 -1.11997
21 1.60283 -1.19046
22 2.00613 1.94598
23 1.01041 2.03934
24 0.105061 0.758451
25 2.28434 -2.1557

Demand_per_scenario:
1 3 4 5
2 4 5 6
3 6 8 9
4 3 4 5
5 4 5 6
6 5 7 8
7 4 5 7
8 6 7 9
9 3 4 5
10 4 6 7
11 6 7 9
12 4 5 7
13 3 4 4
14 4 5 6
15 6 8 9
16 6 8 10
17 3 4 5
18 3 4 5
19 5 7 8
20 5 6 7
21 5 6 7
22 4 5 6
23 2 3 3
24 5 7 8
25 5 6 7

Probability_of_each_scenario_occuring:
0.333333 0.333333 0.333333 

Travel_Costs:
0 2.19 1.08 1.79 2.38 1.03 1.25 1.19 2.12 3.2 3.42 1.96 2.33 2.06 1.7 1.74 2.8 2.06 0.67 2.8 2.41 2 2.8 2.28 0.77 3.15 
2.19 0 2.86 2.73 1.18 3.12 3.35 2.09 3.3 1.46 1.49 3.83 0.98 3.64 3.69 3.1 4.38 3.57 2.6 4.91 0.24 0.42 2.92 3.16 2.54 1.24 
1.08 2.86 0 1.06 2.59 0.59 0.75 2.26 3.04 4.1 4.26 0.98 2.63 2.79 0.86 0.76 3.45 0.99 0.41 2.12 3.09 2.8 2.23 1.43 0.35 3.98 
1.79 2.73 1.06 0 2.04 1.64 1.79 2.91 3.91 4.14 4.21 1.56 2.16 3.76 1.69 0.54 4.45 1 1.31 2.87 2.94 2.83 1.18 0.51 1.12 3.96 
2.38 1.18 2.59 2.04 0 3.04 3.26 2.82 4.07 2.57 2.49 3.46 0.21 4.25 3.44 2.53 5.02 3.02 2.49 4.7 1.28 1.53 1.86 2.35 2.35 2.29 
1.03 3.12 0.59 1.64 3.04 0 0.24 2.08 2.64 4.22 4.42 1.02 3.04 2.31 0.69 1.29 2.92 1.37 0.55 1.8 3.35 2.99 2.82 2 0.69 4.15 
1.25 3.35 0.75 1.79 3.26 0.24 0 2.25 2.72 4.44 4.65 0.91 3.28 2.33 0.54 1.38 2.9 1.37 0.79 1.57 3.59 3.22 2.96 2.1 0.92 4.38 
1.19 2.09 2.26 2.91 2.82 2.08 2.25 0 1.26 2.53 2.85 3.08 2.69 1.56 2.76 2.92 2.3 3.24 1.85 3.69 2.26 1.73 3.78 3.42 1.96 2.6 
2.12 3.3 3.04 3.91 4.07 2.64 2.72 1.26 0 3.42 3.79 3.62 3.94 0.67 3.24 3.78 1.18 3.98 2.66 3.8 3.44 2.91 4.9 4.38 2.82 3.58 
3.2 1.46 4.1 4.14 2.57 4.22 4.44 2.53 3.42 0 0.4 5.07 2.37 3.96 4.86 4.46 4.59 4.92 3.76 6 1.31 1.33 4.37 4.59 3.75 0.34 
3.42 1.49 4.26 4.21 2.49 4.42 4.65 2.85 3.79 0.4 0 5.23 2.3 4.31 5.05 4.56 4.96 5.03 3.94 6.21 1.29 1.46 4.33 4.64 3.91 0.28 
1.96 3.83 0.98 1.56 3.46 1.02 0.91 3.08 3.62 5.07 5.23 0 3.52 3.23 0.4 1.03 3.74 0.7 1.32 1.32 4.06 3.78 2.64 1.65 1.32 4.96 
2.33 0.98 2.63 2.16 0.21 3.04 3.28 2.69 3.94 2.37 2.3 3.52 0 4.15 3.48 2.62 4.92 3.11 2.5 4.74 1.07 1.34 2.04 2.49 2.37 2.09 
2.06 3.64 2.79 3.76 4.25 2.31 2.33 1.56 0.67 3.96 4.31 3.23 4.15 0 2.83 3.55 0.77 3.67 2.46 3.24 3.81 3.28 4.84 4.2 2.64 4.08 
1.7 3.69 0.86 1.69 3.44 0.69 0.54 2.76 3.24 4.86 5.05 0.4 3.48 2.83 0 1.19 3.35 1 1.11 1.26 3.92 3.6 2.83 1.88 1.16 4.78 
1.74 3.1 0.76 0.54 2.53 1.29 1.38 2.92 3.78 4.46 4.56 1.03 2.62 3.55 1.19 0 4.19 0.5 1.13 2.34 3.32 3.14 1.64 0.72 0.98 4.3 
2.8 4.38 3.45 4.45 5.02 2.92 2.9 2.3 1.18 4.59 4.96 3.74 4.92 0.77 3.35 4.19 0 4.26 3.15 3.51 4.54 4.01 5.56 4.87 3.33 4.74 
2.06 3.57 0.99 1 3.02 1.37 1.37 3.24 3.98 4.92 5.03 0.7 3.11 3.67 1 0.5 4.26 0 1.39 1.98 3.8 3.6 1.97 0.97 1.3 4.77 
0.67 2.6 0.41 1.31 2.49 0.55 0.79 1.85 2.66 3.76 3.94 1.32 2.5 2.46 1.11 1.13 3.15 1.39 0 2.32 2.83 2.5 2.43 1.74 0.19 3.67 
2.8 4.91 2.12 2.87 4.7 1.8 1.57 3.69 3.8 6 6.21 1.32 4.74 3.24 1.26 2.34 3.51 1.98 2.32 0 5.14 4.78 3.93 2.94 2.4 5.94 
2.41 0.24 3.09 2.94 1.28 3.35 3.59 2.26 3.44 1.31 1.29 4.06 1.07 3.81 3.92 3.32 4.54 3.8 2.83 5.14 0 0.54 3.07 3.36 2.77 1.05 
2 0.42 2.8 2.83 1.53 2.99 3.22 1.73 2.91 1.33 1.46 3.78 1.34 3.28 3.6 3.14 4.01 3.6 2.5 4.78 0.54 0 3.17 3.29 2.46 1.19 
2.8 2.92 2.23 1.18 1.86 2.82 2.96 3.78 4.9 4.37 4.33 2.64 2.04 4.84 2.83 1.64 5.56 1.97 2.43 3.93 3.07 3.17 0 1.01 2.25 4.12 
2.28 3.16 1.43 0.51 2.35 2 2.1 3.42 4.38 4.59 4.64 1.65 2.49 4.2 1.88 0.72 4.87 0.97 1.74 2.94 3.36 3.29 1.01 0 1.57 4.39 
0.77 2.54 0.35 1.12 2.35 0.69 0.92 1.96 2.82 3.75 3.91 1.32 2.37 2.64 1.16 0.98 3.33 1.3 0.19 2.4 2.77 2.46 2.25 1.57 0 3.64 
3.15 1.24 3.98 3.96 2.29 4.15 4.38 2.6 3.58 0.34 0.28 4.96 2.09 4.08 4.78 4.3 4.74 4.77 3.67 5.94 1.05 1.19 4.12 4.39 3.64 0 
