Number_Of_Customers: 25
Vehicle_Capacity:    50
Alpha:               0.75
Number_Of_Scenarios: 3

Location_Coordinates:
0 0 0
1 0.809598 1.90558
2 2.05782 0.707673
3 -1.1356 -1.08741
4 -1.1381 1.9339
5 -1.94925 -1.11302
6 -1.59436 -1.38269
7 1.06997 -1.94291
8 0.444872 1.96028
9 1.42427 -2.30786
10 1.85859 2.31693
11 0.700748 2.47196
12 1.28875 -0.0368809
13 0.142456 -0.733617
14 0.0909663 -1.12912
15 -2.04496 0.402761
16 -0.793554 -2.2562
17 -0.0243315 1.06099
18 2.14164 -0.489315
19 1.09069 1.15615
20 1.35532 -1.08862
21 -1.43008 -0.297064
22 2.23952 -0.415571
23 0.495496 -2.19223
24 0.200392 -2.01487
25 1.10271 -1.73953

Demand_per_scenario:
1 3 4 4
2 5 7 8
3 5 7 8
4 3 5 6
5 6 9 11
6 3 4 5
7 4 5 6
8 5 8 9
9 6 8 10
10 4 5 6
11 4 6 8
12 8 11 13
13 5 6 8
14 5 7 8
15 4 5 6
16 3 4 5
17 5 7 9
18 3 5 5
19 5 7 9
20 5 8 9
21 5 7 8
22 4 6 8
23 2 3 4
24 4 6 7
25 3 4 5

Probability_of_each_scenario_occuring:
0.333333 0.333333 0.333333 

Travel_Costs:
0 2.08 2.18 1.58 2.25 2.25 2.12 2.22 2.02 2.72 2.98 2.57 1.29 0.75 1.14 2.09 2.4 1.07 2.2 1.59 1.74 1.47 2.28 2.25 2.03 2.06 
2.08 0 1.74 3.57 1.95 4.09 4.08 3.86 0.37 4.26 1.13 0.58 2.01 2.73 3.12 3.23 4.46 1.19 2.75 0.81 3.05 3.15 2.73 4.11 3.97 3.66 
2.18 1.74 0 3.67 3.43 4.41 4.21 2.83 2.05 3.09 1.63 2.23 1.08 2.4 2.7 4.12 4.12 2.12 1.2 1.07 1.93 3.63 1.14 3.3 3.3 2.63 
1.58 3.57 3.67 0 3.03 0.82 0.55 2.37 3.44 2.84 4.54 4.01 2.65 1.33 1.23 1.75 1.22 2.42 3.34 3.17 2.5 0.85 3.45 1.98 1.63 2.34 
2.25 1.95 3.43 3.03 0 3.16 3.35 4.47 1.59 4.96 3.03 1.92 3.13 2.96 3.31 1.78 4.21 1.42 4.08 2.37 3.92 2.25 4.12 4.44 4.17 4.31 
2.25 4.09 4.41 0.82 3.16 0 0.45 3.14 3.9 3.58 5.13 4.46 3.42 2.13 2.05 1.52 1.63 2.91 4.14 3.8 3.31 0.97 4.25 2.68 2.34 3.12 
2.12 4.08 4.21 0.55 3.35 0.45 0 2.73 3.92 3.16 5.07 4.49 3.19 1.86 1.71 1.85 1.19 2.91 3.85 3.7 2.97 1.1 3.96 2.25 1.91 2.73 
2.22 3.86 2.83 2.37 4.47 3.14 2.73 0 3.96 0.51 4.34 4.44 1.92 1.53 1.28 3.9 1.89 3.2 1.81 3.1 0.91 3 1.93 0.63 0.88 0.21 
2.02 0.37 2.05 3.44 1.59 3.9 3.92 3.96 0 4.38 1.46 0.58 2.17 2.72 3.11 2.94 4.4 1.02 2.98 1.04 3.19 2.94 2.98 4.16 3.99 3.76 
2.72 4.26 3.09 2.84 4.96 3.58 3.16 0.51 4.38 0 4.65 4.84 2.28 2.04 1.78 4.41 2.22 3.67 1.96 3.49 1.23 3.5 2.07 0.94 1.26 0.66 
2.98 1.13 1.63 4.54 3.03 5.13 5.07 4.34 1.46 4.65 0 1.17 2.43 3.51 3.88 4.35 5.29 2.27 2.83 1.4 3.45 4.21 2.76 4.72 4.64 4.13 
2.57 0.58 2.23 4.01 1.92 4.46 4.49 4.44 0.58 4.84 1.17 0 2.58 3.26 3.66 3.44 4.96 1.59 3.3 1.38 3.63 3.5 3.28 4.67 4.52 4.24 
1.29 2.01 1.08 2.65 3.13 3.42 3.19 1.92 2.17 2.28 2.43 2.58 0 1.35 1.63 3.37 3.05 1.72 0.97 1.21 1.06 2.74 1.03 2.3 2.26 1.72 
0.75 2.73 2.4 1.33 2.96 2.13 1.86 1.53 2.72 2.04 3.51 3.26 1.35 0 0.4 2.47 1.79 1.81 2.02 2.12 1.27 1.64 2.13 1.51 1.29 1.4 
1.14 3.12 2.7 1.23 3.31 2.05 1.71 1.28 3.11 1.78 3.88 3.66 1.63 0.4 0 2.63 1.44 2.2 2.15 2.5 1.27 1.74 2.27 1.14 0.9 1.19 
2.09 3.23 4.12 1.75 1.78 1.52 1.85 3.9 2.94 4.41 4.35 3.44 3.37 2.47 2.63 0 2.94 2.13 4.29 3.23 3.72 0.94 4.37 3.64 3.3 3.81 
2.4 4.46 4.12 1.22 4.21 1.63 1.19 1.89 4.4 2.22 5.29 4.96 3.05 1.79 1.44 2.94 0 3.41 3.43 3.9 2.45 2.06 3.55 1.3 1.03 1.97 
1.07 1.19 2.12 2.42 1.42 2.91 2.91 3.2 1.02 3.67 2.27 1.59 1.72 1.81 2.2 2.13 3.41 0 2.67 1.12 2.56 1.96 2.71 3.3 3.09 3.02 
2.2 2.75 1.2 3.34 4.08 4.14 3.85 1.81 2.98 1.96 2.83 3.3 0.97 2.02 2.15 4.29 3.43 2.67 0 1.96 0.99 3.58 0.13 2.37 2.47 1.63 
1.59 0.81 1.07 3.17 2.37 3.8 3.7 3.1 1.04 3.49 1.4 1.38 1.21 2.12 2.5 3.23 3.9 1.12 1.96 0 2.27 2.91 1.95 3.41 3.3 2.9 
1.74 3.05 1.93 2.5 3.92 3.31 2.97 0.91 3.19 1.23 3.45 3.63 1.06 1.27 1.27 3.72 2.45 2.56 0.99 2.27 0 2.9 1.12 1.4 1.49 0.7 
1.47 3.15 3.63 0.85 2.25 0.97 1.1 3 2.94 3.5 4.21 3.5 2.74 1.64 1.74 0.94 2.06 1.96 3.58 2.91 2.9 0 3.68 2.71 2.37 2.92 
2.28 2.73 1.14 3.45 4.12 4.25 3.96 1.93 2.98 2.07 2.76 3.28 1.03 2.13 2.27 4.37 3.55 2.71 0.13 1.95 1.12 3.68 0 2.49 2.6 1.75 
2.25 4.11 3.3 1.98 4.44 2.68 2.25 0.63 4.16 0.94 4.72 4.67 2.3 1.51 1.14 3.64 1.3 3.3 2.37 3.41 1.4 2.71 2.49 0 0.35 0.76 
2.03 3.97 3.3 1.63 4.17 2.34 1.91 0.88 3.99 1.26 4.64 4.52 2.26 1.29 0.9 3.3 1.03 3.09 2.47 3.3 1.49 2.37 2.6 0.35 0 0.95 
2.06 3.66 2.63 2.34 4.31 3.12 2.73 0.21 3.76 0.66 4.13 4.24 1.72 1.4 1.19 3.81 1.97 3.02 1.63 2.9 0.7 2.92 1.75 0.76 0.95 0 
