Number_Of_Customers: 50
Vehicle_Capacity:    50
Alpha:               0.75
Number_Of_Scenarios: 3

Location_Coordinates:
0 0 0
1 -0.442222 -2.43168
2 0.713639 -0.875196
3 0.585997 -1.15364
4 0.727417 0.694666
5 0.249759 -2.30433
6 1.17057 -1.18638
7 0.522897 -1.67626
8 2.14213 -2.22248
9 1.82555 1.94587
10 -0.683329 0.288914
11 0.779258 1.99015
12 -1.53735 1.79199
13 -2.09238 -1.61782
14 -0.67412 0.0609229
15 -1.06838 -1.28366
16 0.463032 2.17655
17 1.27828 -0.930499
18 1.0959 -1.21321
19 -0.419195 -0.414827
20 -1.9937 1.88132
21 -0.68984 0.860267
22 -1.49376 -0.62702
23 1.67884 1.30396
24 0.711218 -1.55874
25 2.30571 2.14618
26 0.799394 0.41128
27 2.37504 2.31377
28 2.47314 1.08253
29 -0.843821 -2.1031
30 -1.80522 -0.297386
31 1.83341 -0.80042
32 2.34116 -2.06411
33 -1.43269 0.832379
34 -0.201162 -0.937029
35 1.354 1.7138
36 -1.13939 0.329833
37 -1.4904 0.843482
38 1.40848 2.27981
39 1.75285 0.157595
40 -1.29687 -1.42432
41 1.46046 0.887399
42 -0.483194 -1.04378
43 2.15541 0.905354
44 1.28106 0.780325
45 -0.0847245 1.03573
46 2.44168 2.23727
47 1.82439 2.49829
48 -1.30233 1.7359
49 0.239444 -0.66275
50 1.15973 1.56605

Demand_per_scenario:
1 4 5 6
2 5 7 8
3 5 7 8
4 4 6 7
5 5 7 8
6 4 5 6
7 4 6 7
8 4 6 7
9 4 5 6
10 4 5 6
11 5 7 8
12 4 5 6
13 2 2 3
14 5 7 9
15 3 4 5
16 6 8 9
17 4 5 6
18 6 8 9
19 4 5 6
20 5 7 8
21 3 4 5
22 2 3 4
23 3 4 5
24 3 5 6
25 6 8 10
26 5 7 8
27 4 5 6
28 4 6 7
29 4 5 7
30 4 5 6
31 4 5 6
32 1 1 2
33 6 8 10
34 4 5 6
35 4 5 6
36 4 5 6
37 6 8 9
38 5 6 8
39 4 6 7
40 4 6 7
41 3 3 4
42 4 5 6
43 4 6 7
44 5 7 8
45 5 7 8
46 5 6 8
47 4 5 6
48 4 5 6
49 4 6 7
50 5 7 8

Probability_of_each_scenario_occuring:
0.333333 0.333333 0.333333 

Travel_Costs:
0 2.48 1.13 1.3 1.01 2.32 1.67 1.76 3.09 2.67 0.75 2.14 2.37 2.65 0.68 1.68 2.23 1.59 1.64 0.59 2.75 1.11 1.63 2.13 1.72 3.15 0.9 3.32 2.7 2.27 1.83 2.01 3.13 1.66 0.96 2.19 1.19 1.72 2.68 1.76 1.93 1.71 1.16 2.34 1.51 1.04 3.32 3.1 2.18 0.71 1.95 
2.48 0 1.94 1.65 3.34 0.71 2.04 1.23 2.6 4.94 2.74 4.59 4.37 1.84 2.51 1.31 4.7 2.29 1.97 2.02 4.59 3.31 2.09 4.3 1.45 5.34 3.11 5.52 4.57 0.52 2.54 2.8 2.81 3.42 1.52 4.52 2.85 3.44 5.07 3.4 1.33 3.83 1.39 4.23 3.65 3.49 5.49 5.43 4.26 1.9 4.31 
1.13 1.94 0 0.31 1.57 1.51 0.56 0.83 1.97 3.04 1.82 2.87 3.5 2.91 1.68 1.83 3.07 0.57 0.52 1.23 3.87 2.24 2.23 2.39 0.69 3.42 1.29 3.6 2.64 1.99 2.59 1.13 2.02 2.75 0.92 2.67 2.22 2.8 3.24 1.47 2.09 1.92 1.21 2.3 1.76 2.08 3.56 3.56 3.3 0.52 2.49 
1.3 1.65 0.31 0 1.86 1.2 0.59 0.53 1.89 3.34 1.93 3.15 3.64 2.72 1.76 1.66 3.34 0.73 0.52 1.25 3.99 2.39 2.15 2.69 0.43 3.73 1.58 3.91 2.93 1.72 2.54 1.3 1.98 2.84 0.82 2.97 2.28 2.89 3.54 1.76 1.91 2.23 1.08 2.59 2.06 2.29 3.87 3.86 3.46 0.61 2.78 
1.01 3.34 1.57 1.86 0 3.04 1.94 2.38 3.25 1.67 1.47 1.3 2.52 3.65 1.54 2.68 1.51 1.72 1.95 1.6 2.97 1.43 2.59 1.13 2.26 2.15 0.3 2.32 1.79 3.21 2.73 1.86 3.2 2.17 1.88 1.2 1.91 2.23 1.73 1.16 2.94 0.76 2.12 1.45 0.57 0.89 2.31 2.12 2.29 1.45 0.98 
2.32 0.71 1.51 1.2 3.04 0 1.45 0.69 1.9 4.54 2.76 4.33 4.47 2.45 2.54 1.67 4.49 1.72 1.39 2.01 4.75 3.31 2.42 3.89 0.88 4.91 2.78 5.09 4.06 1.12 2.88 2.19 2.11 3.56 1.44 4.17 2.98 3.6 4.73 2.89 1.78 3.42 1.46 3.74 3.26 3.36 5.05 5.06 4.33 1.65 3.98 
1.67 2.04 0.56 0.59 1.94 1.45 0 0.82 1.43 3.21 2.37 3.21 4.03 3.3 2.23 2.25 3.44 0.28 0.08 1.77 4.41 2.77 2.73 2.55 0.6 3.53 1.65 3.71 2.62 2.22 3.11 0.77 1.47 3.3 1.4 2.91 2.77 3.35 3.48 1.47 2.48 2.1 1.66 2.32 1.97 2.56 3.66 3.75 3.83 1.07 2.76 
1.76 1.23 0.83 0.53 2.38 0.69 0.82 0 1.71 3.85 2.31 3.68 4.04 2.62 2.11 1.64 3.86 1.07 0.74 1.58 4.36 2.82 2.28 3.2 0.23 4.22 2.11 4.4 3.38 1.44 2.71 1.58 1.86 3.19 1.04 3.5 2.61 3.23 4.06 2.21 1.84 2.73 1.19 3.06 2.58 2.78 4.36 4.38 3.87 1.06 3.31 
3.09 2.6 1.97 1.89 3.25 1.9 1.43 1.71 0 4.19 3.79 4.43 5.45 4.28 3.63 3.35 4.71 1.56 1.46 3.14 5.83 4.19 3.98 3.56 1.58 4.38 2.96 4.55 3.33 2.99 4.4 1.46 0.26 4.71 2.68 4.02 4.16 4.76 4.57 2.42 3.54 3.19 2.88 3.13 3.13 3.95 4.47 4.74 5.25 2.47 3.92 
2.67 4.94 3.04 3.34 1.67 4.54 3.21 3.85 4.19 0 3.01 1.05 3.37 5.3 3.14 4.34 1.39 2.93 3.25 3.26 3.82 2.74 4.2 0.66 3.68 0.53 1.85 0.67 1.08 4.85 4.27 2.75 4.05 3.45 3.53 0.53 3.38 3.5 0.54 1.79 4.6 1.12 3.78 1.1 1.29 2.12 0.69 0.56 3.14 3.06 0.77 
0.75 2.74 1.82 1.93 1.47 2.76 2.37 2.31 3.79 3.01 0 2.25 1.73 2.38 0.23 1.62 2.21 2.31 2.33 0.76 2.07 0.58 1.23 2.58 2.32 3.52 1.49 3.67 3.26 2.4 1.27 2.75 3.84 0.93 1.32 2.49 0.46 0.98 2.89 2.44 1.82 2.23 1.35 2.91 2.03 0.96 3.69 3.35 1.58 1.33 2.25 
2.14 4.59 2.87 3.15 1.3 4.33 3.21 3.68 4.43 1.05 2.25 0 2.33 4.62 2.42 3.76 0.37 2.97 3.22 2.69 2.78 1.86 3.47 1.14 3.55 1.54 1.58 1.63 1.93 4.41 3.46 2.99 4.35 2.5 3.09 0.64 2.54 2.55 0.7 2.08 4 1.3 3.29 1.76 1.31 1.29 1.69 1.17 2.1 2.71 0.57 
2.37 4.37 3.5 3.64 2.52 4.47 4.03 4.04 5.45 3.37 1.73 2.33 0 3.46 1.94 3.12 2.04 3.92 4 2.48 0.47 1.26 2.42 3.26 4.04 3.86 2.72 3.95 4.08 3.96 2.11 4.26 5.47 0.97 3.04 2.9 1.52 0.95 2.99 3.68 3.23 3.14 3.03 3.8 3 1.64 4.01 3.44 0.25 3.04 2.71 
2.65 1.84 2.91 2.72 3.65 2.45 3.3 2.62 4.28 5.3 2.38 4.62 3.46 0 2.2 1.08 4.58 3.45 3.22 2.07 3.51 2.85 1.16 4.78 2.81 5.79 3.54 5.96 5.31 1.34 1.36 4.01 4.46 2.54 2.02 4.8 2.17 2.54 5.24 4.24 0.82 4.35 1.71 4.95 4.14 3.33 5.96 5.69 3.45 2.52 4.56 
0.68 2.51 1.68 1.76 1.54 2.54 2.23 2.11 3.63 3.14 0.23 2.42 1.94 2.2 0 1.41 2.41 2.19 2.19 0.54 2.25 0.8 1.08 2.67 2.14 3.64 1.52 3.8 3.31 2.18 1.19 2.66 3.69 1.09 1.11 2.62 0.54 1.14 3.05 2.43 1.62 2.29 1.13 2.96 2.09 1.14 3.81 3.5 1.79 1.17 2.38 
1.68 1.31 1.83 1.66 2.68 1.67 2.25 1.64 3.35 4.34 1.62 3.76 3.12 1.08 1.41 0 3.79 2.38 2.17 1.09 3.3 2.18 0.79 3.78 1.81 4.82 2.53 4.98 4.26 0.85 1.24 2.95 3.5 2.15 0.94 3.86 1.62 2.17 4.34 3.17 0.27 3.34 0.64 3.9 3.13 2.52 4.98 4.77 3.03 1.45 3.62 
2.23 4.7 3.07 3.34 1.51 4.49 3.44 3.86 4.71 1.39 2.21 0.37 2.04 4.58 2.41 3.79 0 3.22 3.45 2.74 2.48 1.75 3.42 1.5 3.75 1.85 1.8 1.92 2.29 4.48 3.36 3.28 4.64 2.33 3.19 1.01 2.45 2.37 0.96 2.4 4.01 1.63 3.36 2.12 1.62 1.27 1.98 1.4 1.82 2.85 0.93 
1.59 2.29 0.57 0.73 1.72 1.72 0.28 1.07 1.56 2.93 2.31 2.97 3.92 3.45 2.19 2.38 3.22 0 0.34 1.78 4.32 2.67 2.79 2.28 0.85 3.25 1.43 3.43 2.35 2.43 3.15 0.58 1.56 3.24 1.48 2.65 2.73 3.29 3.22 1.19 2.63 1.83 1.77 2.04 1.72 2.4 3.38 3.48 3.72 1.08 2.5 
1.64 1.97 0.52 0.52 1.95 1.39 0.08 0.74 1.46 3.25 2.33 3.22 4 3.22 2.19 2.17 3.45 0.34 0 1.72 4.38 2.74 2.66 2.59 0.52 3.58 1.66 3.76 2.68 2.14 3.05 0.85 1.51 3.26 1.33 2.94 2.72 3.31 3.51 1.53 2.41 2.14 1.59 2.37 2.01 2.54 3.71 3.79 3.81 1.02 2.78 
0.59 2.02 1.23 1.25 1.6 2.01 1.77 1.58 3.14 3.26 0.76 2.69 2.48 2.07 0.54 1.09 2.74 1.78 1.72 0 2.79 1.31 1.1 2.72 1.61 3.74 1.48 3.91 3.26 1.75 1.4 2.29 3.22 1.61 0.57 2.78 1.04 1.66 3.26 2.25 1.34 2.29 0.64 2.9 2.08 1.49 3.91 3.68 2.33 0.71 2.54 
2.75 4.59 3.87 3.99 2.97 4.75 4.41 4.36 5.83 3.82 2.07 2.78 0.47 3.51 2.25 3.3 2.48 4.32 4.38 2.79 0 1.66 2.56 3.72 4.38 4.31 3.16 4.4 4.54 4.15 2.19 4.68 5.87 1.19 3.35 3.36 1.78 1.16 3.43 4.13 3.38 3.6 3.3 4.27 3.46 2.09 4.45 3.87 0.71 3.39 3.17 
1.11 3.31 2.24 2.39 1.43 3.31 2.77 2.82 4.19 2.74 0.58 1.86 1.26 2.85 0.8 2.18 1.75 2.67 2.74 1.31 1.66 0 1.7 2.41 2.8 3.26 1.56 3.4 3.18 2.97 1.61 3.03 4.22 0.75 1.87 2.22 0.7 0.81 2.54 2.55 2.37 2.16 1.92 2.85 1.98 0.64 3.43 3.01 1.07 1.79 1.98 
1.63 2.09 2.23 2.15 2.59 2.42 2.73 2.28 3.98 4.2 1.23 3.47 2.42 1.16 1.08 0.79 3.42 2.79 2.66 1.1 2.56 1.7 0 3.72 2.4 4.71 2.52 4.86 4.32 1.62 0.46 3.34 4.1 1.47 1.33 3.69 1.03 1.48 4.11 3.35 0.83 3.32 1.1 3.96 3.12 2.18 4.87 4.56 2.38 1.74 3.45 
2.13 4.3 2.39 2.69 1.13 3.89 2.55 3.2 3.56 0.66 2.58 1.14 3.26 4.78 2.67 3.78 1.5 2.28 2.59 2.72 3.72 2.41 3.72 0 3.03 1.05 1.26 1.23 0.83 4.24 3.84 2.12 3.44 3.15 2.93 0.53 2.99 3.21 1.02 1.15 4.04 0.48 3.2 0.63 0.66 1.79 1.21 1.21 3.02 2.44 0.59 
1.72 1.45 0.69 0.43 2.26 0.88 0.6 0.23 1.58 3.68 2.32 3.55 4.04 2.81 2.14 1.81 3.75 0.85 0.52 1.61 4.38 2.8 2.4 3.03 0 4.04 1.98 4.22 3.18 1.65 2.82 1.36 1.71 3.22 1.11 3.34 2.65 3.26 3.91 2.01 2.02 2.56 1.31 2.86 2.41 2.72 4.18 4.21 3.87 1.02 3.16 
3.15 5.34 3.42 3.73 2.15 4.91 3.53 4.22 4.38 0.53 3.52 1.54 3.86 5.79 3.64 4.82 1.85 3.25 3.58 3.74 4.31 3.26 4.71 1.05 4.04 0 2.3 0.19 1.08 5.29 4.79 2.99 4.22 3.97 3.98 1.05 3.9 4.02 0.91 2.07 5.08 1.52 4.24 1.25 1.71 2.64 0.17 0.6 3.64 3.49 1.29 
0.9 3.11 1.29 1.58 0.3 2.78 1.65 2.11 2.96 1.85 1.49 1.58 2.72 3.54 1.52 2.53 1.8 1.43 1.66 1.48 3.16 1.56 2.52 1.26 1.98 2.3 0 2.48 1.81 3.01 2.7 1.6 2.92 2.28 1.68 1.42 1.95 2.34 1.97 0.99 2.79 0.82 1.94 1.45 0.61 1.09 2.46 2.33 2.49 1.22 1.21 
3.32 5.52 3.6 3.91 2.32 5.09 3.71 4.4 4.55 0.67 3.67 1.63 3.95 5.96 3.8 4.98 1.92 3.43 3.76 3.91 4.4 3.4 4.86 1.23 4.22 0.19 2.48 0 1.24 5.47 4.93 3.17 4.38 4.09 4.15 1.19 4.04 4.14 0.97 2.25 5.24 1.7 4.41 1.43 1.89 2.78 0.11 0.59 3.73 3.67 1.43 
2.7 4.57 2.64 2.93 1.79 4.06 2.62 3.38 3.33 1.08 3.26 1.93 4.08 5.31 3.31 4.26 2.29 2.35 2.68 3.26 4.54 3.18 4.32 0.83 3.18 1.08 1.81 1.24 0 4.6 4.5 1.99 3.15 3.92 3.36 1.29 3.7 3.98 1.61 1.18 4.53 1.04 3.65 0.37 1.23 2.56 1.16 1.56 3.84 2.84 1.4 
2.27 0.52 1.99 1.72 3.21 1.12 2.22 1.44 2.99 4.85 2.4 4.41 3.96 1.34 2.18 0.85 4.48 2.43 2.14 1.75 4.15 2.97 1.62 4.24 1.65 5.29 3.01 5.47 4.6 0 2.05 2.98 3.19 3 1.34 4.41 2.46 3.02 4.93 3.45 0.82 3.78 1.12 4.25 3.59 3.23 5.45 5.32 3.87 1.81 4.19 
1.83 2.54 2.59 2.54 2.73 2.88 3.11 2.71 4.4 4.27 1.27 3.46 2.11 1.36 1.19 1.24 3.36 3.15 3.05 1.4 2.19 1.61 0.46 3.84 2.82 4.79 2.7 4.93 4.5 2.05 0 3.68 4.51 1.19 1.73 3.75 0.92 1.19 4.12 3.59 1.24 3.48 1.52 4.14 3.27 2.18 4.95 4.59 2.1 2.08 3.51 
2.01 2.8 1.13 1.3 1.86 2.19 0.77 1.58 1.46 2.75 2.75 2.99 4.26 4.01 2.66 2.95 3.28 0.58 0.85 2.29 4.68 3.03 3.34 2.12 1.36 2.99 1.6 3.17 1.99 2.98 3.68 0 1.37 3.66 2.04 2.56 3.19 3.71 3.11 0.97 3.2 1.73 2.33 1.74 1.68 2.66 3.1 3.3 4.04 1.6 2.47 
3.13 2.81 2.02 1.98 3.2 2.11 1.47 1.86 0.26 4.05 3.84 4.35 5.47 4.46 3.69 3.5 4.64 1.56 1.51 3.22 5.87 4.22 4.1 3.44 1.71 4.22 2.92 4.38 3.15 3.19 4.51 1.37 0 4.76 2.79 3.91 4.23 4.81 4.45 2.3 3.7 3.09 3.01 2.98 3.04 3.94 4.31 4.6 5.27 2.53 3.82 
1.66 3.42 2.75 2.84 2.17 3.56 3.3 3.19 4.71 3.45 0.93 2.5 0.97 2.54 1.09 2.15 2.33 3.24 3.26 1.61 1.19 0.75 1.47 3.15 3.22 3.97 2.28 4.09 3.92 3 1.19 3.66 4.76 0 2.16 2.93 0.59 0.06 3.19 3.26 2.27 2.9 2.11 3.59 2.72 1.37 4.13 3.66 0.92 2.25 2.7 
0.96 1.52 0.92 0.82 1.88 1.44 1.4 1.04 2.68 3.53 1.32 3.09 3.04 2.02 1.11 0.94 3.19 1.48 1.33 0.57 3.35 1.87 1.33 2.93 1.11 3.98 1.68 4.15 3.36 1.34 1.73 2.04 2.79 2.16 0 3.08 1.58 2.2 3.6 2.24 1.2 2.47 0.31 3 2.27 1.98 4.14 3.99 2.9 0.52 2.85 
2.19 4.52 2.67 2.97 1.2 4.17 2.91 3.5 4.02 0.53 2.49 0.64 2.9 4.8 2.62 3.86 1.01 2.65 2.94 2.78 3.36 2.22 3.69 0.53 3.34 1.05 1.42 1.19 1.29 4.41 3.75 2.56 3.91 2.93 3.08 0 2.86 2.98 0.57 1.61 4.11 0.84 3.32 1.14 0.94 1.6 1.21 0.92 2.66 2.63 0.25 
1.19 2.85 2.22 2.28 1.91 2.98 2.77 2.61 4.16 3.38 0.46 2.54 1.52 2.17 0.54 1.62 2.45 2.73 2.72 1.04 1.78 0.7 1.03 2.99 2.65 3.9 1.95 4.04 3.7 2.46 0.92 3.19 4.23 0.59 1.58 2.86 0 0.63 3.21 2.9 1.77 2.66 1.53 3.35 2.47 1.27 4.06 3.68 1.42 1.7 2.62 
1.72 3.44 2.8 2.89 2.23 3.6 3.35 3.23 4.76 3.5 0.98 2.55 0.95 2.54 1.14 2.17 2.37 3.29 3.31 1.66 1.16 0.81 1.48 3.21 3.26 4.02 2.34 4.14 3.98 3.02 1.19 3.71 4.81 0.06 2.2 2.98 0.63 0 3.24 3.32 2.28 2.96 2.14 3.65 2.78 1.42 4.18 3.71 0.92 2.3 2.75 
2.68 5.07 3.24 3.54 1.73 4.73 3.48 4.06 4.57 0.54 2.89 0.7 2.99 5.24 3.05 4.34 0.96 3.22 3.51 3.26 3.43 2.54 4.11 1.02 3.91 0.91 1.97 0.97 1.61 4.93 4.12 3.11 4.45 3.19 3.6 0.57 3.21 3.24 0 2.15 4.59 1.4 3.83 1.57 1.51 1.95 1.04 0.47 2.77 3.17 0.76 
1.76 3.4 1.47 1.76 1.16 2.89 1.47 2.21 2.42 1.79 2.44 2.08 3.68 4.24 2.43 3.17 2.4 1.19 1.53 2.25 4.13 2.55 3.35 1.15 2.01 2.07 0.99 2.25 1.18 3.45 3.59 0.97 2.3 3.26 2.24 1.61 2.9 3.32 2.15 0 3.44 0.79 2.54 0.85 0.79 2.04 2.2 2.35 3.44 1.73 1.53 
1.93 1.33 2.09 1.91 2.94 1.78 2.48 1.84 3.54 4.6 1.82 4 3.23 0.82 1.62 0.27 4.01 2.63 2.41 1.34 3.38 2.37 0.83 4.04 2.02 5.08 2.79 5.24 4.53 0.82 1.24 3.2 3.7 2.27 1.2 4.11 1.77 2.28 4.59 3.44 0 3.6 0.9 4.17 3.4 2.75 5.24 5.02 3.17 1.72 3.88 
1.71 3.83 1.92 2.23 0.76 3.42 2.1 2.73 3.19 1.12 2.23 1.3 3.14 4.35 2.29 3.34 1.63 1.83 2.14 2.29 3.6 2.16 3.32 0.48 2.56 1.52 0.82 1.7 1.04 3.78 3.48 1.73 3.09 2.9 2.47 0.84 2.66 2.96 1.4 0.79 3.6 0 2.74 0.7 0.21 1.56 1.67 1.66 2.9 1.98 0.75 
1.16 1.39 1.21 1.08 2.12 1.46 1.66 1.19 2.88 3.78 1.35 3.29 3.03 1.71 1.13 0.64 3.36 1.77 1.59 0.64 3.3 1.92 1.1 3.2 1.31 4.24 1.94 4.41 3.65 1.12 1.52 2.33 3.01 2.11 0.31 3.32 1.53 2.14 3.83 2.54 0.9 2.74 0 3.29 2.54 2.12 4.4 4.23 2.9 0.82 3.09 
2.34 4.23 2.3 2.59 1.45 3.74 2.32 3.06 3.13 1.1 2.91 1.76 3.8 4.95 2.96 3.9 2.12 2.04 2.37 2.9 4.27 2.85 3.96 0.63 2.86 1.25 1.45 1.43 0.37 4.25 4.14 1.74 2.98 3.59 3 1.14 3.35 3.65 1.57 0.85 4.17 0.7 3.29 0 0.89 2.25 1.37 1.63 3.56 2.48 1.2 
1.51 3.65 1.76 2.06 0.57 3.26 1.97 2.58 3.13 1.29 2.03 1.31 3 4.14 2.09 3.13 1.62 1.72 2.01 2.08 3.46 1.98 3.12 0.66 2.41 1.71 0.61 1.89 1.23 3.59 3.27 1.68 3.04 2.72 2.27 0.94 2.47 2.78 1.51 0.79 3.4 0.21 2.54 0.89 0 1.39 1.87 1.81 2.76 1.78 0.8 
1.04 3.49 2.08 2.29 0.89 3.36 2.56 2.78 3.95 2.12 0.96 1.29 1.64 3.33 1.14 2.52 1.27 2.4 2.54 1.49 2.09 0.64 2.18 1.79 2.72 2.64 1.09 2.78 2.56 3.23 2.18 2.66 3.94 1.37 1.98 1.6 1.27 1.42 1.95 2.04 2.75 1.56 2.12 2.25 1.39 0 2.8 2.41 1.41 1.73 1.36 
3.32 5.49 3.56 3.87 2.31 5.05 3.66 4.36 4.47 0.69 3.69 1.69 4.01 5.96 3.81 4.98 1.98 3.38 3.71 3.91 4.45 3.43 4.87 1.21 4.18 0.17 2.46 0.11 1.16 5.45 4.95 3.1 4.31 4.13 4.14 1.21 4.06 4.18 1.04 2.2 5.24 1.67 4.4 1.37 1.87 2.8 0 0.68 3.78 3.65 1.45 
3.1 5.43 3.56 3.86 2.12 5.06 3.75 4.38 4.74 0.56 3.35 1.17 3.44 5.69 3.5 4.77 1.4 3.48 3.79 3.68 3.87 3.01 4.56 1.21 4.21 0.6 2.33 0.59 1.56 5.32 4.59 3.3 4.6 3.66 3.99 0.92 3.68 3.71 0.47 2.35 5.02 1.66 4.23 1.63 1.81 2.41 0.68 0 3.22 3.54 1.15 
2.18 4.26 3.3 3.46 2.29 4.33 3.83 3.87 5.25 3.14 1.58 2.1 0.25 3.45 1.79 3.03 1.82 3.72 3.81 2.33 0.71 1.07 2.38 3.02 3.87 3.64 2.49 3.73 3.84 3.87 2.1 4.04 5.27 0.92 2.9 2.66 1.42 0.92 2.77 3.44 3.17 2.9 2.9 3.56 2.76 1.41 3.78 3.22 0 2.86 2.47 
0.71 1.9 0.52 0.61 1.45 1.65 1.07 1.06 2.47 3.06 1.33 2.71 3.04 2.52 1.17 1.45 2.85 1.08 1.02 0.71 3.39 1.79 1.74 2.44 1.02 3.49 1.22 3.67 2.84 1.81 2.08 1.6 2.53 2.25 0.52 2.63 1.7 2.3 3.17 1.73 1.72 1.98 0.82 2.48 1.78 1.73 3.65 3.54 2.86 0 2.42 
1.95 4.31 2.49 2.78 0.98 3.98 2.76 3.31 3.92 0.77 2.25 0.57 2.71 4.56 2.38 3.62 0.93 2.5 2.78 2.54 3.17 1.98 3.45 0.59 3.16 1.29 1.21 1.43 1.4 4.19 3.51 2.47 3.82 2.7 2.85 0.25 2.62 2.75 0.76 1.53 3.88 0.75 3.09 1.2 0.8 1.36 1.45 1.15 2.47 2.42 0 
