Number_Of_Customers: 30
Vehicle_Capacity:    50
Alpha:               0.75
Number_Of_Scenarios: 3

Location_Coordinates:
0 0 0
1 -0.136009 -0.900752
2 1.06198 -1.3466
3 -2.3254 1.97524
4 -2.14153 2.36213
5 0.244328 1.41943
6 1.328 -0.375304
7 2.26857 -2.1615
8 1.6929 -2.35099
9 1.84104 2.32186
10 -1.45964 -2.13263
11 1.83048 -0.158513
12 0.864948 2.18673
13 2.29932 -0.337774
14 -1.96403 0.604568
15 0.976012 -1.1711
16 2.25536 0.787853
17 1.44086 1.55308
18 -2.44666 -1.00623
19 -1.67444 -2.394
20 -0.985953 -0.903996
21 1.53163 2.14144
22 1.25812 0.301311
23 -0.859704 0.946997
24 1.17518 1.32168
25 -1.56912 -2.14816
26 0.791127 1.47487
27 -1.82061 0.950324
28 2.09694 -1.7207
29 0.139563 0.639468
30 -2.46739 0.548942

Demand_per_scenario:
1 4 5 6
2 5 7 8
3 6 7 9
4 5 7 8
5 4 5 6
6 5 7 8
7 4 6 7
8 4 5 6
9 4 5 5
10 4 5 6
11 4 5 6
12 4 5 5
13 5 7 8
14 6 8 9
15 7 9 10
16 3 4 5
17 4 6 6
18 3 3 4
19 5 7 8
20 6 8 9
21 4 6 6
22 5 7 8
23 5 7 8
24 5 7 8
25 5 7 8
26 4 5 6
27 3 3 4
28 5 7 8
29 5 6 7
30 5 7 8

Probability_of_each_scenario_occuring:
0.333333 0.333333 0.333333 

Travel_Costs:
0 0.92 1.72 3.06 3.19 1.45 1.39 3.14 2.9 2.97 2.59 1.84 2.36 2.33 2.06 1.53 2.39 2.12 2.65 2.93 1.34 2.64 1.3 1.28 1.77 2.67 1.68 2.06 2.72 0.66 2.53 
0.92 0 1.28 3.62 3.83 2.36 1.56 2.72 2.34 3.79 1.81 2.11 3.25 2.5 2.37 1.15 2.93 2.92 2.32 2.15 0.85 3.47 1.85 1.99 2.59 1.9 2.56 2.51 2.38 1.57 2.75 
1.72 1.28 0 4.75 4.91 2.89 1.01 1.46 1.19 3.76 2.65 1.42 3.54 1.6 3.61 0.2 2.45 2.93 3.53 2.94 2.1 3.52 1.66 3 2.68 2.76 2.84 3.69 1.11 2.19 4.01 
3.06 3.62 4.75 0 0.43 2.63 4.35 6.19 5.91 4.19 4.2 4.68 3.2 5.18 1.42 4.57 4.74 3.79 2.99 4.42 3.18 3.87 3.96 1.8 3.57 4.2 3.16 1.15 5.77 2.81 1.44 
3.19 3.83 4.91 0.43 0 2.57 4.42 6.32 6.08 3.99 4.55 4.71 3.02 5.2 1.77 4.72 4.68 3.68 3.39 4.78 3.47 3.68 3.98 1.91 3.48 4.55 3.07 1.45 5.89 2.86 1.85 
1.45 2.36 2.89 2.63 2.57 0 2.1 4.12 4.04 1.84 3.94 2.24 0.99 2.71 2.36 2.7 2.11 1.21 3.63 4.27 2.63 1.48 1.51 1.21 0.94 4.01 0.55 2.12 3.65 0.79 2.85 
1.39 1.56 1.01 4.35 4.42 2.1 0 2.02 2.01 2.75 3.3 0.55 2.61 0.98 3.44 0.88 1.49 1.94 3.83 3.62 2.38 2.53 0.69 2.56 1.71 3.4 1.93 3.42 1.55 1.57 3.91 
3.14 2.72 1.46 6.19 6.32 4.12 2.02 0 0.61 4.51 3.73 2.06 4.57 1.83 5.06 1.63 2.95 3.81 4.86 3.95 3.49 4.37 2.67 4.42 3.66 3.84 3.93 5.14 0.48 3.52 5.46 
2.9 2.34 1.19 5.91 6.08 4.04 2.01 0.61 0 4.68 3.17 2.2 4.62 2.11 4.71 1.39 3.19 3.92 4.36 3.37 3.05 4.5 2.69 4.18 3.71 3.27 3.94 4.83 0.75 3.37 5.08 
2.97 3.79 3.76 4.19 3.99 1.84 2.75 4.51 4.68 0 5.55 2.49 0.99 2.7 4.18 3.6 1.59 0.87 5.43 5.89 4.29 0.36 2.11 3.04 1.21 5.63 1.35 3.92 4.06 2.4 4.66 
2.59 1.81 2.65 4.2 4.55 3.94 3.3 3.73 3.17 5.55 0 3.84 4.91 4.17 2.79 2.62 4.73 4.7 1.5 0.34 1.32 5.22 3.65 3.14 4.35 0.12 4.26 3.11 3.59 3.21 2.87 
1.84 2.11 1.42 4.68 4.71 2.24 0.55 2.06 2.2 2.49 3.84 0 2.54 0.51 3.88 1.33 1.04 1.76 4.37 4.16 2.92 2.32 0.74 2.91 1.62 3.94 1.94 3.82 1.59 1.87 4.36 
2.36 3.25 3.54 3.2 3.02 0.99 2.61 4.57 4.62 0.99 4.91 2.54 0 2.91 3.25 3.36 1.98 0.86 4.61 5.24 3.61 0.67 1.93 2.13 0.92 4.98 0.72 2.96 4.1 1.71 3.72 
2.33 2.5 1.6 5.18 5.2 2.71 0.98 1.83 2.11 2.7 4.17 0.51 2.91 0 4.37 1.57 1.13 2.08 4.8 4.48 3.34 2.6 1.23 3.42 2.01 4.28 2.36 4.32 1.4 2.38 4.85 
2.06 2.37 3.61 1.42 1.77 2.36 3.44 5.06 4.71 4.18 2.79 3.88 3.25 4.37 0 3.44 4.23 3.54 1.69 3.02 1.8 3.82 3.24 1.16 3.23 2.79 2.89 0.38 4.68 2.11 0.51 
1.53 1.15 0.2 4.57 4.72 2.7 0.88 1.63 1.39 3.6 2.62 1.33 3.36 1.57 3.44 0 2.34 2.77 3.43 2.92 1.99 3.36 1.5 2.81 2.51 2.73 2.66 3.52 1.25 2 3.85 
2.39 2.93 2.45 4.74 4.68 2.11 1.49 2.95 3.19 1.59 4.73 1.04 1.98 1.13 4.23 2.34 0 1.12 5.04 5.06 3.66 1.54 1.11 3.12 1.21 4.83 1.62 4.08 2.52 2.13 4.73 
2.12 2.92 2.93 3.79 3.68 1.21 1.94 3.81 3.92 0.87 4.7 1.76 0.86 2.08 3.54 2.77 1.12 0 4.66 5.03 3.46 0.6 1.27 2.38 0.36 4.78 0.66 3.32 3.34 1.59 4.04 
2.65 2.32 3.53 2.99 3.39 3.63 3.83 4.86 4.36 5.43 1.5 4.37 4.61 4.8 1.69 3.43 5.04 4.66 0 1.59 1.47 5.08 3.93 2.52 4.31 1.45 4.08 2.06 4.6 3.07 1.56 
2.93 2.15 2.94 4.42 4.78 4.27 3.62 3.95 3.37 5.89 0.34 4.16 5.24 4.48 3.02 2.92 5.06 5.03 1.59 0 1.65 5.56 3.99 3.44 4.69 0.27 4.59 3.35 3.84 3.54 3.05 
1.34 0.85 2.1 3.18 3.47 2.63 2.38 3.49 3.05 4.29 1.32 2.92 3.61 3.34 1.8 1.99 3.66 3.46 1.47 1.65 0 3.96 2.55 1.86 3.11 1.38 2.97 2.04 3.19 1.92 2.08 
2.64 3.47 3.52 3.87 3.68 1.48 2.53 4.37 4.5 0.36 5.22 2.32 0.67 2.6 3.82 3.36 1.54 0.6 5.08 5.56 3.96 0 1.87 2.68 0.9 5.3 1 3.56 3.91 2.05 4.31 
1.3 1.85 1.66 3.96 3.98 1.51 0.69 2.67 2.69 2.11 3.65 0.74 1.93 1.23 3.24 1.5 1.11 1.27 3.93 3.99 2.55 1.87 0 2.22 1.03 3.75 1.27 3.15 2.19 1.17 3.74 
1.28 1.99 3 1.8 1.91 1.21 2.56 4.42 4.18 3.04 3.14 2.91 2.13 3.42 1.16 2.81 3.12 2.38 2.52 3.44 1.86 2.68 2.22 0 2.07 3.18 1.74 0.97 3.99 1.05 1.66 
1.77 2.59 2.68 3.57 3.48 0.94 1.71 3.66 3.71 1.21 4.35 1.62 0.92 2.01 3.23 2.51 1.21 0.36 4.31 4.69 3.11 0.9 1.03 2.07 0 4.43 0.42 3.02 3.18 1.25 3.73 
2.67 1.9 2.76 4.2 4.55 4.01 3.4 3.84 3.27 5.63 0.12 3.94 4.98 4.28 2.79 2.73 4.83 4.78 1.45 0.27 1.38 5.3 3.75 3.18 4.43 0 4.33 3.11 3.7 3.27 2.85 
1.68 2.56 2.84 3.16 3.07 0.55 1.93 3.93 3.94 1.35 4.26 1.94 0.72 2.36 2.89 2.66 1.62 0.66 4.08 4.59 2.97 1 1.27 1.74 0.42 4.33 0 2.67 3.46 1.06 3.39 
2.06 2.51 3.69 1.15 1.45 2.12 3.42 5.14 4.83 3.92 3.11 3.82 2.96 4.32 0.38 3.52 4.08 3.32 2.06 3.35 2.04 3.56 3.15 0.97 3.02 3.11 2.67 0 4.75 1.99 0.77 
2.72 2.38 1.11 5.77 5.89 3.65 1.55 0.48 0.75 4.06 3.59 1.59 4.1 1.4 4.68 1.25 2.52 3.34 4.6 3.84 3.19 3.91 2.19 3.99 3.18 3.7 3.46 4.75 0 3.07 5.1 
0.66 1.57 2.19 2.81 2.86 0.79 1.57 3.52 3.37 2.4 3.21 1.87 1.71 2.38 2.11 2 2.13 1.59 3.07 3.54 1.92 2.05 1.17 1.05 1.25 3.27 1.06 1.99 3.07 0 2.61 
2.53 2.75 4.01 1.44 1.85 2.85 3.91 5.46 5.08 4.66 2.87 4.36 3.72 4.85 0.51 3.85 4.73 4.04 1.56 3.05 2.08 4.31 3.74 1.66 3.73 2.85 3.39 0.77 5.1 2.61 0 
