Number_Of_Customers: 50
Vehicle_Capacity:    50
Alpha:               0.75
Number_Of_Scenarios: 50

Location_Coordinates:
0 0 0
1 1.02797 2.10954
2 0.0282129 -0.825859
3 -0.216128 -2.46859
4 0.353936 -1.40214
5 -0.849522 2.07815
6 -2.49541 -0.371366
7 -1.54398 0.282072
8 0.790602 -2.35832
9 -1.28751 0.781455
10 -1.0812 -1.79937
11 -2.05129 -1.0314
12 0.264239 1.05698
13 -0.387915 0.309515
14 2.01431 -0.4544
15 -2.10583 2.23572
16 0.745478 -0.746298
17 1.97713 -0.353945
18 1.24245 1.82096
19 -0.204752 -1.26053
20 -0.744114 -1.31821
21 -0.227466 1.97485
22 1.31516 -1.12103
23 -1.14135 2.39013
24 0.951485 1.60737
25 0.146737 1.20332
26 -0.860159 -1.69357
27 1.09413 -0.930169
28 1.65309 -1.49136
29 -0.304117 -1.30215
30 -0.289103 1.04116
31 -1.18965 0.541126
32 -0.287832 2.41067
33 1.16398 -1.90689
34 0.964879 1.71406
35 -1.72571 1.06546
36 2.13105 1.58538
37 0.492016 -0.687061
38 -2.43584 0.914673
39 -2.08879 -1.36565
40 2.45706 0.750427
41 2.42375 0.89795
42 1.84449 0.329385
43 0.976211 2.17244
44 2.17152 1.71557
45 -1.34303 -2.29159
46 0.202128 2.15949
47 -0.484428 -1.77998
48 -1.16041 1.93604
49 -1.00297 -1.99822
50 0.982324 -0.0862731

Demand_per_scenario:
1 5 5 5 8 7 7 6 7 8 5 5 7 6 8 9 6 5 5 6 6 6 5 5 6 4 5 6 6 6 7 7 7 6 5 8 5 7 5 5 7 5 6 8 4 7 6 6 6 5 5
2 9 9 8 7 7 8 7 8 8 7 7 10 8 9 9 10 8 9 9 8 9 9 8 9 8 8 10 9 9 9 8 8 7 9 8 9 7 7 7 7 8 7 7 8 10 7 8 7 9 9
3 6 6 6 7 7 6 7 6 7 6 5 6 7 7 6 6 6 6 5 7 6 7 5 6 6 6 6 5 5 5 9 6 8 7 7 6 6 6 7 5 7 7 7 6 6 5 7 7 6 6
4 3 3 2 4 3 4 3 3 4 5 3 4 3 3 3 2 3 3 3 3 3 3 3 3 3 3 3 3 1 2 2 2 2 2 2 3 4 1 2 6 3 4 4 4 3 4 2 3 4 2
5 4 4 5 3 3 4 3 4 5 4 5 3 5 5 5 3 4 4 4 5 5 3 4 4 4 4 5 3 4 4 4 4 3 5 5 3 4 3 3 4 3 6 4 3 4 2 3 2 3 5
6 9 7 8 9 9 8 8 9 9 9 8 5 9 8 9 9 8 8 8 7 7 8 8 8 6 10 9 8 7 8 7 9 8 8 7 8 8 7 10 9 7 7 9 8 8 10 7 9 10 8
7 2 5 5 3 4 2 4 5 4 4 5 3 4 3 7 6 3 4 6 4 5 3 3 4 3 3 5 4 5 3 3 5 6 2 4 5 3 4 5 3 3 3 4 4 2 5 4 5 5 5
8 5 6 5 7 6 7 6 4 5 7 6 6 6 7 6 5 6 5 2 4 5 5 6 6 6 7 6 6 3 6 6 8 5 5 5 6 7 5 7 7 5 6 6 5 7 8 7 6 6 6
9 4 5 4 4 5 4 4 5 4 3 5 6 5 5 4 4 1 4 4 5 4 5 5 4 5 5 6 5 3 6 4 4 5 4 6 4 3 6 4 4 4 3 5 3 4 5 5 5 4 3
10 2 1 2 1 1 3 1 2 2 1 2 1 4 1 1 2 1 1 3 1 3 1 1 1 1 1 1 2 2 4 2 1 4 1 2 2 2 1 1 2 1 2 2 2 1 1 1 2 1 1
11 5 5 5 3 4 4 4 4 4 6 4 5 6 3 5 2 5 4 3 3 5 6 4 6 5 6 7 5 5 7 5 5 3 5 6 4 4 5 3 4 5 5 4 2 5 6 4 5 7 5
12 5 4 6 5 7 6 5 6 4 6 4 5 7 5 6 5 7 5 6 8 5 6 6 6 7 6 5 6 5 5 5 5 6 5 5 6 6 4 6 5 7 4 5 6 7 6 5 5 7 6
13 10 9 7 7 10 9 8 10 8 7 8 10 9 10 8 9 7 9 8 7 7 9 7 9 8 8 8 8 8 8 10 7 8 8 8 9 8 10 9 10 8 8 8 8 9 10 7 6 8 7
14 2 2 2 3 3 2 3 4 2 3 3 4 2 3 2 4 3 4 4 3 3 4 4 5 3 3 2 3 3 1 4 4 1 3 4 2 3 5 3 5 2 2 4 3 3 4 3 2 3 1
15 5 7 6 6 5 5 4 6 5 5 4 7 6 5 6 7 6 7 6 5 6 6 6 5 6 7 6 6 5 7 6 5 6 7 5 5 6 5 4 5 6 5 6 6 7 6 6 8 5 6
16 8 7 7 7 10 8 8 6 8 7 6 7 7 7 5 7 8 7 7 6 8 7 7 9 7 7 5 9 7 9 7 7 8 8 7 9 7 7 7 7 9 6 7 8 8 8 8 7 7 7
17 6 7 5 7 7 5 5 7 6 4 6 4 6 6 4 5 5 5 5 6 6 5 4 5 5 6 7 5 5 7 6 6 6 5 6 5 7 5 6 6 7 6 6 5 5 5 6 6 5 6
18 8 7 6 7 6 6 6 7 8 8 8 8 9 7 6 7 7 7 8 8 6 7 5 6 7 7 7 7 6 8 7 8 8 6 5 7 8 7 7 6 5 7 7 7 8 9 7 7 7 6
19 6 6 6 6 4 6 5 5 6 8 4 7 5 6 5 5 7 6 6 5 7 4 6 6 8 7 7 5 4 7 6 4 8 6 5 4 7 6 5 6 7 5 7 5 5 6 5 5 7 7
20 4 4 4 2 2 4 3 3 4 3 4 3 3 3 3 4 2 3 3 2 3 3 4 4 4 5 3 4 5 1 3 3 4 4 4 3 5 5 3 4 3 3 4 4 2 3 5 3 4 3
21 7 6 6 6 8 8 8 6 7 7 6 6 5 6 4 4 5 8 6 6 9 7 6 6 5 6 5 8 7 7 5 6 5 7 5 7 6 3 7 5 6 4 7 7 5 7 6 7 7 7
22 5 5 5 6 6 5 4 6 5 5 2 4 5 5 3 3 5 5 6 5 5 8 4 6 5 6 5 4 6 6 5 6 5 8 7 6 4 6 5 7 4 6 5 5 4 4 5 5 6 5
23 3 4 4 4 3 5 5 4 6 3 4 5 6 2 3 3 6 3 5 5 4 4 5 3 3 4 3 5 5 4 4 5 5 4 3 5 4 4 4 5 4 3 3 3 4 4 5 5 3 4
24 6 5 7 7 7 6 6 8 7 6 8 6 8 8 5 7 8 7 9 8 6 6 8 5 6 6 7 7 7 9 5 7 9 8 6 6 5 5 8 8 6 6 7 8 7 6 7 7 7 7
25 5 8 8 8 7 7 7 7 6 8 9 7 8 6 7 7 7 7 9 5 7 6 6 6 6 6 5 6 8 6 7 5 5 6 6 5 5 6 6 7 6 6 7 6 7 8 6 7 7 7
26 3 4 3 5 5 3 3 4 3 3 4 6 3 2 3 6 3 2 3 4 2 3 5 4 4 4 5 4 4 2 6 3 5 4 4 4 4 4 5 3 5 5 3 2 5 4 4 4 5 2
27 6 7 7 6 7 7 7 7 7 6 4 6 7 4 8 7 6 6 5 5 5 7 6 8 8 8 7 7 7 7 5 7 6 8 8 9 7 7 6 6 6 9 8 8 6 6 6 6 7 7
28 4 4 3 3 4 5 3 4 4 6 2 3 3 4 3 2 2 4 4 3 5 6 3 2 4 2 3 3 2 3 3 3 5 3 5 4 2 3 4 6 3 2 3 3 4 4 5 4 3 2
29 7 7 8 8 9 6 6 6 6 6 8 5 8 8 4 6 7 6 6 6 7 6 6 7 8 7 7 6 7 4 6 5 7 4 5 7 7 7 6 8 5 6 7 6 5 6 5 7 5 6
30 4 5 4 5 4 6 4 4 5 7 5 5 5 3 4 5 5 5 5 6 4 4 5 4 6 5 4 5 6 5 6 5 7 5 4 6 6 5 5 6 7 7 4 6 6 5 5 4 5 3
31 5 4 5 7 5 4 2 6 4 6 4 5 6 5 4 7 5 5 5 6 6 7 5 5 6 5 5 7 3 6 6 5 7 5 5 6 6 5 5 6 5 5 5 4 7 4 7 6 6 6
32 4 5 6 7 5 4 6 5 5 5 5 7 6 6 7 7 4 5 5 5 4 5 8 5 7 8 4 7 5 6 4 6 6 5 6 7 5 6 5 6 6 4 5 8 6 5 5 6 5 8
33 4 4 6 4 5 4 4 4 5 4 3 4 4 4 2 4 5 4 4 2 5 4 4 4 5 3 3 5 3 3 4 3 4 3 3 3 5 5 4 5 4 4 4 5 5 3 3 3 4 3
34 6 5 5 6 6 7 5 5 5 5 6 6 6 7 5 6 6 4 6 6 5 3 7 7 7 5 6 5 8 6 4 5 6 7 5 6 6 7 7 5 6 6 5 6 6 5 6 5 5 5
35 8 9 8 9 9 8 9 8 7 10 9 7 6 10 7 9 9 7 8 10 9 9 8 10 9 9 10 7 10 10 8 8 8 8 7 8 9 10 9 10 8 10 9 8 8 9 9 7 8 9
36 6 7 6 7 7 7 7 6 5 6 6 6 9 6 7 7 7 6 7 7 9 8 6 8 6 9 7 6 7 7 7 8 5 6 7 7 6 6 8 9 8 7 6 7 8 7 6 5 8 8
37 4 5 6 5 6 5 7 6 7 7 6 6 4 5 4 5 6 5 5 5 8 5 6 5 5 5 5 3 7 5 5 6 6 5 7 6 6 7 4 6 5 5 6 5 6 6 5 6 6 5
38 7 6 6 5 4 5 7 6 5 5 6 6 6 5 5 7 4 5 5 5 7 5 5 6 6 6 6 6 8 6 6 6 7 6 7 7 5 5 7 6 7 6 6 7 6 6 6 7 6 6
39 5 5 7 6 6 6 6 7 5 6 6 6 6 6 6 7 7 6 7 5 7 7 7 7 7 7 5 5 6 6 6 6 7 7 7 6 6 5 7 7 7 6 6 8 6 6 8 7 8 7
40 7 9 9 6 8 9 8 8 7 6 9 9 8 9 7 7 6 7 9 8 8 6 7 7 9 9 7 7 9 8 8 8 8 8 7 8 7 9 5 11 7 8 8 6 8 7 7 6 6 7
41 5 7 7 7 6 5 4 8 5 6 7 8 7 6 5 8 6 5 5 4 7 6 5 6 5 4 6 5 5 6 5 6 5 6 6 4 6 6 6 7 5 8 4 6 6 5 6 5 7 6
42 7 9 7 7 6 6 7 7 6 6 7 5 4 6 6 6 8 7 8 7 6 7 5 6 6 6 9 8 6 8 5 6 8 7 7 7 6 7 7 6 6 7 4 7 6 5 7 6 7 7
43 5 7 7 6 7 6 6 5 5 6 6 6 6 6 7 5 5 5 7 6 4 6 7 8 6 6 6 7 7 6 7 5 6 7 7 5 6 4 5 6 5 6 7 5 6 5 7 5 7 7
44 4 4 3 4 2 2 2 2 1 2 6 4 3 3 4 4 4 3 2 2 3 3 3 3 3 2 3 3 2 3 2 2 1 4 3 5 3 1 2 4 1 3 3 2 3 2 2 2 3 2
45 4 5 4 5 6 6 5 6 5 6 5 6 6 7 5 5 4 7 5 6 6 6 6 6 6 6 5 5 6 6 5 6 6 7 5 6 4 6 4 4 6 7 6 5 4 4 6 5 6 6
46 7 5 6 8 6 7 5 4 4 4 6 6 5 7 5 5 6 7 6 6 4 4 7 7 6 6 6 6 7 6 5 6 6 7 7 6 5 4 8 6 6 4 6 5 5 7 5 5 7 6
47 6 7 8 7 5 4 6 5 6 7 5 6 6 8 8 6 5 7 6 6 9 7 5 7 5 5 5 6 6 4 7 5 5 7 5 5 7 6 7 6 6 5 5 8 5 5 7 6 6 6
48 5 5 8 6 4 6 4 4 8 5 6 5 5 4 7 5 6 5 7 6 5 5 4 6 7 6 6 6 5 6 7 6 5 6 6 5 6 7 6 4 4 6 5 6 5 6 8 6 6 4
49 7 6 7 6 8 5 6 7 4 7 7 6 7 6 6 6 7 5 6 7 6 6 8 6 8 6 6 6 6 6 7 6 6 5 6 7 7 7 7 5 5 6 7 6 8 6 7 6 7 7
50 8 6 5 4 6 5 5 6 5 5 5 4 6 5 6 5 4 4 5 7 6 6 6 5 7 3 5 6 5 6 5 3 6 5 6 5 5 6 6 5 5 4 6 5 6 6 5 5 4 4

Probability_of_each_scenario_occuring:
0.02 0.02 0.02 0.02 0.02 0.02 0.02 0.02 0.02 0.02 0.02 0.02 0.02 0.02 0.02 0.02 0.02 0.02 0.02 0.02 0.02 0.02 0.02 0.02 0.02 0.02 0.02 0.02 0.02 0.02 0.02 0.02 0.02 0.02 0.02 0.02 0.02 0.02 0.02 0.02 0.02 0.02 0.02 0.02 0.02 0.02 0.02 0.02 0.02 0.02 

Travel_Costs:
0 2.35 0.83 2.48 1.45 2.25 2.53 1.57 2.49 1.51 2.1 2.3 1.09 0.5 2.07 3.08 1.06 2.01 2.21 1.28 1.52 1.99 1.73 2.65 1.87 1.22 1.9 1.44 2.23 1.34 1.09 1.31 2.43 2.24 1.97 2.03 2.66 0.85 2.61 2.5 2.57 2.59 1.88 2.39 2.77 2.66 2.17 1.85 2.26 2.24 0.99 
2.35 0 3.11 4.75 3.58 1.88 4.31 3.16 4.48 2.67 4.45 4.4 1.31 2.3 2.75 3.14 2.87 2.65 0.36 3.59 3.86 1.27 3.25 2.19 0.51 1.27 4.25 3.05 3.66 3.67 1.7 2.72 1.35 4.02 0.41 2.95 1.23 2.85 3.67 4.67 1.98 1.85 1.96 0.09 1.21 5 0.83 4.18 2.2 4.59 2.2 
0.83 3.11 0 1.67 0.67 3.04 2.57 1.93 1.72 2.08 1.48 2.09 1.9 1.21 2.03 3.74 0.73 2.01 2.92 0.5 0.92 2.82 1.33 3.43 2.61 2.04 1.25 1.08 1.76 0.59 1.9 1.84 3.26 1.57 2.71 2.58 3.2 0.49 3.02 2.19 2.9 2.96 2.16 3.15 3.33 2.01 3 1.09 3.01 1.57 1.21 
2.48 4.75 1.67 0 1.21 4.6 3.1 3.06 1.02 3.43 1.1 2.34 3.56 2.79 3.01 5.07 1.98 3.05 4.54 1.21 1.27 4.45 2.04 4.95 4.24 3.69 1.01 2.03 2.11 1.17 3.52 3.17 4.88 1.5 4.35 3.85 4.69 1.92 4.05 2.18 4.19 4.28 3.48 4.8 4.82 1.15 4.65 0.74 4.51 0.92 2.67 
1.45 3.58 0.67 1.21 0 3.69 3.04 2.54 1.06 2.74 1.49 2.44 2.47 1.87 1.92 4.4 0.77 1.94 3.35 0.58 1.11 3.43 1.01 4.08 3.07 2.62 1.25 0.88 1.31 0.67 2.53 2.49 3.87 0.96 3.18 3.23 3.48 0.73 3.63 2.45 3.01 3.1 2.29 3.63 3.61 1.92 3.57 0.92 3.67 1.49 1.46 
2.25 1.88 3.04 4.6 3.69 0 2.96 1.93 4.73 1.37 3.89 3.34 1.52 1.83 3.83 1.27 3.25 3.73 2.11 3.41 3.4 0.64 3.87 0.43 1.87 1.33 3.78 3.59 4.36 3.43 1.18 1.58 0.66 4.47 1.86 1.34 3.03 3.08 1.97 3.66 3.57 3.48 3.22 1.83 3.05 4.4 1.06 3.88 0.35 4.08 2.84 
2.53 4.31 2.57 3.1 3.04 2.96 0 1.16 3.85 1.67 2.01 0.8 3.11 2.22 4.52 2.64 3.27 4.48 4.34 2.46 2 3.27 3.89 3.08 3.98 3.08 2.11 3.64 4.3 2.39 2.62 1.6 3.56 3.97 4.05 1.64 5.03 3.01 1.29 1.08 5.08 5.09 4.4 4.31 5.12 2.24 3.7 2.46 2.67 2.21 3.49 
1.57 3.16 1.93 3.06 2.54 1.93 1.16 0 3.53 0.57 2.14 1.41 1.97 1.16 3.64 2.04 2.51 3.58 3.19 2.05 1.79 2.15 3.19 2.15 2.83 1.93 2.1 2.91 3.66 2.02 1.47 0.44 2.48 3.49 2.89 0.81 3.9 2.26 1.1 1.74 4.03 4.02 3.39 3.16 3.99 2.59 2.57 2.32 1.7 2.35 2.56 
2.49 4.48 1.72 1.02 1.06 4.73 3.85 3.53 0 3.77 1.96 3.14 3.46 2.92 2.27 5.44 1.62 2.33 4.21 1.49 1.86 4.46 1.35 5.13 3.97 3.62 1.78 1.47 1.23 1.53 3.57 3.52 4.89 0.59 4.08 4.25 4.17 1.7 4.6 3.05 3.53 3.65 2.89 4.54 4.31 2.14 4.56 1.41 4.72 1.83 2.29 
1.51 2.67 2.08 3.43 2.74 1.37 1.67 0.57 3.77 0 2.59 1.97 1.58 1.02 3.53 1.67 2.55 3.46 2.74 2.32 2.17 1.6 3.23 1.62 2.39 1.5 2.52 2.94 3.72 2.31 1.04 0.26 1.92 3.64 2.44 0.53 3.52 2.31 1.16 2.3 3.75 3.72 3.17 2.66 3.59 3.08 2.03 2.69 1.17 2.8 2.44 
2.1 4.45 1.48 1.1 1.49 3.89 2.01 2.14 1.96 2.59 0 1.24 3.16 2.22 3.38 4.17 2.11 3.39 4.31 1.03 0.59 3.87 2.5 4.19 3.97 3.25 0.25 2.35 2.76 0.93 2.95 2.35 4.29 2.25 4.07 2.94 4.67 1.93 3.04 1.1 4.37 4.43 3.62 4.48 4.79 0.56 4.17 0.6 3.74 0.22 2.69 
2.3 4.4 2.09 2.34 2.44 3.34 0.8 1.41 3.14 1.97 1.24 0 3.12 2.14 4.11 3.27 2.82 4.09 4.36 1.87 1.34 3.52 3.37 3.55 4 3.14 1.37 3.15 3.74 1.77 2.73 1.8 3.87 3.34 4.08 2.13 4.94 2.57 1.99 0.34 4.85 4.88 4.13 4.41 5.04 1.45 3.91 1.74 3.1 1.43 3.18 
1.09 1.31 1.9 3.56 2.47 1.52 3.11 1.97 3.46 1.58 3.16 3.12 0 1 2.32 2.65 1.87 2.22 1.25 2.37 2.59 1.05 2.42 1.94 0.89 0.19 2.98 2.16 2.91 2.43 0.56 1.55 1.47 3.1 0.97 1.99 1.95 1.76 2.71 3.38 2.22 2.17 1.74 1.33 2.02 3.72 1.11 2.94 1.68 3.31 1.36 
0.5 2.3 1.21 2.79 1.87 1.83 2.22 1.16 2.92 1.02 2.22 2.14 1 0 2.53 2.59 1.55 2.46 2.23 1.59 1.67 1.68 2.23 2.22 1.87 1.05 2.06 1.94 2.73 1.62 0.74 0.84 2.11 2.71 1.96 1.54 2.83 1.33 2.14 2.39 2.88 2.88 2.24 2.31 2.93 2.78 1.95 2.1 1.81 2.39 1.43 
2.07 2.75 2.03 3.01 1.92 3.83 4.52 3.64 2.27 3.53 3.38 4.11 2.32 2.53 0 4.93 1.31 0.11 2.41 2.37 2.9 3.31 0.97 4.25 2.32 2.5 3.14 1.04 1.1 2.47 2.75 3.36 3.68 1.69 2.41 4.04 2.05 1.54 4.66 4.21 1.29 1.42 0.81 2.83 2.18 3.83 3.19 2.83 3.98 3.39 1.1 
3.08 3.14 3.74 5.07 4.4 1.27 2.64 2.04 5.44 1.67 4.17 3.27 2.65 2.59 4.93 0 4.13 4.84 3.38 3.98 3.81 1.9 4.8 0.98 3.13 2.48 4.13 4.51 5.3 3.98 2.18 1.93 1.83 5.28 3.12 1.24 4.29 3.92 1.37 3.61 4.8 4.73 4.39 3.09 4.31 4.6 2.31 4.34 1 4.38 3.87 
1.06 2.87 0.73 1.98 0.77 3.25 3.27 2.51 1.62 2.55 2.11 2.82 1.87 1.55 1.31 4.13 0 1.3 2.62 1.09 1.6 2.89 0.69 3.67 2.37 2.04 1.87 0.4 1.18 1.19 2.07 2.33 3.33 1.24 2.48 3.07 2.72 0.27 3.59 2.91 2.28 2.35 1.54 2.93 2.85 2.6 2.96 1.61 3.3 2.16 0.71 
2.01 2.65 2.01 3.05 1.94 3.73 4.48 3.58 2.33 3.46 3.39 4.09 2.22 2.46 0.11 4.84 1.3 0 2.3 2.37 2.89 3.21 1.02 4.16 2.22 2.41 3.14 1.06 1.19 2.48 2.67 3.3 3.58 1.76 2.31 3.97 1.95 1.53 4.6 4.19 1.21 1.33 0.7 2.72 2.08 3.85 3.08 2.85 3.89 3.41 1.04 
2.21 0.36 2.92 4.54 3.35 2.11 4.34 3.19 4.21 2.74 4.31 4.36 1.25 2.23 2.41 3.38 2.62 2.3 0 3.41 3.72 1.48 2.95 2.46 0.37 1.26 4.1 2.76 3.34 3.49 1.72 2.75 1.64 3.73 0.3 3.07 0.92 2.62 3.79 4.61 1.62 1.5 1.61 0.45 0.94 4.86 1.1 4 2.41 4.44 1.93 
1.28 3.59 0.5 1.21 0.58 3.41 2.46 2.05 1.49 2.32 1.03 1.87 2.37 1.59 2.37 3.98 1.09 2.37 3.41 0 0.55 3.24 1.53 3.77 3.1 2.49 0.79 1.35 1.88 0.11 2.31 2.06 3.68 1.52 3.2 2.78 3.69 0.91 3.12 1.89 3.34 3.41 2.6 3.64 3.81 1.54 3.45 0.59 3.34 1.09 1.67 
1.52 3.86 0.92 1.27 1.11 3.4 2 1.79 1.86 2.17 0.59 1.34 2.59 1.67 2.9 3.81 1.6 2.89 3.72 0.55 0 3.34 2.07 3.73 3.39 2.68 0.4 1.88 2.41 0.45 2.41 1.92 3.76 2 3.49 2.58 4.09 1.39 2.81 1.35 3.82 3.87 3.07 3.9 4.21 1.15 3.61 0.53 3.29 0.73 2.13 
1.99 1.27 2.82 4.45 3.43 0.64 3.27 2.15 4.46 1.6 3.87 3.52 1.05 1.68 3.31 1.9 2.89 3.21 1.48 3.24 3.34 0 3.46 1.01 1.24 0.86 3.73 3.2 3.95 3.28 0.94 1.73 0.44 4.13 1.23 1.76 2.4 2.76 2.45 3.83 2.96 2.87 2.65 1.22 2.42 4.41 0.47 3.77 0.94 4.05 2.39 
1.73 3.25 1.33 2.04 1.01 3.87 3.89 3.19 1.35 3.23 2.5 3.37 2.42 2.23 0.97 4.8 0.69 1.02 2.95 1.53 2.07 3.46 0 4.29 2.76 2.61 2.25 0.3 0.51 1.63 2.7 3.01 3.88 0.81 2.86 3.75 2.83 0.94 4.27 3.42 2.2 2.31 1.55 3.32 2.97 2.91 3.47 1.92 3.94 2.48 1.09 
2.65 2.19 3.43 4.95 4.08 0.43 3.08 2.15 5.13 1.62 4.19 3.55 1.94 2.22 4.25 0.98 3.67 4.16 2.46 3.77 3.73 1.01 4.29 0 2.24 1.76 4.1 4.01 4.79 3.79 1.6 1.85 0.86 4.88 2.22 1.45 3.37 3.49 1.97 3.88 3.96 3.87 3.63 2.13 3.39 4.69 1.37 4.23 0.46 4.4 3.27 
1.87 0.51 2.61 4.24 3.07 1.87 3.98 2.83 3.97 2.39 3.97 4 0.89 1.87 2.32 3.13 2.37 2.22 0.37 3.1 3.39 1.24 2.76 2.24 0 0.91 3.77 2.55 3.18 3.17 1.37 2.4 1.48 3.53 0.11 2.74 1.18 2.34 3.46 4.26 1.74 1.64 1.56 0.57 1.23 4.53 0.94 3.68 2.14 4.11 1.7 
1.22 1.27 2.04 3.69 2.62 1.33 3.08 1.93 3.62 1.5 3.25 3.14 0.19 1.05 2.5 2.48 2.04 2.41 1.26 2.49 2.68 0.86 2.61 1.76 0.91 0 3.07 2.34 3.09 2.55 0.47 1.5 1.29 3.28 0.97 1.88 2.03 1.93 2.6 3.41 2.36 2.3 1.91 1.28 2.09 3.8 0.96 3.05 1.5 3.41 1.54 
1.9 4.25 1.25 1.01 1.25 3.78 2.11 2.1 1.78 2.52 0.25 1.37 2.98 2.06 3.14 4.13 1.87 3.14 4.1 0.79 0.4 3.73 2.25 4.1 3.77 3.07 0 2.1 2.53 0.68 2.8 2.26 4.15 2.04 3.87 2.9 4.44 1.69 3.05 1.28 4.13 4.19 3.38 4.28 4.57 0.77 4 0.39 3.65 0.34 2.45 
1.44 3.05 1.08 2.03 0.88 3.59 3.64 2.91 1.47 2.94 2.35 3.15 2.16 1.94 1.04 4.51 0.4 1.06 2.76 1.35 1.88 3.2 0.3 4.01 2.55 2.34 2.1 0 0.8 1.45 2.41 2.72 3.62 0.98 2.65 3.46 2.73 0.65 3.99 3.22 2.17 2.27 1.47 3.11 2.86 2.8 3.22 1.8 3.65 2.36 0.86 
2.23 3.66 1.76 2.11 1.31 4.36 4.3 3.66 1.23 3.72 2.76 3.74 2.91 2.73 1.1 5.3 1.18 1.19 3.34 1.88 2.41 3.95 0.51 4.79 3.18 3.09 2.53 0.8 0 1.97 3.2 3.5 4.36 0.65 3.28 4.24 3.12 1.42 4.75 3.75 2.39 2.52 1.84 3.73 3.25 3.11 3.93 2.16 4.44 2.71 1.56 
1.34 3.67 0.59 1.17 0.67 3.43 2.39 2.02 1.53 2.31 0.93 1.77 2.43 1.62 2.47 3.98 1.19 2.48 3.49 0.11 0.45 3.28 1.63 3.79 3.17 2.55 0.68 1.45 1.97 0 2.35 2.05 3.72 1.59 3.28 2.77 3.78 1.01 3.08 1.79 3.45 3.51 2.7 3.71 3.91 1.44 3.5 0.52 3.35 0.99 1.78 
1.09 1.7 1.9 3.52 2.53 1.18 2.62 1.47 3.57 1.04 2.95 2.73 0.56 0.74 2.75 2.18 2.07 2.67 1.72 2.31 2.41 0.94 2.7 1.6 1.37 0.47 2.8 2.41 3.2 2.35 0 1.04 1.37 3.29 1.43 1.44 2.49 1.9 2.16 3.01 2.77 2.72 2.25 1.7 2.56 3.5 1.23 2.83 1.25 3.13 1.7 
1.31 2.72 1.84 3.17 2.49 1.58 1.6 0.44 3.52 0.26 2.35 1.8 1.55 0.84 3.36 1.93 2.33 3.3 2.75 2.06 1.92 1.73 3.01 1.85 2.4 1.5 2.26 2.72 3.5 2.05 1.04 0 2.08 3.4 2.46 0.75 3.49 2.09 1.31 2.11 3.66 3.64 3.05 2.72 3.57 2.84 2.14 2.43 1.4 2.55 2.27 
2.43 1.35 3.26 4.88 3.87 0.66 3.56 2.48 4.89 1.92 4.29 3.87 1.47 2.11 3.68 1.83 3.33 3.58 1.64 3.68 3.76 0.44 3.88 0.86 1.48 1.29 4.15 3.62 4.36 3.72 1.37 2.08 0 4.56 1.44 1.97 2.56 3.2 2.62 4.19 3.21 3.11 2.98 1.29 2.56 4.82 0.56 4.2 1 4.47 2.81 
2.24 4.02 1.57 1.5 0.96 4.47 3.97 3.49 0.59 3.64 2.25 3.34 3.1 2.71 1.69 5.28 1.24 1.76 3.73 1.52 2 4.13 0.81 4.88 3.53 3.28 2.04 0.98 0.65 1.59 3.29 3.4 4.56 0 3.63 4.15 3.63 1.4 4.58 3.3 2.96 3.08 2.34 4.09 3.76 2.54 4.18 1.66 4.5 2.17 1.83 
1.97 0.41 2.71 4.35 3.18 1.86 4.05 2.89 4.08 2.44 4.07 4.08 0.97 1.96 2.41 3.12 2.48 2.31 0.3 3.2 3.49 1.23 2.86 2.22 0.11 0.97 3.87 2.65 3.28 3.28 1.43 2.46 1.44 3.63 0 2.77 1.18 2.45 3.5 4.34 1.78 1.68 1.65 0.46 1.21 4.63 0.89 3.79 2.14 4.21 1.81 
2.03 2.95 2.58 3.85 3.23 1.34 1.64 0.81 4.25 0.53 2.94 2.13 1.99 1.54 4.04 1.24 3.07 3.97 3.07 2.78 2.58 1.76 3.75 1.45 2.74 1.88 2.9 3.46 4.24 2.77 1.44 0.75 1.97 4.15 2.77 0 3.9 2.83 0.73 2.46 4.2 4.16 3.65 2.92 3.96 3.38 2.22 3.11 1.04 3.15 2.95 
2.66 1.23 3.2 4.69 3.48 3.03 5.03 3.9 4.17 3.52 4.67 4.94 1.95 2.83 2.05 4.29 2.72 1.95 0.92 3.69 4.09 2.4 2.83 3.37 1.18 2.03 4.44 2.73 3.12 3.78 2.49 3.49 2.56 3.63 1.18 3.9 0 2.81 4.62 5.15 0.9 0.75 1.29 1.3 0.14 5.21 2.02 4.27 3.32 4.77 2.03 
0.85 2.85 0.49 1.92 0.73 3.08 3.01 2.26 1.7 2.31 1.93 2.57 1.76 1.33 1.54 3.92 0.27 1.53 2.62 0.91 1.39 2.76 0.94 3.49 2.34 1.93 1.69 0.65 1.42 1.01 1.9 2.09 3.2 1.4 2.45 2.83 2.81 0 3.34 2.67 2.44 2.5 1.7 2.91 2.94 2.44 2.87 1.47 3.11 1.99 0.78 
2.61 3.67 3.02 4.05 3.63 1.97 1.29 1.1 4.6 1.16 3.04 1.99 2.71 2.14 4.66 1.37 3.59 4.6 3.79 3.12 2.81 2.45 4.27 1.97 3.46 2.6 3.05 3.99 4.75 3.08 2.16 1.31 2.62 4.58 3.5 0.73 4.62 3.34 0 2.31 4.9 4.86 4.33 3.64 4.68 3.39 2.92 3.33 1.64 3.25 3.57 
2.5 4.67 2.19 2.18 2.45 3.66 1.08 1.74 3.05 2.3 1.1 0.34 3.38 2.39 4.21 3.61 2.91 4.19 4.61 1.89 1.35 3.83 3.42 3.88 4.26 3.41 1.28 3.22 3.75 1.79 3.01 2.11 4.19 3.3 4.34 2.46 5.15 2.67 2.31 0 5.02 5.05 4.29 4.69 5.26 1.19 4.21 1.66 3.43 1.26 3.33 
2.57 1.98 2.9 4.19 3.01 3.57 5.08 4.03 3.53 3.75 4.37 4.85 2.22 2.88 1.29 4.8 2.28 1.21 1.62 3.34 3.82 2.96 2.2 3.96 1.74 2.36 4.13 2.17 2.39 3.45 2.77 3.66 3.21 2.96 1.78 4.2 0.9 2.44 4.9 5.02 0 0.16 0.75 2.06 1.01 4.87 2.66 3.89 3.81 4.42 1.7 
2.59 1.85 2.96 4.28 3.1 3.48 5.09 4.02 3.65 3.72 4.43 4.88 2.17 2.88 1.42 4.73 2.35 1.33 1.5 3.41 3.87 2.87 2.31 3.87 1.64 2.3 4.19 2.27 2.52 3.51 2.72 3.64 3.11 3.08 1.68 4.16 0.75 2.5 4.86 5.05 0.16 0 0.82 1.93 0.86 4.94 2.56 3.96 3.74 4.49 1.75 
1.88 1.96 2.16 3.48 2.29 3.22 4.4 3.39 2.89 3.17 3.62 4.13 1.74 2.24 0.81 4.39 1.54 0.7 1.61 2.6 3.07 2.65 1.55 3.63 1.56 1.91 3.38 1.47 1.84 2.7 2.25 3.05 2.98 2.34 1.65 3.65 1.29 1.7 4.33 4.29 0.75 0.82 0 2.04 1.43 4.13 2.46 3.15 3.41 3.68 0.96 
2.39 0.09 3.15 4.8 3.63 1.83 4.31 3.16 4.54 2.66 4.48 4.41 1.33 2.31 2.83 3.09 2.93 2.72 0.45 3.64 3.9 1.22 3.32 2.13 0.57 1.28 4.28 3.11 3.73 3.71 1.7 2.72 1.29 4.09 0.46 2.92 1.3 2.91 3.64 4.69 2.06 1.93 2.04 0 1.28 5.04 0.78 4.22 2.15 4.62 2.26 
2.77 1.21 3.33 4.82 3.61 3.05 5.12 3.99 4.31 3.59 4.79 5.04 2.02 2.93 2.18 4.31 2.85 2.08 0.94 3.81 4.21 2.42 2.97 3.39 1.23 2.09 4.57 2.86 3.25 3.91 2.56 3.57 2.56 3.76 1.21 3.96 0.14 2.94 4.68 5.26 1.01 0.86 1.43 1.28 0 5.34 2.02 4.4 3.34 4.89 2.16 
2.66 5 2.01 1.15 1.92 4.4 2.24 2.59 2.14 3.08 0.56 1.45 3.72 2.78 3.83 4.6 2.6 3.85 4.86 1.54 1.15 4.41 2.91 4.69 4.53 3.8 0.77 2.8 3.11 1.44 3.5 2.84 4.82 2.54 4.63 3.38 5.21 2.44 3.39 1.19 4.87 4.94 4.13 5.04 5.34 0 4.72 1 4.24 0.45 3.21 
2.17 0.83 3 4.65 3.57 1.06 3.7 2.57 4.56 2.03 4.17 3.91 1.11 1.95 3.19 2.31 2.96 3.08 1.1 3.45 3.61 0.47 3.47 1.37 0.94 0.96 4 3.22 3.93 3.5 1.23 2.14 0.56 4.18 0.89 2.22 2.02 2.87 2.92 4.21 2.66 2.56 2.46 0.78 2.02 4.72 0 4 1.39 4.33 2.38 
1.85 4.18 1.09 0.74 0.92 3.88 2.46 2.32 1.41 2.69 0.6 1.74 2.94 2.1 2.83 4.34 1.61 2.85 4 0.59 0.53 3.77 1.92 4.23 3.68 3.05 0.39 1.8 2.16 0.52 2.83 2.43 4.2 1.66 3.79 3.11 4.27 1.47 3.33 1.66 3.89 3.96 3.15 4.22 4.4 1 4 0 3.78 0.57 2.25 
2.26 2.2 3.01 4.51 3.67 0.35 2.67 1.7 4.72 1.17 3.74 3.1 1.68 1.81 3.98 1 3.3 3.89 2.41 3.34 3.29 0.94 3.94 0.46 2.14 1.5 3.65 3.65 4.44 3.35 1.25 1.4 1 4.5 2.14 1.04 3.32 3.11 1.64 3.43 3.81 3.74 3.41 2.15 3.34 4.24 1.39 3.78 0 3.94 2.95 
2.24 4.59 1.57 0.92 1.49 4.08 2.21 2.35 1.83 2.8 0.22 1.43 3.31 2.39 3.39 4.38 2.16 3.41 4.44 1.09 0.73 4.05 2.48 4.4 4.11 3.41 0.34 2.36 2.71 0.99 3.13 2.55 4.47 2.17 4.21 3.15 4.77 1.99 3.25 1.26 4.42 4.49 3.68 4.62 4.89 0.45 4.33 0.57 3.94 0 2.76 
0.99 2.2 1.21 2.67 1.46 2.84 3.49 2.56 2.29 2.44 2.69 3.18 1.36 1.43 1.1 3.87 0.71 1.04 1.93 1.67 2.13 2.39 1.09 3.27 1.7 1.54 2.45 0.86 1.56 1.78 1.7 2.27 2.81 1.83 1.81 2.95 2.03 0.78 3.57 3.33 1.7 1.75 0.96 2.26 2.16 3.21 2.38 2.25 2.95 2.76 0 
