Number_Of_Customers: 25
Vehicle_Capacity:    50
Alpha:               0.75
Number_Of_Scenarios: 3

Location_Coordinates:
0 0 0
1 -1.59637 -0.27099
2 0.474248 0.677902
3 -1.50611 1.83078
4 -0.136919 -1.20173
5 2.45158 -1.30979
6 1.44093 -2.2761
7 0.606447 -2.45003
8 2.38529 -0.415285
9 0.308322 1.97059
10 -0.306724 -0.116242
11 1.31536 2.2121
12 -1.17044 -1.63722
13 -1.83708 -0.81772
14 1.57981 1.79969
15 2.43978 0.456225
16 -2.22188 1.8521
17 -1.70529 -0.814932
18 -1.56083 2.20629
19 1.07774 -1.5034
20 2.35238 1.51555
21 1.81849 -1.5751
22 2.36059 -0.589343
23 -0.0885643 1.50023
24 -0.663263 -2.46704
25 1.40831 -0.528527

Demand_per_scenario:
1 4 6 7
2 6 8 9
3 5 7 9
4 6 8 10
5 6 8 10
6 4 6 7
7 3 4 4
8 5 7 9
9 6 9 11
10 5 6 8
11 4 6 7
12 5 8 9
13 5 7 8
14 3 5 6
15 4 6 7
16 3 4 5
17 4 6 7
18 3 4 5
19 5 7 8
20 3 4 5
21 2 3 3
22 4 5 6
23 4 5 6
24 6 8 10
25 4 6 7

Probability_of_each_scenario_occuring:
0.333333 0.333333 0.333333 

Travel_Costs:
0 1.62 0.83 2.38 1.21 2.78 2.7 2.53 2.43 2 0.33 2.58 2.02 2.02 2.4 2.49 2.9 1.9 2.71 1.85 2.8 2.41 2.44 1.51 2.56 1.51 
1.62 0 2.28 2.11 1.74 4.18 3.64 3.1 3.99 2.95 1.3 3.83 1.44 0.6 3.8 4.11 2.22 0.56 2.48 2.95 4.34 3.66 3.97 2.33 2.39 3.02 
0.83 2.28 0 2.3 1.98 2.81 3.11 3.14 2.21 1.31 1.12 1.75 2.84 2.76 1.58 1.98 2.95 2.65 2.55 2.27 2.06 2.63 2.28 1 3.35 1.53 
2.38 2.11 2.3 0 3.33 5.06 5.06 4.78 4.5 1.82 2.29 2.85 3.49 2.67 3.09 4.18 0.72 2.66 0.38 4.22 3.88 4.76 4.57 1.46 4.38 3.75 
1.21 1.74 1.98 3.33 0 2.6 1.91 1.46 2.65 3.21 1.1 3.71 1.13 1.75 3.46 3.07 3.7 1.62 3.7 1.26 3.69 2 2.58 2.71 1.38 1.69 
2.78 4.18 2.81 5.06 2.6 0 1.4 2.17 0.9 3.92 3.01 3.71 3.64 4.32 3.23 1.77 5.65 4.19 5.34 1.39 2.83 0.69 0.73 3.79 3.33 1.31 
2.7 3.64 3.11 5.06 1.91 1.4 0 0.86 2.09 4.4 2.78 4.49 2.69 3.59 4.08 2.91 5.52 3.47 5.4 0.86 3.9 0.8 1.93 4.08 2.12 1.75 
2.53 3.1 3.14 4.78 1.46 2.17 0.86 0 2.71 4.44 2.51 4.72 1.96 2.94 4.36 3.44 5.15 2.84 5.14 1.06 4.34 1.5 2.56 4.02 1.27 2.09 
2.43 3.99 2.21 4.5 2.65 0.9 2.09 2.71 0 3.17 2.71 2.84 3.76 4.25 2.36 0.88 5.14 4.12 4.74 1.71 1.94 1.3 0.18 3.13 3.68 0.99 
2 2.95 1.31 1.82 3.21 3.92 4.4 4.44 3.17 0 2.18 1.04 3.9 3.52 1.29 2.62 2.54 3.44 1.89 3.56 2.1 3.86 3.29 0.62 4.55 2.74 
0.33 1.3 1.12 2.29 1.1 3.01 2.78 2.51 2.71 2.18 0 2.84 1.75 1.69 2.69 2.81 2.75 1.57 2.64 1.96 3.12 2.58 2.71 1.64 2.38 1.77 
2.58 3.83 1.75 2.85 3.71 3.71 4.49 4.72 2.84 1.04 2.84 0 4.59 4.38 0.49 2.09 3.56 4.28 2.88 3.73 1.25 3.83 3 1.58 5.09 2.75 
2.02 1.44 2.84 3.49 1.13 3.64 2.69 1.96 3.76 3.9 1.75 4.59 0 1.06 4.41 4.18 3.65 0.99 3.87 2.26 4.73 2.99 3.69 3.32 0.98 2.81 
2.02 0.6 2.76 2.67 1.75 4.32 3.59 2.94 4.25 3.52 1.69 4.38 1.06 0 4.31 4.47 2.7 0.14 3.04 3 4.8 3.74 4.21 2.91 2.03 3.26 
2.4 3.8 1.58 3.09 3.46 3.23 4.08 4.36 2.36 1.29 2.69 0.49 4.41 4.31 0 1.6 3.81 4.2 3.17 3.35 0.83 3.39 2.52 1.7 4.83 2.34 
2.49 4.11 1.98 4.18 3.07 1.77 2.91 3.44 0.88 2.62 2.81 2.09 4.18 4.47 1.6 0 4.87 4.34 4.37 2.39 1.07 2.13 1.05 2.74 4.27 1.43 
2.9 2.22 2.95 0.72 3.7 5.65 5.52 5.15 5.14 2.54 2.75 3.56 3.65 2.7 3.81 4.87 0 2.72 0.75 4.71 4.59 5.3 5.2 2.17 4.6 4.35 
1.9 0.56 2.65 2.66 1.62 4.19 3.47 2.84 4.12 3.44 1.57 4.28 0.99 0.14 4.2 4.34 2.72 0 3.03 2.87 4.68 3.61 4.08 2.83 1.96 3.13 
2.71 2.48 2.55 0.38 3.7 5.34 5.4 5.14 4.74 1.89 2.64 2.88 3.87 3.04 3.17 4.37 0.75 3.03 0 4.56 3.98 5.08 4.82 1.64 4.76 4.04 
1.85 2.95 2.27 4.22 1.26 1.39 0.86 1.06 1.71 3.56 1.96 3.73 2.26 3 3.35 2.39 4.71 2.87 4.56 0 3.28 0.75 1.58 3.23 1.99 1.03 
2.8 4.34 2.06 3.88 3.69 2.83 3.9 4.34 1.94 2.1 3.12 1.25 4.73 4.8 0.83 1.07 4.59 4.68 3.98 3.28 0 3.14 2.11 2.45 5 2.26 
2.41 3.66 2.63 4.76 2 0.69 0.8 1.5 1.3 3.86 2.58 3.83 2.99 3.74 3.39 2.13 5.3 3.61 5.08 0.75 3.14 0 1.13 3.62 2.64 1.13 
2.44 3.97 2.28 4.57 2.58 0.73 1.93 2.56 0.18 3.29 2.71 3 3.69 4.21 2.52 1.05 5.2 4.08 4.82 1.58 2.11 1.13 0 3.22 3.56 0.96 
1.51 2.33 1 1.46 2.71 3.79 4.08 4.02 3.13 0.62 1.64 1.58 3.32 2.91 1.7 2.74 2.17 2.83 1.64 3.23 2.45 3.62 3.22 0 4.01 2.53 
2.56 2.39 3.35 4.38 1.38 3.33 2.12 1.27 3.68 4.55 2.38 5.09 0.98 2.03 4.83 4.27 4.6 1.96 4.76 1.99 5 2.64 3.56 4.01 0 2.84 
1.51 3.02 1.53 3.75 1.69 1.31 1.75 2.09 0.99 2.74 1.77 2.75 2.81 3.26 2.34 1.43 4.35 3.13 4.04 1.03 2.26 1.13 0.96 2.53 2.84 0 
