Number_Of_Customers: 25
Vehicle_Capacity:    50
Alpha:               1
Number_Of_Scenarios: 3

Location_Coordinates:
0 0 0
1 -0.579213 0.159972
2 -1.34442 -0.746517
3 -1.71054 1.01335
4 1.34871 -2.24146
5 -2.13551 -1.54474
6 -2.4616 -2.18983
7 0.49555 -1.29732
8 0.888777 -2.3243
9 0.452046 -2.46977
10 0.630976 -0.178222
11 -0.3758 -1.06655
12 -0.56356 -1.75326
13 -2.03474 2.06936
14 -0.306373 0.788871
15 -1.45042 -2.23822
16 2.23385 -0.765089
17 1.15339 0.0508831
18 0.191654 1.12734
19 2.25017 -1.47378
20 0.22209 -2.32978
21 -1.52932 1.79063
22 0.180549 -0.516185
23 -0.525296 1.35633
24 0.823225 0.945566
25 2.13156 0.136589

Demand_per_scenario:
1 5 6 8
2 5 6 8
3 5 6 8
4 5 6 8
5 5 6 8
6 3 4 5
7 2 2 3
8 7 9 12
9 3 4 5
10 5 6 8
11 3 4 6
12 4 5 7
13 2 3 4
14 4 6 7
15 5 6 8
16 4 5 7
17 5 6 8
18 4 5 7
19 3 4 6
20 4 6 7
21 4 5 6
22 3 4 5
23 3 4 5
24 5 7 9
25 3 4 5

Probability_of_each_scenario_occuring:
0.333333 0.333333 0.333333 

Travel_Costs:
0 0.61 1.54 1.99 2.62 2.64 3.3 1.39 2.49 2.52 0.66 1.14 1.85 2.91 0.85 2.67 2.37 1.16 1.15 2.69 2.35 2.36 0.55 1.46 1.26 2.14 
0.61 0 1.19 1.42 3.08 2.31 3.02 1.82 2.89 2.83 1.26 1.25 1.92 2.41 0.69 2.56 2.97 1.74 1.24 3.27 2.62 1.89 1.02 1.2 1.61 2.72 
1.54 1.19 0 1.8 3.09 1.13 1.83 1.93 2.74 2.49 2.06 1.03 1.28 2.9 1.86 1.5 3.58 2.63 2.43 3.67 2.23 2.55 1.55 2.26 2.75 3.59 
1.99 1.42 1.8 0 4.47 2.6 3.3 3.2 4.24 4.1 2.63 2.48 3 1.11 1.43 3.27 4.33 3.03 1.91 4.68 3.87 0.8 2.44 1.24 2.54 3.95 
2.62 3.08 3.09 4.47 0 3.56 3.82 1.28 0.47 0.93 2.19 2.09 1.98 5.49 3.46 2.8 1.73 2.31 3.57 1.19 1.14 4.96 2.09 4.06 3.24 2.51 
2.64 2.31 1.13 2.6 3.56 0 0.73 2.65 3.13 2.75 3.09 1.83 1.59 3.62 2.97 0.98 4.44 3.66 3.55 4.39 2.49 3.4 2.54 3.32 3.87 4.59 
3.3 3.02 1.83 3.3 3.82 0.73 0 3.09 3.36 2.93 3.69 2.37 1.95 4.29 3.68 1.02 4.91 4.26 4.25 4.77 2.69 4.09 3.13 4.05 4.55 5.15 
1.39 1.82 1.93 3.2 1.28 2.65 3.09 0 1.1 1.18 1.13 0.91 1.16 4.22 2.24 2.17 1.82 1.51 2.45 1.77 1.07 3.7 0.85 2.85 2.27 2.18 
2.49 2.89 2.74 4.24 0.47 3.13 3.36 1.1 0 0.47 2.17 1.79 1.57 5.28 3.34 2.35 2.06 2.39 3.53 1.61 0.67 4.78 1.95 3.95 3.28 2.76 
2.52 2.83 2.49 4.1 0.93 2.75 2.93 1.18 0.47 0 2.3 1.63 1.25 5.18 3.35 1.92 2.47 2.62 3.61 2.06 0.27 4.7 1.98 3.95 3.44 3.11 
0.66 1.26 2.06 2.63 2.19 3.09 3.69 1.13 2.17 2.3 0 1.35 1.98 3.49 1.35 2.93 1.71 0.58 1.38 2.08 2.2 2.93 0.57 1.93 1.15 1.54 
1.14 1.25 1.03 2.48 2.09 1.83 2.37 0.91 1.79 1.63 1.35 0 0.72 3.55 1.86 1.59 2.63 1.9 2.27 2.66 1.4 3.09 0.79 2.43 2.35 2.79 
1.85 1.92 1.28 3 1.98 1.59 1.95 1.16 1.57 1.25 1.98 0.72 0 4.1 2.56 1.02 2.97 2.5 2.98 2.83 0.98 3.68 1.45 3.11 3.04 3.3 
2.91 2.41 2.9 1.11 5.49 3.62 4.29 4.22 5.28 5.18 3.49 3.55 4.1 0 2.16 4.35 5.13 3.78 2.42 5.57 4.95 0.58 3.41 1.67 3.08 4.6 
0.85 0.69 1.86 1.43 3.46 2.97 3.68 2.24 3.34 3.35 1.35 1.86 2.56 2.16 0 3.24 2.98 1.64 0.61 3.42 3.17 1.59 1.4 0.61 1.15 2.53 
2.67 2.56 1.5 3.27 2.8 0.98 1.02 2.17 2.35 1.92 2.93 1.59 1.02 4.35 3.24 0 3.97 3.47 3.75 3.78 1.68 4.03 2.38 3.72 3.92 4.3 
2.37 2.97 3.58 4.33 1.73 4.44 4.91 1.82 2.06 2.47 1.71 2.63 2.97 5.13 2.98 3.97 0 1.36 2.79 0.71 2.55 4.55 2.07 3.49 2.22 0.91 
1.16 1.74 2.63 3.03 2.31 3.66 4.26 1.51 2.39 2.62 0.58 1.9 2.5 3.78 1.64 3.47 1.36 0 1.45 1.88 2.56 3.2 1.13 2.13 0.96 0.99 
1.15 1.24 2.43 1.91 3.57 3.55 4.25 2.45 3.53 3.61 1.38 2.27 2.98 2.42 0.61 3.75 2.79 1.45 0 3.32 3.46 1.85 1.65 0.76 0.66 2.18 
2.69 3.27 3.67 4.68 1.19 4.39 4.77 1.77 1.61 2.06 2.08 2.66 2.83 5.57 3.42 3.78 0.71 1.88 3.32 0 2.21 5 2.29 3.97 2.81 1.62 
2.35 2.62 2.23 3.87 1.14 2.49 2.69 1.07 0.67 0.27 2.2 1.4 0.98 4.95 3.17 1.68 2.55 2.56 3.46 2.21 0 4.48 1.82 3.77 3.34 3.12 
2.36 1.89 2.55 0.8 4.96 3.4 4.09 3.7 4.78 4.7 2.93 3.09 3.68 0.58 1.59 4.03 4.55 3.2 1.85 5 4.48 0 2.88 1.1 2.5 4.02 
0.55 1.02 1.55 2.44 2.09 2.54 3.13 0.85 1.95 1.98 0.57 0.79 1.45 3.41 1.4 2.38 2.07 1.13 1.65 2.29 1.82 2.88 0 2.01 1.6 2.06 
1.46 1.2 2.26 1.24 4.06 3.32 4.05 2.85 3.95 3.95 1.93 2.43 3.11 1.67 0.61 3.72 3.49 2.13 0.76 3.97 3.77 1.1 2.01 0 1.41 2.93 
1.26 1.61 2.75 2.54 3.24 3.87 4.55 2.27 3.28 3.44 1.15 2.35 3.04 3.08 1.15 3.92 2.22 0.96 0.66 2.81 3.34 2.5 1.6 1.41 0 1.54 
2.14 2.72 3.59 3.95 2.51 4.59 5.15 2.18 2.76 3.11 1.54 2.79 3.3 4.6 2.53 4.3 0.91 0.99 2.18 1.62 3.12 4.02 2.06 2.93 1.54 0 
