Number_Of_Customers: 50
Vehicle_Capacity:    50
Alpha:               0.75
Number_Of_Scenarios: 3

Location_Coordinates:
0 0 0
1 1.85337 -0.340398
2 -1.06859 0.184022
3 -2.14458 1.04846
4 1.42099 -2.4316
5 2.15154 0.904931
6 -0.826183 -0.658155
7 -1.61189 -1.02883
8 -1.47813 2.11578
9 -0.0972651 0.265927
10 -0.557917 -1.9033
11 1.25034 -0.461471
12 -0.935556 1.1139
13 1.23726 -0.361824
14 -1.18031 -2.41976
15 1.07331 -0.891436
16 -2.35867 -2.17282
17 1.33784 0.0505849
18 0.181173 -0.0223154
19 -0.0551307 -1.58149
20 -0.0271372 -1.09566
21 0.272161 -0.795429
22 1.22505 -0.581631
23 -0.472815 -1.60215
24 -2.34618 -2.29245
25 0.725497 -1.57569
26 2.46097 1.60475
27 0.961365 -2.34489
28 -0.605702 -0.0366253
29 -0.561962 0.0967828
30 1.62811 -1.41771
31 -2.41903 -1.65823
32 0.114502 -0.567704
33 -1.39902 1.60386
34 1.09189 1.38066
35 -0.269447 1.40473
36 -0.691667 0.159494
37 0.620868 -0.0705805
38 -1.24641 1.61491
39 1.84744 -0.121323
40 0.92059 2.35963
41 -1.73776 -1.61066
42 -0.407243 0.466784
43 0.245151 0.255588
44 0.668276 1.71775
45 0.250295 1.70985
46 2.44882 2.35557
47 -0.0146579 -1.35522
48 -2.23583 2.35514
49 -2.15951 0.167225
50 0.553429 1.4767

Demand_per_scenario:
1 3 4 4
2 5 6 7
3 5 7 8
4 6 8 9
5 3 4 4
6 5 6 8
7 2 3 4
8 6 8 9
9 4 5 5
10 5 6 7
11 6 8 9
12 6 8 9
13 2 3 3
14 3 4 4
15 4 5 6
16 6 7 8
17 4 5 6
18 5 7 8
19 3 4 5
20 3 3 4
21 4 5 6
22 5 6 7
23 3 4 5
24 3 4 4
25 4 5 6
26 6 8 9
27 4 5 6
28 7 8 10
29 4 5 5
30 5 6 7
31 6 8 9
32 3 4 4
33 3 4 5
34 4 6 6
35 4 5 6
36 6 8 9
37 5 6 7
38 5 6 7
39 4 5 6
40 6 7 9
41 4 5 6
42 3 4 5
43 7 8 10
44 4 6 6
45 5 7 8
46 3 3 4
47 5 7 8
48 5 7 8
49 5 6 7
50 6 7 9

Probability_of_each_scenario_occuring:
0.333333 0.333333 0.333333 

Travel_Costs:
0 1.89 1.09 2.39 2.82 2.34 1.06 1.92 2.59 0.29 1.99 1.34 1.46 1.29 2.7 1.4 3.21 1.34 0.19 1.59 1.1 0.85 1.36 1.68 3.29 1.74 2.94 2.54 0.61 0.58 2.16 2.94 0.58 2.13 1.77 1.44 0.71 0.63 2.04 1.86 2.54 2.37 0.62 0.36 1.85 1.73 3.4 1.36 3.25 2.17 1.58 
1.89 0 2.97 4.24 2.14 1.29 2.7 3.54 4.14 2.05 2.88 0.62 3.15 0.62 3.68 0.96 4.6 0.65 1.71 2.28 2.03 1.65 0.68 2.65 4.64 1.68 2.04 2.2 2.48 2.46 1.11 4.48 1.76 3.79 1.89 2.75 2.6 1.27 3.67 0.22 2.86 3.81 2.41 1.72 2.38 2.61 2.77 2.13 4.9 4.05 2.24 
1.09 2.97 0 1.39 3.62 3.3 0.88 1.33 1.98 0.98 2.15 2.41 0.94 2.37 2.61 2.4 2.69 2.42 1.27 2.04 1.65 1.67 2.42 1.89 2.79 2.52 3.81 3.25 0.52 0.52 3.14 2.29 1.41 1.46 2.47 1.46 0.38 1.71 1.45 2.94 2.95 1.92 0.72 1.32 2.32 2.02 4.14 1.87 2.47 1.1 2.08 
2.39 4.24 1.39 0 4.99 4.3 2.16 2.15 1.26 2.2 3.36 3.72 1.22 3.67 3.6 3.76 3.23 3.63 2.57 3.36 3.02 3.04 3.75 3.14 3.35 3.89 4.64 4.61 1.89 1.85 4.51 2.73 2.78 0.93 3.26 1.91 1.71 2.99 1.07 4.16 3.34 2.7 1.84 2.52 2.9 2.49 4.78 3.22 1.31 0.89 2.74 
2.82 2.14 3.62 4.99 0 3.42 2.87 3.35 5.4 3.1 2.05 1.98 4.26 2.08 2.61 1.58 3.79 2.49 2.71 1.71 1.98 2 1.87 2.07 3.77 1.11 4.17 0.47 3.14 3.22 1.04 3.92 2.28 4.93 3.83 4.2 3.35 2.5 4.85 2.35 4.82 3.27 3.43 2.94 4.22 4.31 4.9 1.8 6.03 4.43 4.01 
2.34 1.29 3.3 4.3 3.42 0 3.37 4.24 3.83 2.34 3.91 1.64 3.1 1.57 4.71 2.1 5.47 1.18 2.18 3.33 2.96 2.54 1.76 3.63 5.52 2.87 0.77 3.47 2.92 2.84 2.39 5.25 2.52 3.62 1.17 2.48 2.94 1.82 3.48 1.08 1.91 4.64 2.6 2.02 1.7 2.07 1.49 3.14 4.63 4.38 1.7 
1.06 2.7 0.88 2.16 2.87 3.37 0 0.87 2.85 1.18 1.28 2.09 1.78 2.09 1.8 1.92 2.16 2.28 1.2 1.21 0.92 1.11 2.06 1.01 2.24 1.81 4 2.46 0.66 0.8 2.57 1.89 0.95 2.34 2.8 2.14 0.83 1.57 2.32 2.73 3.49 1.32 1.21 1.41 2.81 2.61 4.46 1.07 3.33 1.57 2.55 
1.92 3.54 1.33 2.15 3.35 4.24 0.87 0 3.15 2 1.37 2.92 2.25 2.93 1.46 2.69 1.37 3.15 2.06 1.66 1.59 1.9 2.88 1.28 1.47 2.41 4.86 2.9 1.42 1.54 3.27 1.03 1.79 2.65 3.63 2.78 1.51 2.43 2.67 3.58 4.24 0.6 1.93 2.26 3.57 3.32 5.29 1.64 3.45 1.32 3.32 
2.59 4.14 1.98 1.26 5.4 3.83 2.85 3.15 0 2.31 4.13 3.76 1.14 3.68 4.55 3.95 4.38 3.5 2.71 3.97 3.53 3.4 3.82 3.86 4.5 4.3 3.98 5.09 2.33 2.22 4.71 3.89 3.13 0.52 2.68 1.41 2.11 3.04 0.56 4.01 2.42 3.74 1.97 2.54 2.19 1.78 3.94 3.77 0.8 2.07 2.13 
0.29 2.05 0.98 2.2 3.1 2.34 1.18 2 2.31 0 2.22 1.54 1.2 1.48 2.9 1.65 3.33 1.46 0.41 1.85 1.37 1.13 1.58 1.91 3.41 2.02 2.89 2.82 0.6 0.5 2.42 3.02 0.87 1.87 1.63 1.16 0.61 0.8 1.78 1.99 2.33 2.5 0.37 0.35 1.65 1.49 3.3 1.63 2.99 2.07 1.38 
1.99 2.88 2.15 3.36 2.05 3.91 1.28 1.37 4.13 2.22 0 2.32 3.05 2.37 0.81 1.92 1.83 2.73 2.03 0.6 0.97 1.39 2.22 0.32 1.84 1.33 4.63 1.59 1.87 2.01 2.24 1.88 1.5 3.61 3.68 3.33 2.07 2.18 3.59 3 4.52 1.22 2.38 2.31 3.83 3.71 5.22 0.78 4.58 2.62 3.56 
1.34 0.62 2.41 3.72 1.98 1.64 2.09 2.92 3.76 1.54 2.32 0 2.7 0.11 3.13 0.47 4 0.52 1.16 1.73 1.43 1.04 0.13 2.07 4.04 1.24 2.4 1.91 1.91 1.9 1.03 3.86 1.15 3.36 1.85 2.41 2.04 0.75 3.25 0.69 2.85 3.21 1.9 1.24 2.26 2.4 3.07 1.55 4.49 3.47 2.06 
1.46 3.15 0.94 1.22 4.26 3.1 1.78 2.25 1.14 1.2 3.05 2.7 0 2.63 3.55 2.84 3.59 2.51 1.6 2.84 2.39 2.26 2.75 2.76 3.69 3.17 3.44 3.95 1.2 1.09 3.61 3.15 1.99 0.68 2.05 0.73 0.99 1.96 0.59 3.05 2.24 2.85 0.84 1.46 1.72 1.33 3.61 2.64 1.8 1.55 1.54 
1.29 0.62 2.37 3.67 2.08 1.57 2.09 2.93 3.68 1.48 2.37 0.11 2.63 0 3.18 0.56 4.03 0.43 1.11 1.78 1.47 1.06 0.23 2.12 4.08 1.32 2.32 2.01 1.88 1.86 1.13 3.88 1.15 3.29 1.75 2.33 2 0.69 3.18 0.66 2.74 3.23 1.85 1.17 2.16 2.3 2.98 1.6 4.41 3.44 1.97 
2.7 3.68 2.61 3.6 2.61 4.71 1.8 1.46 4.55 2.9 0.81 3.13 3.55 3.18 0 2.73 1.21 3.53 2.76 1.41 1.76 2.18 3.03 1.09 1.18 2.09 5.43 2.15 2.46 2.6 2.99 1.46 2.26 4.03 4.43 3.94 2.63 2.97 4.04 3.81 5.23 0.99 2.99 3.04 4.54 4.38 6 1.58 4.9 2.77 4.27 
1.4 0.96 2.4 3.76 1.58 2.1 1.92 2.69 3.95 1.65 1.92 0.47 2.84 0.56 2.73 0 3.67 0.98 1.25 1.33 1.12 0.81 0.35 1.71 3.7 0.77 2.86 1.46 1.89 1.92 0.77 3.58 1.02 3.52 2.28 2.66 2.06 0.94 3.42 1.1 3.26 2.91 2.01 1.42 2.65 2.73 3.53 1.19 4.64 3.41 2.43 
3.21 4.6 2.69 3.23 3.79 5.47 2.16 1.37 4.38 3.33 1.83 4 3.59 4.03 1.21 3.67 0 4.32 3.33 2.38 2.57 2.97 3.93 1.98 0.13 3.15 6.13 3.33 2.77 2.9 4.06 0.52 2.95 3.9 4.96 4.15 2.87 3.65 3.95 4.68 5.6 0.84 3.29 3.57 4.93 4.68 6.61 2.49 4.53 2.35 4.67 
1.34 0.65 2.42 3.63 2.49 1.18 2.28 3.15 3.5 1.46 2.73 0.52 2.51 0.43 3.53 0.98 4.32 0 1.16 2.15 1.79 1.37 0.65 2.46 4.37 1.74 1.92 2.43 1.95 1.91 1.5 4.13 1.38 3.15 1.36 2.11 2.04 0.73 3.03 0.54 2.35 3.5 1.8 1.12 1.8 1.99 2.56 1.96 4.26 3.5 1.63 
0.19 1.71 1.27 2.57 2.71 2.18 1.2 2.06 2.71 0.41 2.03 1.16 1.6 1.11 2.76 1.25 3.33 1.16 0 1.58 1.1 0.78 1.19 1.71 3.4 1.65 2.81 2.46 0.79 0.76 2.02 3.08 0.55 2.27 1.68 1.5 0.9 0.45 2.18 1.67 2.5 2.5 0.77 0.29 1.81 1.74 3.29 1.35 3.4 2.35 1.55 
1.59 2.28 2.04 3.36 1.71 3.33 1.21 1.66 3.97 1.85 0.6 1.73 2.84 1.78 1.41 1.33 2.38 2.15 1.58 0 0.49 0.86 1.63 0.42 2.4 0.79 4.06 1.28 1.65 1.76 1.7 2.37 1.03 3.46 3.18 3 1.86 1.66 3.42 2.4 4.07 1.69 2.08 1.87 3.38 3.31 4.67 0.23 4.51 2.74 3.12 
1.1 2.03 1.65 3.02 1.98 2.96 0.92 1.59 3.53 1.37 0.97 1.43 2.39 1.47 1.76 1.12 2.57 1.79 1.1 0.49 0 0.43 1.36 0.68 2.61 0.9 3.68 1.6 1.21 1.31 1.69 2.46 0.55 3.03 2.72 2.52 1.43 1.22 2.98 2.12 3.59 1.79 1.61 1.38 2.9 2.82 4.25 0.26 4.1 2.48 2.64 
0.85 1.65 1.67 3.04 2 2.54 1.11 1.9 3.4 1.13 1.39 1.04 2.26 1.06 2.18 0.81 2.97 1.37 0.78 0.86 0.43 0 0.98 1.1 3.02 0.91 3.25 1.7 1.17 1.23 1.5 2.83 0.28 2.93 2.33 2.27 1.36 0.81 2.85 1.72 3.23 2.17 1.44 1.06 2.55 2.51 3.83 0.63 4.03 2.62 2.29 
1.36 0.68 2.42 3.75 1.87 1.76 2.06 2.88 3.82 1.58 2.22 0.13 2.75 0.23 3.03 0.35 3.93 0.65 1.19 1.63 1.36 0.98 0 1.99 3.96 1.12 2.52 1.79 1.92 1.92 0.93 3.8 1.12 3.42 1.97 2.49 2.06 0.8 3.31 0.78 2.96 3.14 1.94 1.29 2.37 2.5 3.19 1.47 4.54 3.47 2.17 
1.68 2.65 1.89 3.14 2.07 3.63 1.01 1.28 3.86 1.91 0.32 2.07 2.76 2.12 1.09 1.71 1.98 2.46 1.71 0.42 0.68 1.1 1.99 0 2 1.2 4.35 1.62 1.58 1.71 2.11 1.95 1.19 3.34 3.37 3.02 1.78 1.89 3.31 2.76 4.2 1.27 2.07 2 3.52 3.4 4.92 0.53 4.34 2.45 3.25 
3.29 4.64 2.79 3.35 3.77 5.52 2.24 1.47 4.5 3.41 1.84 4.04 3.69 4.08 1.18 3.7 0.13 4.37 3.4 2.4 2.61 3.02 3.96 2 0 3.16 6.19 3.31 2.85 2.99 4.07 0.64 3.01 4.01 5.04 4.25 2.96 3.71 4.06 4.73 5.69 0.92 3.38 3.64 5.02 4.78 6.68 2.52 4.65 2.47 4.76 
1.74 1.68 2.52 3.89 1.11 2.87 1.81 2.41 4.3 2.02 1.33 1.24 3.17 1.32 2.09 0.77 3.15 1.74 1.65 0.79 0.9 0.91 1.12 1.2 3.16 0 3.63 0.81 2.04 2.12 0.92 3.15 1.18 3.83 2.98 3.15 2.25 1.51 3.76 1.84 3.95 2.47 2.34 1.9 3.3 3.32 4.3 0.78 4.93 3.38 3.06 
2.94 2.04 3.81 4.64 4.17 0.77 4 4.86 3.98 2.89 4.63 2.4 3.44 2.32 5.43 2.86 6.13 1.92 2.81 4.06 3.68 3.25 2.52 4.35 6.19 3.63 0 4.23 3.48 3.38 3.14 5.88 3.2 3.86 1.39 2.74 3.47 2.49 3.71 1.84 1.72 5.29 3.09 2.6 1.8 2.22 0.76 3.86 4.76 4.84 1.92 
2.54 2.2 3.25 4.61 0.47 3.47 2.46 2.9 5.09 2.82 1.59 1.91 3.95 2.01 2.15 1.46 3.33 2.43 2.46 1.28 1.6 1.7 1.79 1.62 3.31 0.81 4.23 0 2.79 2.88 1.15 3.45 1.97 4.61 3.73 3.95 3.01 2.3 4.54 2.4 4.71 2.8 3.13 2.7 4.08 4.12 4.94 1.39 5.69 4.01 3.85 
0.61 2.48 0.52 1.89 3.14 2.92 0.66 1.42 2.33 0.6 1.87 1.91 1.2 1.88 2.46 1.89 2.77 1.95 0.79 1.65 1.21 1.17 1.92 1.58 2.85 2.04 3.48 2.79 0 0.15 2.63 2.44 0.9 1.83 2.22 1.49 0.22 1.23 1.78 2.46 2.85 1.94 0.55 0.9 2.17 1.95 3.88 1.45 2.9 1.57 1.91 
0.58 2.46 0.52 1.85 3.22 2.84 0.8 1.54 2.22 0.5 2.01 1.9 1.09 1.86 2.6 1.92 2.9 1.91 0.76 1.76 1.31 1.23 1.92 1.71 2.99 2.12 3.38 2.88 0.15 0 2.67 2.56 0.95 1.73 2.1 1.35 0.15 1.2 1.67 2.42 2.71 2.08 0.41 0.83 2.04 1.81 3.77 1.56 2.82 1.6 1.78 
2.16 1.11 3.14 4.51 1.04 2.39 2.57 3.27 4.71 2.42 2.24 1.03 3.61 1.13 2.99 0.77 4.06 1.5 2.02 1.7 1.69 1.5 0.93 2.11 4.07 0.92 3.14 1.15 2.63 2.67 0 4.06 1.74 4.28 2.85 3.41 2.81 1.69 4.18 1.32 3.85 3.38 2.78 2.18 3.28 3.42 3.87 1.65 5.41 4.11 3.09 
2.94 4.48 2.29 2.73 3.92 5.25 1.89 1.03 3.89 3.02 1.88 3.86 3.15 3.88 1.46 3.58 0.52 4.13 3.08 2.37 2.46 2.83 3.8 1.95 0.64 3.15 5.88 3.45 2.44 2.56 4.06 0 2.76 3.42 4.65 3.75 2.51 3.43 3.48 4.54 5.23 0.69 2.93 3.29 4.58 4.3 6.31 2.43 4.02 1.85 4.33 
0.58 1.76 1.41 2.78 2.28 2.52 0.95 1.79 3.13 0.87 1.5 1.15 1.99 1.15 2.26 1.02 2.95 1.38 0.55 1.03 0.55 0.28 1.12 1.19 3.01 1.18 3.2 1.97 0.9 0.95 1.74 2.76 0 2.65 2.18 2.01 1.09 0.71 2.58 1.79 3.04 2.13 1.16 0.84 2.36 2.29 3.75 0.8 3.76 2.39 2.1 
2.13 3.79 1.46 0.93 4.93 3.62 2.34 2.65 0.52 1.87 3.61 3.36 0.68 3.29 4.03 3.52 3.9 3.15 2.27 3.46 3.03 2.93 3.42 3.34 4.01 3.83 3.86 4.61 1.83 1.73 4.28 3.42 2.65 0 2.51 1.15 1.61 2.63 0.16 3.68 2.44 3.24 1.51 2.13 2.08 1.66 3.93 3.27 1.13 1.63 1.96 
1.77 1.89 2.47 3.26 3.83 1.17 2.8 3.63 2.68 1.63 3.68 1.85 2.05 1.75 4.43 2.28 4.96 1.36 1.68 3.18 2.72 2.33 1.97 3.37 5.04 2.98 1.39 3.73 2.22 2.1 2.85 4.65 2.18 2.51 0 1.37 2.17 1.53 2.36 1.69 1 4.12 1.76 1.41 0.55 0.91 1.68 2.96 3.47 3.48 0.55 
1.44 2.75 1.46 1.91 4.2 2.48 2.14 2.78 1.41 1.16 3.33 2.41 0.73 2.33 3.94 2.66 4.15 2.11 1.5 3 2.52 2.27 2.49 3.02 4.25 3.15 2.74 3.95 1.49 1.35 3.41 3.75 2.01 1.15 1.37 0 1.32 1.73 1 2.61 1.53 3.36 0.95 1.26 0.99 0.61 2.88 2.78 2.19 2.26 0.83 
0.71 2.6 0.38 1.71 3.35 2.94 0.83 1.51 2.11 0.61 2.07 2.04 0.99 2 2.63 2.06 2.87 2.04 0.9 1.86 1.43 1.36 2.06 1.78 2.96 2.25 3.47 3.01 0.22 0.15 2.81 2.51 1.09 1.61 2.17 1.32 0 1.34 1.56 2.56 2.73 2.06 0.42 0.95 2.07 1.82 3.84 1.66 2.69 1.47 1.82 
0.63 1.27 1.71 2.99 2.5 1.82 1.57 2.43 3.04 0.8 2.18 0.75 1.96 0.69 2.97 0.94 3.65 0.73 0.45 1.66 1.22 0.81 0.8 1.89 3.71 1.51 2.49 2.3 1.23 1.2 1.69 3.43 0.71 2.63 1.53 1.73 1.34 0 2.52 1.23 2.45 2.82 1.17 0.5 1.79 1.82 3.04 1.44 3.75 2.8 1.55 
2.04 3.67 1.45 1.07 4.85 3.48 2.32 2.67 0.56 1.78 3.59 3.25 0.59 3.18 4.04 3.42 3.95 3.03 2.18 3.42 2.98 2.85 3.31 3.31 4.06 3.76 3.71 4.54 1.78 1.67 4.18 3.48 2.58 0.16 2.36 1 1.56 2.52 0 3.55 2.3 3.27 1.43 2.02 1.92 1.5 3.77 3.22 1.24 1.72 1.81 
1.86 0.22 2.94 4.16 2.35 1.08 2.73 3.58 4.01 1.99 3 0.69 3.05 0.66 3.81 1.1 4.68 0.54 1.67 2.4 2.12 1.72 0.78 2.76 4.73 1.84 1.84 2.4 2.46 2.42 1.32 4.54 1.79 3.68 1.69 2.61 2.56 1.23 3.55 0 2.65 3.89 2.34 1.65 2.19 2.43 2.55 2.24 4.78 4.02 2.06 
2.54 2.86 2.95 3.34 4.82 1.91 3.49 4.24 2.42 2.33 4.52 2.85 2.24 2.74 5.23 3.26 5.6 2.35 2.5 4.07 3.59 3.23 2.96 4.2 5.69 3.95 1.72 4.71 2.85 2.71 3.85 5.23 3.04 2.44 1 1.53 2.73 2.45 2.3 2.65 0 4.78 2.32 2.21 0.69 0.94 1.53 3.84 3.16 3.79 0.96 
2.37 3.81 1.92 2.7 3.27 4.64 1.32 0.6 3.74 2.5 1.22 3.21 2.85 3.23 0.99 2.91 0.84 3.5 2.5 1.69 1.79 2.17 3.14 1.27 0.92 2.47 5.29 2.8 1.94 2.08 3.38 0.69 2.13 3.24 4.12 3.36 2.06 2.82 3.27 3.89 4.78 0 2.47 2.73 4.11 3.88 5.77 1.75 4 1.83 3.85 
0.62 2.41 0.72 1.84 3.43 2.6 1.21 1.93 1.97 0.37 2.38 1.9 0.84 1.85 2.99 2.01 3.29 1.8 0.77 2.08 1.61 1.44 1.94 2.07 3.38 2.34 3.09 3.13 0.55 0.41 2.78 2.93 1.16 1.51 1.76 0.95 0.42 1.17 1.43 2.34 2.32 2.47 0 0.69 1.65 1.41 3.43 1.87 2.63 1.78 1.4 
0.36 1.72 1.32 2.52 2.94 2.02 1.41 2.26 2.54 0.35 2.31 1.24 1.46 1.17 3.04 1.42 3.57 1.12 0.29 1.87 1.38 1.06 1.29 2 3.64 1.9 2.6 2.7 0.9 0.83 2.18 3.29 0.84 2.13 1.41 1.26 0.95 0.5 2.02 1.65 2.21 2.73 0.69 0 1.53 1.46 3.05 1.64 3.26 2.41 1.26 
1.85 2.38 2.32 2.9 4.22 1.7 2.81 3.57 2.19 1.65 3.83 2.26 1.72 2.16 4.54 2.65 4.93 1.8 1.81 3.38 2.9 2.55 2.37 3.52 5.02 3.3 1.8 4.08 2.17 2.04 3.28 4.58 2.36 2.08 0.55 0.99 2.07 1.79 1.92 2.19 0.69 4.11 1.65 1.53 0 0.42 1.9 3.15 2.98 3.23 0.27 
1.73 2.61 2.02 2.49 4.31 2.07 2.61 3.32 1.78 1.49 3.71 2.4 1.33 2.3 4.38 2.73 4.68 1.99 1.74 3.31 2.82 2.51 2.5 3.4 4.78 3.32 2.22 4.12 1.95 1.81 3.42 4.3 2.29 1.66 0.91 0.61 1.82 1.82 1.5 2.43 0.94 3.88 1.41 1.46 0.42 0 2.3 3.08 2.57 2.87 0.39 
3.4 2.77 4.14 4.78 4.9 1.49 4.46 5.29 3.94 3.3 5.22 3.07 3.61 2.98 6 3.53 6.61 2.56 3.29 4.67 4.25 3.83 3.19 4.92 6.68 4.3 0.76 4.94 3.88 3.77 3.87 6.31 3.75 3.93 1.68 2.88 3.84 3.04 3.77 2.55 1.53 5.77 3.43 3.05 1.9 2.3 0 4.46 4.69 5.11 2.09 
1.36 2.13 1.87 3.22 1.8 3.14 1.07 1.64 3.77 1.63 0.78 1.55 2.64 1.6 1.58 1.19 2.49 1.96 1.35 0.23 0.26 0.63 1.47 0.53 2.52 0.78 3.86 1.39 1.45 1.56 1.65 2.43 0.8 3.27 2.96 2.78 1.66 1.44 3.22 2.24 3.84 1.75 1.87 1.64 3.15 3.08 4.46 0 4.33 2.64 2.89 
3.25 4.9 2.47 1.31 6.03 4.63 3.33 3.45 0.8 2.99 4.58 4.49 1.8 4.41 4.9 4.64 4.53 4.26 3.4 4.51 4.1 4.03 4.54 4.34 4.65 4.93 4.76 5.69 2.9 2.82 5.41 4.02 3.76 1.13 3.47 2.19 2.69 3.75 1.24 4.78 3.16 4 2.63 3.26 2.98 2.57 4.69 4.33 0 2.19 2.93 
2.17 4.05 1.1 0.89 4.43 4.38 1.57 1.32 2.07 2.07 2.62 3.47 1.55 3.44 2.77 3.41 2.35 3.5 2.35 2.74 2.48 2.62 3.47 2.45 2.47 3.38 4.84 4.01 1.57 1.6 4.11 1.85 2.39 1.63 3.48 2.26 1.47 2.8 1.72 4.02 3.79 1.83 1.78 2.41 3.23 2.87 5.11 2.64 2.19 0 3.02 
1.58 2.24 2.08 2.74 4.01 1.7 2.55 3.32 2.13 1.38 3.56 2.06 1.54 1.97 4.27 2.43 4.67 1.63 1.55 3.12 2.64 2.29 2.17 3.25 4.76 3.06 1.92 3.85 1.91 1.78 3.09 4.33 2.1 1.96 0.55 0.83 1.82 1.55 1.81 2.06 0.96 3.85 1.4 1.26 0.27 0.39 2.09 2.89 2.93 3.02 0 
