Number_Of_Customers: 40
Vehicle_Capacity:    50
Alpha:               0.75
Number_Of_Scenarios: 3

Location_Coordinates:
0 0 0
1 -1.4174 -2.2123
2 -2.19853 -0.776748
3 0.192062 -2.01132
4 0.771341 -1.06584
5 1.4995 2.04343
6 -1.10546 0.570446
7 2.4835 0.24633
8 0.0631112 0.710154
9 0.559535 -0.890324
10 1.328 -0.315276
11 1.1634 -1.66868
12 -0.460583 -1.02628
13 1.258 -1.84593
14 0.432741 -1.9292
15 0.92499 1.30242
16 -0.211478 0.69093
17 2.46741 -0.287033
18 0.836456 -1.67966
19 0.0211 -0.373063
20 -0.0646811 -2.09472
21 -1.01244 -0.996073
22 -0.998745 -0.906178
23 -0.130721 -2.02329
24 -0.427512 -0.188929
25 -0.336508 -0.697786
26 2.31709 -1.68423
27 -1.80688 1.69505
28 -1.2683 -1.34051
29 0.0993103 -0.891418
30 -2.06127 1.26312
31 -0.659918 -1.2444
32 0.336195 0.426765
33 -2.35971 0.277755
34 -1.76372 2.23439
35 -1.64889 2.02671
36 -2.0918 -1.84143
37 1.06932 2.0052
38 1.33041 0.238622
39 0.520225 -1.57066
40 1.928 -1.03218

Demand_per_scenario:
1 4 5 6
2 2 3 3
3 3 4 5
4 4 5 6
5 5 7 8
6 4 4 5
7 4 5 6
8 6 8 9
9 5 7 8
10 2 2 3
11 6 7 9
12 2 3 4
13 5 6 7
14 5 6 8
15 2 2 3
16 6 7 8
17 7 9 10
18 6 8 9
19 1 1 1
20 5 6 7
21 6 7 8
22 3 4 5
23 6 7 9
24 4 5 6
25 1 2 2
26 5 6 7
27 4 5 6
28 4 5 5
29 5 7 8
30 2 3 3
31 4 5 6
32 4 6 7
33 4 5 6
34 3 3 4
35 6 8 9
36 5 6 7
37 5 6 7
38 4 5 6
39 5 7 8
40 4 5 6

Probability_of_each_scenario_occuring:
0.333333 0.333333 0.333333 

Travel_Costs:
0 2.63 2.34 2.03 1.32 2.54 1.25 2.5 0.72 1.06 1.37 2.04 1.13 2.24 1.98 1.6 0.73 2.49 1.88 0.38 2.1 1.43 1.35 2.03 0.47 0.78 2.87 2.48 1.85 0.9 2.42 1.41 0.55 2.38 2.85 2.62 2.79 2.28 1.36 1.66 2.19 
2.63 0 1.64 1.63 2.48 5.16 2.81 4.62 3.28 2.38 3.34 2.64 1.53 2.71 1.88 4.23 3.15 4.34 2.32 2.34 1.36 1.29 1.38 1.31 2.26 1.87 3.78 3.93 0.89 2.02 3.54 1.23 3.17 2.67 4.47 4.25 0.77 4.9 3.69 2.05 3.55 
2.34 1.64 0 2.7 2.99 4.66 1.74 4.8 2.71 2.77 3.56 3.48 1.76 3.62 2.88 3.76 2.48 4.7 3.17 2.26 2.51 1.21 1.21 2.42 1.87 1.87 4.61 2.51 1.09 2.31 2.05 1.61 2.81 1.07 3.05 2.86 1.08 4.3 3.68 2.84 4.14 
2.03 1.63 2.7 0 1.11 4.27 2.89 3.22 2.73 1.18 2.05 1.04 1.19 1.08 0.26 3.4 2.74 2.86 0.73 1.65 0.27 1.58 1.63 0.33 1.93 1.42 2.16 4.22 1.61 1.13 3.98 1.15 2.45 3.43 4.68 4.44 2.3 4.12 2.53 0.55 2 
1.32 2.48 2.99 1.11 0 3.2 2.49 2.16 1.92 0.28 0.94 0.72 1.24 0.92 0.93 2.38 2.02 1.87 0.62 1.03 1.33 1.79 1.78 1.32 1.49 1.17 1.67 3.78 2.06 0.7 3.67 1.45 1.56 3.41 4.17 3.93 2.97 3.09 1.42 0.57 1.16 
2.54 5.16 4.66 4.27 3.2 0 3 2.05 1.96 3.09 2.37 3.73 3.65 3.9 4.12 0.94 2.19 2.53 3.79 2.84 4.43 3.95 3.87 4.39 2.95 3.3 3.82 3.33 4.38 3.26 3.65 3.94 2 4.25 3.27 3.15 5.3 0.44 1.82 3.75 3.11 
1.25 2.81 1.74 2.89 2.49 3 0 3.61 1.18 2.22 2.59 3.19 1.73 3.39 2.94 2.16 0.91 3.68 2.98 1.47 2.87 1.57 1.49 2.78 1.02 1.49 4.1 1.33 1.92 1.9 1.19 1.87 1.45 1.29 1.79 1.56 2.61 2.61 2.46 2.69 3.44 
2.5 4.62 4.8 3.22 2.16 2.05 3.61 0 2.47 2.24 1.29 2.33 3.21 2.43 2.99 1.89 2.74 0.54 2.54 2.54 3.47 3.72 3.67 3.47 2.95 2.98 1.94 4.53 4.08 2.65 4.66 3.48 2.16 4.85 4.69 4.5 5.03 2.26 1.16 2.68 1.4 
0.72 3.28 2.71 2.73 1.92 1.96 1.18 2.47 0 1.68 1.63 2.63 1.82 2.83 2.67 1.05 0.28 2.61 2.52 1.09 2.81 2.02 1.94 2.75 1.03 1.47 3.29 2.12 2.45 1.61 2.2 2.09 0.4 2.47 2.38 2.16 3.34 1.64 1.36 2.33 2.56 
1.06 2.38 2.77 1.18 0.28 3.09 2.22 2.24 1.68 0 0.96 0.99 1.03 1.19 1.05 2.23 1.76 2.01 0.84 0.75 1.36 1.58 1.56 1.33 1.22 0.92 1.93 3.51 1.89 0.47 3.4 1.27 1.34 3.15 3.9 3.66 2.82 2.95 1.37 0.69 1.38 
1.37 3.34 3.56 2.05 0.94 2.37 2.59 1.29 1.63 0.96 0 1.37 1.93 1.54 1.85 1.67 1.84 1.14 1.46 1.31 2.26 2.44 2.41 2.25 1.77 1.71 1.69 3.73 2.8 1.36 3.74 2.2 1.24 3.74 4.01 3.79 3.75 2.34 0.56 1.5 0.94 
2.04 2.64 3.48 1.04 0.72 3.73 3.19 2.33 2.63 0.99 1.37 0 1.75 0.21 0.78 2.99 2.74 1.9 0.33 1.73 1.3 2.28 2.3 1.35 2.18 1.79 1.16 4.49 2.46 1.32 4.36 1.88 2.26 4.03 4.88 4.65 3.26 3.68 1.92 0.66 1 
1.13 1.53 1.76 1.19 1.24 3.65 1.73 3.21 1.82 1.03 1.93 1.75 0 1.91 1.28 2.71 1.74 3.02 1.46 0.82 1.14 0.56 0.56 1.06 0.84 0.36 2.86 3.04 0.87 0.58 2.8 0.3 1.66 2.31 3.52 3.28 1.83 3.4 2.2 1.13 2.39 
2.24 2.71 3.62 1.08 0.92 3.9 3.39 2.43 2.83 1.19 1.54 0.21 1.91 0 0.83 3.17 2.94 1.98 0.46 1.93 1.35 2.43 2.45 1.4 2.37 1.97 1.08 4.69 2.58 1.51 4.55 2.02 2.46 4.2 5.08 4.85 3.35 3.86 2.09 0.79 1.06 
1.98 1.88 2.88 0.26 0.93 4.12 2.94 2.99 2.67 1.05 1.85 0.78 1.28 0.83 0 3.27 2.7 2.62 0.48 1.61 0.53 1.73 1.76 0.58 1.95 1.46 1.91 4.27 1.81 1.1 4.06 1.29 2.36 3.56 4.71 4.48 2.53 3.99 2.35 0.37 1.75 
1.6 4.23 3.76 3.4 2.38 0.94 2.16 1.89 1.05 2.23 1.67 2.99 2.71 3.17 3.27 0 1.3 2.22 2.99 1.91 3.54 3.01 2.93 3.49 2.02 2.37 3.3 2.76 3.44 2.35 2.99 3 1.06 3.45 2.85 2.68 4.36 0.72 1.14 2.91 2.55 
0.73 3.15 2.48 2.74 2.02 2.19 0.91 2.74 0.28 1.76 1.84 2.74 1.74 2.94 2.7 1.3 0 2.86 2.6 1.09 2.79 1.87 1.79 2.72 0.91 1.4 3.47 1.89 2.29 1.62 1.94 1.99 0.61 2.19 2.19 1.97 3.16 1.84 1.61 2.38 2.75 
2.49 4.34 4.7 2.86 1.87 2.53 3.68 0.54 2.61 2.01 1.14 1.9 3.02 1.98 2.62 2.22 2.86 0 2.15 2.45 3.12 3.56 3.53 3.13 2.9 2.84 1.41 4.72 3.89 2.45 4.79 3.28 2.25 4.87 4.93 4.73 4.82 2.69 1.26 2.34 0.92 
1.88 2.32 3.17 0.73 0.62 3.79 2.98 2.54 2.52 0.84 1.46 0.33 1.46 0.46 0.48 2.99 2.6 2.15 0 1.55 1 1.98 2 1.03 1.96 1.53 1.49 4.29 2.14 1.08 4.13 1.56 2.17 3.75 4.7 4.47 2.94 3.7 1.99 0.34 1.27 
0.38 2.34 2.26 1.65 1.03 2.84 1.47 2.54 1.09 0.75 1.31 1.73 0.82 1.93 1.61 1.91 1.09 2.45 1.55 0 1.73 1.21 1.16 1.66 0.49 0.49 2.65 2.77 1.62 0.53 2.65 1.11 0.86 2.47 3.16 2.93 2.58 2.6 1.45 1.3 2.02 
2.1 1.36 2.51 0.27 1.33 4.43 2.87 3.47 2.81 1.36 2.26 1.3 1.14 1.35 0.53 3.54 2.79 3.12 1 1.73 0 1.46 1.52 0.1 1.95 1.43 2.42 4.18 1.43 1.22 3.91 1.04 2.56 3.31 4.66 4.42 2.05 4.26 2.72 0.79 2.26 
1.43 1.29 1.21 1.58 1.79 3.95 1.57 3.72 2.02 1.58 2.44 2.28 0.56 2.43 1.73 3.01 1.87 3.56 1.98 1.21 1.46 0 0.1 1.36 1 0.74 3.4 2.81 0.43 1.12 2.5 0.44 1.97 1.86 3.32 3.09 1.38 3.66 2.65 1.64 2.95 
1.35 1.38 1.21 1.63 1.78 3.87 1.49 3.67 1.94 1.56 2.41 2.3 0.56 2.45 1.76 2.93 1.79 3.53 2 1.16 1.52 0.1 0 1.42 0.92 0.7 3.41 2.73 0.52 1.1 2.42 0.48 1.89 1.81 3.24 3.01 1.44 3.58 2.6 1.66 2.93 
2.03 1.31 2.42 0.33 1.32 4.39 2.78 3.47 2.75 1.33 2.25 1.35 1.06 1.4 0.58 3.49 2.72 3.13 1.03 1.66 0.1 1.36 1.42 0 1.86 1.35 2.48 4.08 1.33 1.16 3.82 0.95 2.5 3.21 4.57 4.33 1.97 4.21 2.7 0.8 2.29 
0.47 2.26 1.87 1.93 1.49 2.95 1.02 2.95 1.03 1.22 1.77 2.18 0.84 2.37 1.95 2.02 0.91 2.9 1.96 0.49 1.95 1 0.92 1.86 0 0.52 3.13 2.34 1.43 0.88 2.19 1.09 0.99 1.99 2.77 2.53 2.35 2.66 1.81 1.68 2.51 
0.78 1.87 1.87 1.42 1.17 3.3 1.49 2.98 1.47 0.92 1.71 1.79 0.36 1.97 1.46 2.37 1.4 2.84 1.53 0.49 1.43 0.74 0.7 1.35 0.52 0 2.84 2.81 1.14 0.48 2.62 0.64 1.32 2.25 3.27 3.03 2.1 3.05 1.92 1.23 2.29 
2.87 3.78 4.61 2.16 1.67 3.82 4.1 1.94 3.29 1.93 1.69 1.16 2.86 1.08 1.91 3.3 3.47 1.41 1.49 2.65 2.42 3.4 3.41 2.48 3.13 2.84 0 5.34 3.61 2.36 5.28 3.01 2.9 5.08 5.66 5.44 4.42 3.9 2.17 1.81 0.76 
2.48 3.93 2.51 4.22 3.78 3.33 1.33 4.53 2.12 3.51 3.73 4.49 3.04 4.69 4.27 2.76 1.89 4.72 4.29 2.77 4.18 2.81 2.73 4.08 2.34 2.81 5.34 0 3.09 3.22 0.51 3.16 2.5 1.53 0.55 0.37 3.55 2.9 3.46 4.02 4.63 
1.85 0.89 1.09 1.61 2.06 4.38 1.92 4.08 2.45 1.89 2.8 2.46 0.87 2.58 1.81 3.44 2.29 3.89 2.14 1.62 1.43 0.43 0.52 1.33 1.43 1.14 3.61 3.09 0 1.44 2.73 0.62 2.39 1.96 3.61 3.39 0.97 4.09 3.05 1.81 3.22 
0.9 2.02 2.31 1.13 0.7 3.26 1.9 2.65 1.61 0.47 1.36 1.32 0.58 1.51 1.1 2.35 1.62 2.45 1.08 0.53 1.22 1.12 1.1 1.16 0.88 0.48 2.36 3.22 1.44 0 3.06 0.84 1.34 2.73 3.64 3.41 2.39 3.06 1.68 0.8 1.84 
2.42 3.54 2.05 3.98 3.67 3.65 1.19 4.66 2.2 3.4 3.74 4.36 2.8 4.55 4.06 2.99 1.94 4.79 4.13 2.65 3.91 2.5 2.42 3.82 2.19 2.62 5.28 0.51 2.73 3.06 0 2.88 2.54 1.03 1.02 0.87 3.11 3.22 3.55 3.84 4.61 
1.41 1.23 1.61 1.15 1.45 3.94 1.87 3.48 2.09 1.27 2.2 1.88 0.3 2.02 1.29 3 1.99 3.28 1.56 1.11 1.04 0.44 0.48 0.95 1.09 0.64 3.01 3.16 0.62 0.84 2.88 0 1.95 2.29 3.65 3.42 1.56 3.69 2.49 1.23 2.6 
0.55 3.17 2.81 2.45 1.56 2 1.45 2.16 0.4 1.34 1.24 2.26 1.66 2.46 2.36 1.06 0.61 2.25 2.17 0.86 2.56 1.97 1.89 2.5 0.99 1.32 2.9 2.5 2.39 1.34 2.54 1.95 0 2.71 2.78 2.55 3.33 1.75 1.02 2.01 2.16 
2.38 2.67 1.07 3.43 3.41 4.25 1.29 4.85 2.47 3.15 3.74 4.03 2.31 4.2 3.56 3.45 2.19 4.87 3.75 2.47 3.31 1.86 1.81 3.21 1.99 2.25 5.08 1.53 1.96 2.73 1.03 2.29 2.71 0 2.05 1.89 2.14 3.84 3.7 3.43 4.49 
2.85 4.47 3.05 4.68 4.17 3.27 1.79 4.69 2.38 3.9 4.01 4.88 3.52 5.08 4.71 2.85 2.19 4.93 4.7 3.16 4.66 3.32 3.24 4.57 2.77 3.27 5.66 0.55 3.61 3.64 1.02 3.65 2.78 2.05 0 0.24 4.09 2.85 3.69 4.44 4.93 
2.62 4.25 2.86 4.44 3.93 3.15 1.56 4.5 2.16 3.66 3.79 4.65 3.28 4.85 4.48 2.68 1.97 4.73 4.47 2.93 4.42 3.09 3.01 4.33 2.53 3.03 5.44 0.37 3.39 3.41 0.87 3.42 2.55 1.89 0.24 0 3.9 2.72 3.48 4.21 4.71 
2.79 0.77 1.08 2.3 2.97 5.3 2.61 5.03 3.34 2.82 3.75 3.26 1.83 3.35 2.53 4.36 3.16 4.82 2.94 2.58 2.05 1.38 1.44 1.97 2.35 2.1 4.42 3.55 0.97 2.39 3.11 1.56 3.33 2.14 4.09 3.9 0 4.98 4.01 2.63 4.11 
2.28 4.9 4.3 4.12 3.09 0.44 2.61 2.26 1.64 2.95 2.34 3.68 3.4 3.86 3.99 0.72 1.84 2.69 3.7 2.6 4.26 3.66 3.58 4.21 2.66 3.05 3.9 2.9 4.09 3.06 3.22 3.69 1.75 3.84 2.85 2.72 4.98 0 1.79 3.62 3.16 
1.36 3.69 3.68 2.53 1.42 1.82 2.46 1.16 1.36 1.37 0.56 1.92 2.2 2.09 2.35 1.14 1.61 1.26 1.99 1.45 2.72 2.65 2.6 2.7 1.81 1.92 2.17 3.46 3.05 1.68 3.55 2.49 1.02 3.7 3.69 3.48 4.01 1.79 0 1.99 1.41 
1.66 2.05 2.84 0.55 0.57 3.75 2.69 2.68 2.33 0.69 1.5 0.66 1.13 0.79 0.37 2.91 2.38 2.34 0.34 1.3 0.79 1.64 1.66 0.8 1.68 1.23 1.81 4.02 1.81 0.8 3.84 1.23 2.01 3.43 4.44 4.21 2.63 3.62 1.99 0 1.51 
2.19 3.55 4.14 2 1.16 3.11 3.44 1.4 2.56 1.38 0.94 1 2.39 1.06 1.75 2.55 2.75 0.92 1.27 2.02 2.26 2.95 2.93 2.29 2.51 2.29 0.76 4.63 3.22 1.84 4.61 2.6 2.16 4.49 4.93 4.71 4.11 3.16 1.41 1.51 0 
