Number_Of_Customers: 25
Vehicle_Capacity:    50
Alpha:               1
Number_Of_Scenarios: 3

Location_Coordinates:
0 0 0
1 0.755581 -0.957482
2 -2.3972 0.306175
3 0.890205 1.67847
4 0.00987975 1.04893
5 -0.692926 -1.01013
6 -2.25766 0.537361
7 1.42525 -0.813235
8 1.95475 -1.57417
9 -2.04071 1.71852
10 -1.89892 -0.215086
11 0.0537867 -1.00757
12 0.797664 1.34434
13 -0.681678 -1.96273
14 2.34943 1.88197
15 0.212136 0.368395
16 1.60795 -0.166253
17 0.785213 2.07133
18 -2.07929 -1.58543
19 -1.38688 0.656365
20 1.5233 2.02924
21 0.482869 0.572289
22 -1.53847 -2.14215
23 1.82521 1.31633
24 -1.47203 -0.397367
25 1.44611 -0.147556

Demand_per_scenario:
1 5 7 8
2 4 6 7
3 3 5 6
4 4 5 6
5 5 7 9
6 3 4 4
7 5 7 9
8 3 5 6
9 5 7 9
10 4 6 7
11 3 4 5
12 4 5 6
13 3 4 5
14 5 7 9
15 4 6 7
16 5 7 9
17 3 4 5
18 3 4 5
19 2 3 3
20 5 7 8
21 2 3 4
22 5 6 8
23 5 7 8
24 3 4 4
25 3 4 5

Probability_of_each_scenario_occuring:
0.333333 0.333333 0.333333 

Travel_Costs:
0 1.22 2.42 1.9 1.05 1.23 2.33 1.65 2.51 2.67 1.92 1.01 1.57 2.08 3.02 0.43 1.62 2.22 2.62 1.54 2.54 0.75 2.64 2.26 1.53 1.46 
1.22 0 3.4 2.64 2.15 1.45 3.37 0.69 1.35 3.88 2.76 0.71 2.31 1.76 3.26 1.44 1.17 3.03 2.91 2.69 3.09 1.56 2.59 2.52 2.3 1.07 
2.42 3.4 0 3.57 2.52 2.16 0.28 3.99 4.75 1.46 0.73 2.79 3.36 2.85 5.01 2.62 4.04 3.64 1.92 1.07 4.29 2.9 2.6 4.35 1.17 3.88 
1.9 2.64 3.57 0 1.09 3.13 3.35 2.55 3.43 2.94 3.38 2.82 0.35 3.97 1.48 1.48 1.98 0.41 4.42 2.5 0.73 1.18 4.53 1.01 3.15 1.91 
1.05 2.15 2.52 1.09 0 2.18 2.33 2.34 3.27 2.16 2.29 2.06 0.85 3.1 2.49 0.71 2.01 1.29 3.37 1.46 1.81 0.68 3.55 1.84 2.08 1.87 
1.23 1.45 2.16 3.13 2.18 0 2.21 2.13 2.71 3.05 1.45 0.75 2.79 0.96 4.2 1.65 2.46 3.42 1.51 1.81 3.77 1.98 1.42 3.43 1 2.31 
2.33 3.37 0.28 3.35 2.33 2.21 0 3.93 4.72 1.21 0.84 2.79 3.17 2.96 4.8 2.48 3.93 3.41 2.14 0.88 4.07 2.75 2.78 4.16 1.23 3.77 
1.65 0.69 3.99 2.55 2.34 2.13 3.93 0 0.93 4.3 3.38 1.39 2.25 2.41 2.85 1.7 0.68 2.96 3.59 3.18 2.85 1.68 3.25 2.17 2.93 0.67 
2.51 1.35 4.75 3.43 3.27 2.71 4.72 0.93 0 5.18 4.09 1.99 3.14 2.67 3.48 2.61 1.45 3.83 4.04 4.02 3.63 2.61 3.54 2.9 3.63 1.52 
2.67 3.88 1.46 2.94 2.16 3.05 1.21 4.3 5.18 0 1.94 3.44 2.87 3.93 4.4 2.63 4.11 2.85 3.31 1.25 3.58 2.78 3.9 3.89 2.2 3.96 
1.92 2.76 0.73 3.38 2.29 1.45 0.84 3.38 4.09 1.94 0 2.11 3.12 2.13 4.74 2.2 3.51 3.53 1.39 1.02 4.1 2.51 1.97 4.03 0.47 3.35 
1.01 0.71 2.79 2.82 2.06 0.75 2.79 1.39 1.99 3.44 2.11 0 2.47 1.21 3.7 1.39 1.77 3.17 2.21 2.21 3.38 1.64 1.96 2.93 1.65 1.64 
1.57 2.31 3.36 0.35 0.85 2.79 3.17 2.25 3.14 2.87 3.12 2.47 0 3.63 1.65 1.14 1.72 0.73 4.11 2.3 1 0.84 4.2 1.03 2.87 1.63 
2.08 1.76 2.85 3.97 3.1 0.96 2.96 2.41 2.67 3.93 2.13 1.21 3.63 0 4.9 2.5 2.92 4.3 1.45 2.72 4.57 2.79 0.88 4.13 1.76 2.8 
3.02 3.26 5.01 1.48 2.49 4.2 4.8 2.85 3.48 4.4 4.74 3.7 1.65 4.9 0 2.62 2.18 1.58 5.63 3.94 0.84 2.29 5.6 0.78 4.45 2.23 
0.43 1.44 2.62 1.48 0.71 1.65 2.48 1.7 2.61 2.63 2.2 1.39 1.14 2.5 2.62 0 1.5 1.8 3.02 1.63 2.12 0.34 3.07 1.88 1.86 1.34 
1.62 1.17 4.04 1.98 2.01 2.46 3.93 0.68 1.45 4.11 3.51 1.77 1.72 2.92 2.18 1.5 0 2.39 3.96 3.11 2.2 1.35 3.72 1.5 3.09 0.17 
2.22 3.03 3.64 0.41 1.29 3.42 3.41 2.96 3.83 2.85 3.53 3.17 0.73 4.3 1.58 1.8 2.39 0 4.65 2.6 0.74 1.53 4.82 1.29 3.35 2.32 
2.62 2.91 1.92 4.42 3.37 1.51 2.14 3.59 4.04 3.31 1.39 2.21 4.11 1.45 5.63 3.02 3.96 4.65 0 2.35 5.11 3.35 0.78 4.87 1.34 3.81 
1.54 2.69 1.07 2.5 1.46 1.81 0.88 3.18 4.02 1.25 1.02 2.21 2.3 2.72 3.94 1.63 3.11 2.6 2.35 0 3.22 1.88 2.81 3.28 1.06 2.95 
2.54 3.09 4.29 0.73 1.81 3.77 4.07 2.85 3.63 3.58 4.1 3.38 1 4.57 0.84 2.12 2.2 0.74 5.11 3.22 0 1.8 5.18 0.78 3.86 2.18 
0.75 1.56 2.9 1.18 0.68 1.98 2.75 1.68 2.61 2.78 2.51 1.64 0.84 2.79 2.29 0.34 1.35 1.53 3.35 1.88 1.8 0 3.39 1.54 2.19 1.21 
2.64 2.59 2.6 4.53 3.55 1.42 2.78 3.25 3.54 3.9 1.97 1.96 4.2 0.88 5.6 3.07 3.72 4.82 0.78 2.81 5.18 3.39 0 4.83 1.75 3.59 
2.26 2.52 4.35 1.01 1.84 3.43 4.16 2.17 2.9 3.89 4.03 2.93 1.03 4.13 0.78 1.88 1.5 1.29 4.87 3.28 0.78 1.54 4.83 0 3.72 1.52 
1.53 2.3 1.17 3.15 2.08 1 1.23 2.93 3.63 2.2 0.47 1.65 2.87 1.76 4.45 1.86 3.09 3.35 1.34 1.06 3.86 2.19 1.75 3.72 0 2.93 
1.46 1.07 3.88 1.91 1.87 2.31 3.77 0.67 1.52 3.96 3.35 1.64 1.63 2.8 2.23 1.34 0.17 2.32 3.81 2.95 2.18 1.21 3.59 1.52 2.93 0 
