Number_Of_Customers: 30
Vehicle_Capacity:    50
Alpha:               0.75
Number_Of_Scenarios: 3

Location_Coordinates:
0 0 0
1 2.40655 1.84121
2 0.296235 -1.18094
3 1.89204 -0.480135
4 0.366229 0.208916
5 1.25789 1.44064
6 -2.13522 -1.60239
7 -1.34839 -2.42887
8 -1.94614 1.2131
9 -1.38506 1.35084
10 -1.47925 -1.78948
11 -0.805237 1.38371
12 1.06316 -1.45048
13 1.72424 -0.730729
14 -1.36265 -2.0946
15 1.09822 -2.22768
16 -0.577429 0.15465
17 -0.798299 -2.01512
18 1.79981 -0.557761
19 0.7147 1.95586
20 2.07486 2.12007
21 2.08248 0.274679
22 1.53275 0.856133
23 -0.979045 0.19393
24 -0.611494 -2.38805
25 -0.954896 1.05453
26 -1.49788 0.192846
27 1.15815 0.0651388
28 -0.212152 -0.630265
29 2.13766 -2.38783
30 -2.21863 1.5369

Demand_per_scenario:
1 4 5 6
2 5 6 7
3 3 4 5
4 4 6 7
5 5 6 7
6 4 5 5
7 5 7 8
8 6 8 9
9 2 2 3
10 4 6 7
11 6 9 10
12 5 7 8
13 2 3 3
14 4 6 7
15 3 4 5
16 4 6 7
17 5 7 8
18 3 4 5
19 5 6 7
20 4 5 6
21 5 7 8
22 3 4 5
23 2 3 3
24 3 5 5
25 4 5 5
26 4 5 6
27 3 4 4
28 6 9 10
29 5 7 9
30 2 3 3

Probability_of_each_scenario_occuring:
0.333333 0.333333 0.333333 

Travel_Costs:
0 3.04 1.22 1.96 0.43 1.92 2.67 2.78 2.3 1.94 2.33 1.61 1.8 1.88 2.5 2.49 0.6 2.17 1.89 2.09 2.97 2.11 1.76 1 2.47 1.43 1.52 1.16 0.67 3.21 2.7 
3.04 0 3.69 2.38 2.62 1.22 5.7 5.69 4.4 3.83 5.32 3.25 3.56 2.67 5.45 4.28 3.43 5.02 2.48 1.7 0.44 1.6 1.32 3.77 5.2 3.46 4.24 2.18 3.61 4.24 4.64 
1.22 3.69 0 1.75 1.4 2.8 2.47 2.07 3.29 3.04 1.88 2.8 0.82 1.5 1.9 1.32 1.6 1.38 1.63 3.17 3.75 2.31 2.39 1.88 1.52 2.57 2.26 1.52 0.75 2.21 3.71 
1.96 2.38 1.75 0 1.68 2.03 4.19 3.79 4.2 3.76 3.62 3.28 1.28 0.31 3.64 1.92 2.55 3.1 0.13 2.71 2.61 0.78 1.39 2.95 3.15 3.24 3.46 0.92 2.11 1.93 4.58 
0.43 2.62 1.4 1.68 0 1.53 3.09 3.15 2.53 2.1 2.73 1.66 1.8 1.66 2.89 2.55 0.95 2.52 1.63 1.79 2.57 1.72 1.34 1.35 2.78 1.57 1.87 0.81 1.02 3.15 2.91 
1.92 1.22 2.8 2.03 1.53 0 4.56 4.67 3.22 2.65 4.24 2.07 2.9 2.23 4.41 3.68 2.25 4.03 2.08 0.75 1.07 1.43 0.65 2.57 4.27 2.25 3.03 1.38 2.54 3.93 3.48 
2.67 5.7 2.47 4.19 3.09 4.56 0 1.15 2.83 3.05 0.69 3.27 3.21 3.96 0.92 3.3 2.35 1.4 4.08 4.56 5.62 4.62 4.42 2.14 1.72 2.91 1.91 3.7 2.16 4.35 3.15 
2.78 5.69 2.07 3.79 3.15 4.67 1.15 0 3.7 3.78 0.66 3.86 2.61 3.52 0.34 2.46 2.7 0.69 3.67 4.85 5.7 4.37 4.37 2.65 0.74 3.51 2.63 3.54 2.13 3.49 4.07 
2.3 4.4 3.29 4.2 2.53 3.22 2.83 3.7 0 0.58 3.04 1.16 4.02 4.16 3.36 4.6 1.74 3.43 4.15 2.77 4.13 4.14 3.5 1.41 3.85 1.01 1.12 3.31 2.54 5.45 0.43 
1.94 3.83 3.04 3.76 2.1 2.65 3.05 3.78 0.58 0 3.15 0.59 3.73 3.75 3.45 4.36 1.45 3.42 3.72 2.19 3.55 3.64 2.96 1.23 3.82 0.53 1.17 2.85 2.31 5.14 0.86 
2.33 5.32 1.88 3.62 2.73 4.24 0.69 0.66 3.04 3.15 0 3.25 2.57 3.38 0.33 2.62 2.15 0.72 3.51 4.35 5.29 4.12 4.01 2.05 1.06 2.9 1.99 3.23 1.72 3.67 3.41 
1.61 3.25 2.8 3.28 1.66 2.07 3.27 3.86 1.16 0.59 3.25 0 3.4 3.3 3.53 4.09 1.25 3.4 3.25 1.63 2.98 3.1 2.4 1.21 3.78 0.37 1.38 2.37 2.1 4.79 1.43 
1.8 3.56 0.82 1.28 1.8 2.9 3.21 2.61 4.02 3.73 2.57 3.4 0 0.98 2.51 0.78 2.3 1.95 1.16 3.43 3.72 2.01 2.36 2.63 1.92 3.22 3.05 1.52 1.52 1.43 4.44 
1.88 2.67 1.5 0.31 1.66 2.23 3.96 3.52 4.16 3.75 3.38 3.3 0.98 0 3.38 1.63 2.47 2.84 0.19 2.88 2.88 1.07 1.6 2.86 2.87 3.22 3.36 0.98 1.94 1.71 4.55 
2.5 5.45 1.9 3.64 2.89 4.41 0.92 0.34 3.36 3.45 0.33 3.53 2.51 3.38 0 2.47 2.39 0.57 3.52 4.56 5.44 4.19 4.14 2.33 0.81 3.18 2.3 3.32 1.87 3.52 3.74 
2.49 4.28 1.32 1.92 2.55 3.68 3.3 2.46 4.6 4.36 2.62 4.09 0.78 1.63 2.47 0 2.92 1.91 1.82 4.21 4.46 2.69 3.12 3.2 1.72 3.88 3.55 2.3 2.07 1.06 5.02 
0.6 3.43 1.6 2.55 0.95 2.25 2.35 2.7 1.74 1.45 2.15 1.25 2.3 2.47 2.39 2.92 0 2.19 2.49 2.22 3.31 2.67 2.23 0.41 2.55 0.98 0.93 1.74 0.87 3.72 2.15 
2.17 5.02 1.38 3.1 2.52 4.03 1.4 0.69 3.43 3.42 0.72 3.4 1.95 2.84 0.57 1.91 2.19 0 2.98 4.25 5.04 3.68 3.7 2.22 0.42 3.08 2.32 2.86 1.51 2.96 3.83 
1.89 2.48 1.63 0.13 1.63 2.08 4.08 3.67 4.15 3.72 3.51 3.25 1.16 0.19 3.52 1.82 2.49 2.98 0 2.74 2.7 0.88 1.44 2.88 3.03 3.2 3.39 0.9 2.02 1.87 4.54 
2.09 1.7 3.17 2.71 1.79 0.75 4.56 4.85 2.77 2.19 4.35 1.63 3.43 2.88 4.56 4.21 2.22 4.25 2.74 0 1.38 2.17 1.38 2.45 4.55 1.9 2.83 1.95 2.75 4.58 2.97 
2.97 0.44 3.75 2.61 2.57 1.07 5.62 5.7 4.13 3.55 5.29 2.98 3.72 2.88 5.44 4.46 3.31 5.04 2.7 1.38 0 1.85 1.38 3.62 5.25 3.22 4.06 2.26 3.58 4.51 4.34 
2.11 1.6 2.31 0.78 1.72 1.43 4.62 4.37 4.14 3.64 4.12 3.1 2.01 1.07 4.19 2.69 2.67 3.68 0.88 2.17 1.85 0 0.81 3.07 3.79 3.14 3.59 0.95 2.47 2.67 4.49 
1.76 1.32 2.39 1.39 1.34 0.65 4.42 4.37 3.5 2.96 4.01 2.4 2.36 1.6 4.14 3.12 2.23 3.7 1.44 1.38 1.38 0.81 0 2.6 3.89 2.5 3.11 0.88 2.3 3.3 3.82 
1 3.77 1.88 2.95 1.35 2.57 2.14 2.65 1.41 1.23 2.05 1.21 2.63 2.86 2.33 3.2 0.41 2.22 2.88 2.45 3.62 3.07 2.6 0 2.61 0.87 0.52 2.15 1.13 4.05 1.83 
2.47 5.2 1.52 3.15 2.78 4.27 1.72 0.74 3.85 3.82 1.06 3.78 1.92 2.87 0.81 1.72 2.55 0.42 3.03 4.55 5.25 3.79 3.89 2.61 0 3.46 2.73 3.03 1.81 2.75 4.25 
1.43 3.46 2.57 3.24 1.57 2.25 2.91 3.51 1.01 0.53 2.9 0.37 3.22 3.22 3.18 3.88 0.98 3.08 3.2 1.9 3.22 3.14 2.5 0.87 3.46 0 1.02 2.34 1.85 4.63 1.36 
1.52 4.24 2.26 3.46 1.87 3.03 1.91 2.63 1.12 1.17 1.99 1.38 3.05 3.36 2.3 3.55 0.93 2.32 3.39 2.83 4.06 3.59 3.11 0.52 2.73 1.02 0 2.66 1.53 4.46 1.53 
1.16 2.18 1.52 0.92 0.81 1.38 3.7 3.54 3.31 2.85 3.23 2.37 1.52 0.98 3.32 2.3 1.74 2.86 0.9 1.95 2.26 0.95 0.88 2.15 3.03 2.34 2.66 0 1.54 2.65 3.69 
0.67 3.61 0.75 2.11 1.02 2.54 2.16 2.13 2.54 2.31 1.72 2.1 1.52 1.94 1.87 2.07 0.87 1.51 2.02 2.75 3.58 2.47 2.3 1.13 1.81 1.85 1.53 1.54 0 2.94 2.96 
3.21 4.24 2.21 1.93 3.15 3.93 4.35 3.49 5.45 5.14 3.67 4.79 1.43 1.71 3.52 1.06 3.72 2.96 1.87 4.58 4.51 2.67 3.3 4.05 2.75 4.63 4.46 2.65 2.94 0 5.87 
2.7 4.64 3.71 4.58 2.91 3.48 3.15 4.07 0.43 0.86 3.41 1.43 4.44 4.55 3.74 5.02 2.15 3.83 4.54 2.97 4.34 4.49 3.82 1.83 4.25 1.36 1.53 3.69 2.96 5.87 0 
