Number of customers: 25
Vehicle capacity     50
Alpha:               0.75
Number of scenarios: 3

Location coordinates:
0 0.0 0.0
1 0.65505 0.55619
2 1.97006 0.25225
3 -1.70037 0.07705
4 -0.53623 0.10949
5 -0.66572 -1.01978
6 -0.4628 -1.36686
7 -1.98856 -0.27633
8 1.37225 0.7363
9 1.09945 -1.18874
10 1.55192 0.7948
11 0.57921 -1.32045
12 1.80098 0.72206
13 -0.6068 0.03398
14 -1.36563 0.236
15 1.86093 -1.69394
16 0.18494 1.78285
17 -0.20451 -0.04526
18 -0.78067 -1.60739
19 -0.95819 1.484
20 0.13442 0.38888
21 1.17024 -1.28557
22 -1.96134 -0.15611
23 1.48989 0.64923
24 1.67996 0.08565
25 0.46223 1.40157

Demand per scenario:
1 3 4 5
2 4 5 6
3 3 4 5
4 4 5 6
5 5 7 9
6 5 6 8
7 5 6 7
8 2 2 3
9 3 4 5
10 4 5 6
11 2 3 4
12 4 5 6
13 4 5 6
14 2 3 3
15 5 7 9
16 5 7 8
17 4 6 7
18 2 3 4
19 3 4 5
20 5 7 9
21 4 5 6
22 3 4 5
23 2 3 4
24 4 5 6
25 3 4 5

Probability of each scenario occurring:
0.333333 0.333333 0.333333

Travel costs:
0.0 0.859 1.986 1.702 0.547 1.218 1.443 2.008 1.557 1.619 1.744 1.442 1.94 0.608 1.386 2.516 1.792 0.209 1.787 1.766 0.411 1.738 1.968 1.625 1.682 1.476
0.859 0.0 1.35 2.404 1.272 2.056 2.224 2.772 0.739 1.801 0.928 1.878 1.158 1.366 2.046 2.553 1.314 1.049 2.597 1.861 0.547 1.912 2.712 0.84 1.128 0.867
1.986 1.35 0.0 3.675 2.51 2.927 2.922 3.994 0.769 1.684 0.685 2.099 0.499 2.586 3.336 1.949 2.351 2.195 3.32 3.177 1.841 1.733 3.953 0.623 0.335 1.896
1.702 2.404 3.675 0.0 1.165 1.508 1.902 0.456 3.143 3.073 3.331 2.674 3.56 1.094 0.371 3.977 2.542 1.501 1.919 1.591 1.861 3.178 0.35 3.241 3.38 2.536
0.547 1.272 2.51 1.165 0.0 1.137 1.478 1.503 2.009 2.088 2.198 1.814 2.416 0.103 0.839 3.0 1.822 0.366 1.734 1.438 0.727 2.204 1.45 2.097 2.216 1.633
1.218 2.056 2.927 1.508 1.137 0.0 0.402 1.517 2.69 1.773 2.865 1.281 3.02 1.055 1.438 2.615 2.929 1.078 0.599 2.521 1.62 1.855 1.557 2.726 2.593 2.671
1.443 2.224 2.922 1.902 1.478 0.402 0.0 1.875 2.791 1.572 2.955 1.043 3.08 1.408 1.84 2.347 3.216 1.347 0.399 2.894 1.855 1.635 1.927 2.807 2.589 2.919
2.008 2.772 3.994 0.456 1.503 1.517 1.875 0.0 3.51 3.22 3.699 2.772 3.919 1.416 0.807 4.102 2.994 1.799 1.797 2.04 2.225 3.316 0.123 3.599 3.686 2.97
1.557 0.739 0.769 3.143 2.009 2.69 2.791 3.51 0.0 1.944 0.189 2.204 0.429 2.1 2.783 2.479 1.583 1.76 3.182 2.447 1.286 2.032 3.451 0.146 0.72 1.127
1.619 1.801 1.684 3.073 2.088 1.773 1.572 3.22 1.944 0.0 2.035 0.537 2.036 2.099 2.847 0.914 3.109 1.734 1.926 3.373 1.849 0.12 3.23 1.879 1.4 2.668
1.744 0.928 0.685 3.331 2.198 2.865 2.955 3.699 0.189 2.035 0.0 2.328 0.259 2.289 2.971 2.508 1.687 1.947 3.348 2.603 1.474 2.115 3.64 0.158 0.721 1.247
1.442 1.878 2.099 2.674 1.814 1.281 1.043 2.772 2.204 0.537 2.328 0.0 2.38 1.8 2.491 1.335 3.128 1.497 1.39 3.198 1.766 0.592 2.795 2.17 1.786 2.725
1.94 1.158 0.499 3.56 2.416 3.02 3.08 3.919 0.429 2.036 0.259 2.38 0.0 2.504 3.204 2.417 1.933 2.147 3.477 2.862 1.7 2.104 3.863 0.319 0.648 1.501
0.608 1.366 2.586 1.094 0.103 1.055 1.408 1.416 2.1 2.099 2.289 1.8 2.504 0.0 0.785 3.013 1.92 0.41 1.651 1.492 0.822 2.213 1.368 2.185 2.287 1.736
1.386 2.046 3.336 0.371 0.839 1.438 1.84 0.807 2.783 2.847 2.971 2.491 3.204 0.785 0.0 3.76 2.19 1.195 1.934 1.313 1.508 2.957 0.713 2.885 3.049 2.168
2.516 2.553 1.949 3.977 3.0 2.615 2.347 4.102 2.479 0.914 2.508 1.335 2.417 3.013 3.76 0.0 3.86 2.643 2.643 4.248 2.705 0.802 4.12 2.372 1.789 3.397
1.792 1.314 2.351 2.542 1.822 2.929 3.216 2.994 1.583 3.109 1.687 3.128 1.933 1.92 2.19 3.86 0.0 1.869 3.525 1.182 1.395 3.223 2.892 1.729 2.262 0.471
0.209 1.049 2.195 1.501 0.366 1.078 1.347 1.799 1.76 1.734 1.947 1.497 2.147 0.41 1.195 2.643 1.869 0.0 1.665 1.705 0.551 1.852 1.76 1.831 1.889 1.593
1.787 2.597 3.32 1.919 1.734 0.599 0.399 1.797 3.182 1.926 3.348 1.39 3.477 1.651 1.934 2.643 3.525 1.665 0.0 3.096 2.196 1.977 1.871 3.201 2.987 3.256
1.766 1.861 3.177 1.591 1.438 2.521 2.894 2.04 2.447 3.373 2.603 3.198 2.862 1.492 1.313 4.248 1.182 1.705 3.096 0.0 1.547 3.493 1.923 2.586 2.986 1.423
0.411 0.547 1.841 1.861 0.727 1.62 1.855 2.225 1.286 1.849 1.474 1.766 1.7 0.822 1.508 2.705 1.395 0.551 2.196 1.547 0.0 1.969 2.165 1.38 1.575 1.064
1.738 1.912 1.733 3.178 2.204 1.855 1.635 3.316 2.032 0.12 2.115 0.592 2.104 2.213 2.957 0.802 3.223 1.852 1.977 3.493 1.969 0.0 3.329 1.961 1.463 2.779
1.968 2.712 3.953 0.35 1.45 1.557 1.927 0.123 3.451 3.23 3.64 2.795 3.863 1.368 0.713 4.12 2.892 1.76 1.871 1.923 2.165 3.329 0.0 3.544 3.649 2.881
1.625 0.84 0.623 3.241 2.097 2.726 2.807 3.599 0.146 1.879 0.158 2.17 0.319 2.185 2.885 2.372 1.729 1.831 3.201 2.586 1.38 1.961 3.544 0.0 0.595 1.274
1.682 1.128 0.335 3.38 2.216 2.593 2.589 3.686 0.72 1.4 0.721 1.786 0.648 2.287 3.049 1.789 2.262 1.889 2.987 2.986 1.575 1.463 3.649 0.595 0.0 1.793
1.476 0.867 1.896 2.536 1.633 2.671 2.919 2.97 1.127 2.668 1.247 2.725 1.501 1.736 2.168 3.397 0.471 1.593 3.256 1.423 1.064 2.779 2.881 1.274 1.793 0.0
