Number of customers: 75
Vehicle capacity     50
Alpha:               0.75
Number of scenarios: 50

Location coordinates:
0 0.0 0.0
1 -1.50555 1.63795
2 1.15778 -0.85543
3 0.83323 -1.16912
4 1.56441 0.33564
5 0.1551 1.49628
6 0.71697 -1.28494
7 -0.4493 -1.4955
8 1.46643 0.16103
9 1.47249 0.79665
10 0.39533 0.99515
11 -1.20187 -1.5816
12 0.61924 0.07738
13 1.64088 0.44647
14 0.19594 -1.99804
15 0.87717 -1.68239
16 -0.60193 0.32267
17 0.27622 -1.9133
18 1.96461 1.79317
19 -0.71301 -0.82288
20 1.5524 1.53077
21 0.78262 -1.22268
22 -1.62927 -0.48902
23 -0.98272 0.78171
24 0.2867 1.27366
25 0.93842 1.59753
26 0.03799 -1.17668
27 0.44487 1.95608
28 -1.79871 0.99737
29 0.2571 0.88151
30 1.94522 -0.6991
31 -1.71039 -0.4721
32 -0.68628 1.00924
33 -0.74908 -1.72871
34 1.41601 -0.33382
35 -1.75942 -1.33185
36 -0.37054 0.60651
37 1.87253 0.07467
38 0.85228 -0.2374
39 1.08671 -1.66242
40 0.80983 -0.35628
41 1.23191 -1.52662
42 -1.80247 -1.08771
43 0.77775 -1.92407
44 -1.39642 0.26671
45 1.03043 -0.32498
46 -1.08913 0.06719
47 1.74744 -1.78313
48 1.00897 -1.23206
49 0.71918 -0.38752
50 1.84681 1.85265
51 0.58991 -1.09821
52 0.02088 1.86657
53 -1.05988 -0.24072
54 -1.81288 -0.01337
55 0.4083 -0.6032
56 -1.59851 -0.85342
57 0.59064 -1.62171
58 -1.05707 -0.14014
59 -1.88875 1.67913
60 0.22046 1.31516
61 -0.08109 -0.94284
62 0.37206 -0.838
63 1.42018 -1.90191
64 1.62886 0.7171
65 -0.40842 1.31954
66 -0.12082 -1.58398
67 -1.33716 -0.47194
68 -0.5833 -0.37428
69 -1.57103 0.28506
70 1.00188 -1.51707
71 -0.15313 1.27954
72 1.21927 1.37144
73 0.29515 -1.75542
74 1.19473 -1.26565
75 1.29538 -0.20189

Demand per scenario:
1 3 3 4 3 3 2 2 3 2 3 4 3 4 5 2 1 1 5 3 3 2 4 1 4 3 2 4 3 3 2 3 3 4 2 4 2 5 2 1 1 3 3 4 4 2 6 4 3 4 2
2 4 4 3 2 2 3 5 3 4 2 5 3 2 2 1 4 3 3 2 1 3 3 3 3 3 3 5 4 1 3 5 4 3 2 1 4 2 4 3 3 2 5 2 4 6 1 1 4 2 3
3 5 5 5 6 5 4 6 6 4 4 4 6 5 6 5 6 6 6 7 5 7 9 5 4 6 5 5 5 4 3 6 4 5 4 6 8 4 5 4 6 7 6 6 4 4 4 5 5 6 4
4 4 3 2 4 5 5 3 4 4 5 3 6 4 3 3 3 3 5 1 3 4 5 3 4 4 4 4 3 6 3 5 5 4 6 5 5 2 4 3 2 2 4 5 5 4 4 3 5 1 1
5 2 6 4 7 2 2 3 5 6 6 4 5 5 3 5 3 5 3 4 4 4 6 3 4 5 4 3 6 3 4 3 5 3 5 3 2 3 5 3 3 4 1 6 4 4 5 4 5 3 5
6 5 5 3 4 3 6 4 2 5 3 4 3 5 4 3 5 4 7 2 1 4 4 2 5 3 1 4 3 5 2 2 3 5 3 5 4 6 3 6 5 4 2 5 3 3 3 3 5 2 2
7 5 4 3 3 4 5 4 3 2 3 3 2 2 4 2 1 3 4 3 5 5 5 4 4 2 2 4 5 2 5 2 3 5 4 5 4 3 5 4 2 3 6 4 2 2 3 5 4 5 3
8 5 6 8 5 6 6 8 8 4 6 6 7 7 7 7 7 6 7 6 6 6 6 6 6 4 7 7 6 5 7 5 6 7 7 6 5 4 8 6 6 6 6 7 6 5 5 8 4 7 5
9 3 3 3 4 4 3 4 4 4 3 7 5 2 4 5 3 4 6 3 2 3 2 4 2 4 6 5 3 3 4 3 4 3 3 5 3 5 4 6 4 4 3 3 3 4 5 4 4 6 2
10 5 5 8 5 5 5 5 5 6 6 6 5 5 4 7 6 8 7 4 5 7 6 8 4 5 6 6 5 6 8 6 8 7 6 4 6 7 6 8 7 7 6 4 4 5 6 4 4 4 7
11 6 4 7 7 6 5 7 6 4 5 7 4 6 6 5 6 6 4 6 6 5 6 8 5 6 5 7 6 7 4 6 6 6 5 8 5 6 7 5 5 7 6 4 6 7 4 5 6 6 8
12 5 6 5 4 5 7 4 4 3 2 5 6 6 2 4 4 6 5 6 6 4 5 6 4 3 6 5 5 3 6 6 3 6 5 3 4 6 3 5 6 6 2 4 5 4 5 5 4 3 4
13 10 5 9 8 6 7 8 8 8 8 5 8 5 8 8 8 7 8 7 8 8 8 10 7 8 7 7 7 7 9 8 10 9 7 11 6 9 7 8 10 7 7 9 9 10 8 9 9 8 6
14 6 7 5 7 7 7 6 7 7 7 6 7 5 6 6 7 6 6 7 5 5 4 4 4 6 6 6 7 8 5 6 8 5 6 4 8 7 7 9 6 7 9 7 7 6 7 4 6 7 6
15 5 5 4 4 6 6 6 6 6 6 6 6 4 6 6 6 8 8 7 4 5 3 5 5 6 6 5 7 5 8 6 4 5 6 6 7 7 6 5 7 4 7 4 5 6 5 7 4 9 6
16 4 4 4 5 3 4 1 4 5 6 4 2 6 4 3 4 4 6 3 4 5 7 3 4 3 4 5 4 4 3 4 3 4 3 4 4 6 5 4 5 4 4 2 3 3 6 1 4 7 5
17 6 5 8 8 5 5 7 6 3 5 5 4 6 7 5 5 6 5 4 5 4 8 5 6 5 5 5 8 6 6 8 9 5 5 7 5 5 6 4 6 5 7 3 6 5 4 6 3 6 3
18 1 1 1 5 2 1 3 4 2 2 4 3 1 1 4 1 3 4 4 1 3 2 2 2 3 3 2 2 1 2 2 4 1 5 3 1 1 3 4 2 4 2 2 4 2 1 2 2 3 2
19 4 5 4 7 4 4 4 5 6 7 3 4 5 6 5 6 5 5 4 5 6 4 5 6 3 5 3 5 7 5 5 4 3 6 6 5 5 3 7 4 6 7 6 6 6 5 5 5 6 6
20 5 4 4 4 4 3 4 6 4 5 5 7 6 4 6 7 4 3 5 4 5 4 3 5 4 5 4 5 3 4 3 2 4 6 5 6 6 5 1 4 3 4 4 4 5 3 6 3 4 4
21 5 7 6 7 6 5 6 5 6 7 4 7 6 5 4 6 4 3 5 6 5 6 5 6 5 4 5 7 3 5 5 4 6 7 6 4 6 5 4 5 6 5 4 5 6 4 4 6 4 4
22 6 5 4 4 4 3 5 4 5 6 4 5 3 5 5 7 5 5 4 4 6 3 7 4 6 4 4 5 8 4 5 5 4 4 4 2 4 3 6 5 4 5 5 6 2 4 3 4 5 5
23 7 8 7 7 6 6 6 5 7 6 7 4 7 8 8 8 8 6 5 5 5 7 10 6 6 7 6 4 6 10 7 8 6 5 6 5 4 9 4 8 6 4 6 5 8 7 5 7 6 7
24 4 6 4 6 3 5 5 5 5 4 2 7 7 5 3 5 4 6 4 7 4 4 4 6 4 6 4 6 5 4 5 6 3 6 6 6 6 5 6 6 4 7 5 5 6 6 5 6 8 6
25 7 5 5 6 7 4 5 6 4 7 4 2 6 3 6 5 3 4 5 5 4 4 2 7 5 3 5 4 4 6 5 6 4 5 3 4 3 4 4 3 4 6 6 3 4 5 3 5 4 5
26 5 2 2 2 5 3 3 6 5 3 3 3 2 3 4 4 4 4 6 3 4 3 1 4 3 4 2 7 5 6 3 5 4 4 5 3 3 5 4 4 3 4 4 6 4 7 3 4 4 4
27 3 5 5 5 5 5 3 5 4 5 6 6 6 3 5 5 7 3 4 7 6 4 3 4 4 5 3 3 6 4 4 4 5 1 7 4 7 6 3 4 4 4 4 3 4 5 3 5 4 5
28 7 1 4 4 3 2 7 6 6 2 6 5 4 6 5 5 1 4 6 5 4 4 5 3 3 3 3 4 4 5 4 4 4 3 4 4 4 5 5 4 3 5 7 3 5 6 4 6 5 5
29 6 8 9 6 6 8 6 8 7 6 7 6 6 7 7 8 6 7 6 6 7 8 6 6 6 8 7 9 9 9 7 5 6 6 6 7 5 5 7 6 8 5 5 6 6 7 8 9 5 6
30 7 9 8 8 9 9 8 7 10 8 7 8 7 7 7 10 8 7 8 7 8 8 7 9 7 7 8 9 8 9 7 8 7 8 8 9 10 7 6 9 7 9 8 7 9 9 7 6 9 7
31 5 7 6 5 7 6 6 4 4 6 5 6 4 7 4 5 8 5 3 6 6 7 5 7 7 6 5 5 5 5 8 5 6 4 5 3 7 5 6 3 4 6 4 4 6 5 7 5 4 5
32 5 6 8 7 5 5 8 5 7 5 6 6 4 2 6 5 3 7 5 7 7 6 6 8 7 7 9 6 6 6 6 8 9 8 6 8 5 5 5 5 5 7 8 6 5 5 6 8 9 5
33 5 7 7 7 6 6 8 7 8 6 9 7 7 8 6 4 9 7 8 4 5 8 7 8 7 8 6 7 5 5 6 7 8 7 5 7 6 6 8 7 7 8 7 8 7 7 5 9 6 7
34 8 6 6 5 8 9 8 7 9 6 6 11 9 6 7 5 8 6 8 8 8 7 7 5 7 6 5 6 8 6 9 5 10 9 7 6 7 7 7 7 5 7 7 8 8 9 7 5 3 5
35 6 5 7 7 7 7 6 7 6 7 6 7 5 7 6 7 5 4 6 3 9 7 5 7 8 7 6 5 6 4 7 6 5 8 7 7 6 5 9 7 5 7 7 5 7 6 6 7 5 5
36 2 3 3 2 3 2 3 1 2 4 1 2 4 1 1 5 4 6 3 2 2 2 4 4 2 2 3 2 5 4 3 1 7 4 1 3 4 3 1 4 4 5 2 4 1 2 4 1 3 4
37 8 7 5 7 4 5 4 6 7 7 6 4 4 8 7 7 3 5 7 10 6 5 7 4 5 4 6 5 6 5 6 4 5 6 8 8 8 6 4 5 7 4 7 7 6 6 4 7 7 6
38 6 3 5 5 5 6 6 5 4 3 5 6 3 4 4 5 6 1 6 5 3 4 4 4 4 8 3 2 7 6 5 2 5 3 7 4 5 4 4 5 3 5 4 6 4 5 4 3 5 6
39 8 5 5 8 9 5 4 7 5 4 6 6 6 5 4 3 6 5 4 8 6 7 8 4 5 6 4 6 5 7 7 6 6 3 3 7 6 5 7 4 7 6 7 7 6 5 5 6 6 4
40 5 6 3 2 1 4 4 4 4 1 3 4 3 4 4 5 1 2 4 3 5 4 5 2 4 6 4 4 3 3 3 3 3 5 4 6 7 3 4 5 3 3 4 5 3 3 4 2 3 4
41 7 7 8 5 6 7 8 9 5 8 9 6 7 10 7 8 6 6 7 6 7 7 9 7 9 7 3 8 6 8 7 6 6 8 4 10 7 7 5 7 8 8 7 5 8 7 7 7 6 8
42 8 5 6 4 6 4 6 6 5 5 4 5 5 4 4 6 7 7 6 6 6 4 5 4 5 6 5 6 5 4 6 3 5 8 5 4 6 3 5 5 6 6 4 7 4 6 4 5 5 5
43 4 6 7 5 6 6 6 5 5 4 4 5 4 6 6 5 4 6 6 5 7 4 7 5 4 4 6 5 8 6 6 4 4 6 3 6 4 3 5 5 5 6 7 6 5 4 5 5 4 4
44 5 5 5 6 6 6 5 4 4 5 5 7 5 5 4 5 7 5 5 7 5 6 6 5 6 4 4 4 4 5 7 4 3 6 6 6 4 4 4 6 4 5 5 5 7 6 4 5 5 4
45 5 3 2 6 3 4 2 4 7 3 3 3 6 5 4 3 6 3 5 4 4 6 5 6 6 3 2 3 3 4 6 5 5 5 4 4 2 6 5 1 5 6 4 5 1 3 5 5 3 5
46 4 5 4 1 5 5 4 5 8 5 6 5 5 6 4 4 4 4 5 5 6 5 7 7 5 5 6 2 5 3 5 7 7 1 5 5 6 4 5 4 4 4 5 3 2 6 3 5 4 5
47 9 8 5 6 6 6 7 7 6 4 6 7 4 5 8 5 5 8 6 4 7 7 6 6 4 6 7 4 6 6 8 5 7 2 7 7 9 6 8 5 8 6 4 6 7 5 7 5 5 6
48 4 3 5 2 6 4 5 4 2 4 5 6 7 4 6 4 6 6 7 5 5 7 2 4 4 5 5 4 6 5 5 4 2 7 6 7 4 5 6 4 4 3 4 6 4 6 4 5 6 5
49 7 6 5 7 6 8 5 5 7 5 6 8 7 7 6 5 4 7 6 7 6 6 6 5 5 6 7 9 8 6 6 5 7 6 7 6 5 6 6 7 5 4 8 8 7 8 5 7 7 6
50 4 5 6 3 5 5 6 3 5 4 5 5 6 5 5 2 5 5 4 4 4 5 6 2 6 2 4 6 4 7 4 3 6 4 5 6 6 5 5 5 7 7 2 4 5 4 5 5 6 5
51 4 4 2 4 5 4 3 7 3 3 3 3 2 2 2 6 4 4 4 4 2 4 4 4 6 2 3 3 5 1 2 4 4 4 4 3 5 6 2 4 2 3 6 4 3 2 2 1 2 3
52 5 4 5 5 6 3 3 2 6 5 4 5 4 5 7 6 6 6 6 3 3 6 5 2 5 4 3 4 3 7 4 5 6 6 5 5 5 4 5 4 5 4 4 5 3 6 4 4 3 3
53 8 8 5 7 6 6 4 7 8 5 7 7 6 6 5 5 5 6 8 8 8 6 6 5 7 7 7 7 4 6 5 5 9 5 7 7 8 7 7 7 6 8 4 6 4 6 7 6 9 6
54 6 3 5 7 3 3 5 5 5 5 4 5 6 5 1 3 7 5 3 7 6 3 4 3 5 5 6 5 6 6 3 4 5 6 4 5 6 5 4 7 4 4 4 5 4 4 5 1 4 3
55 5 4 4 4 2 4 6 4 3 4 5 5 6 3 5 4 4 6 2 5 5 4 3 4 6 4 5 5 5 5 3 5 1 4 4 3 6 3 4 4 5 4 5 3 5 3 3 4 4 1
56 6 6 5 5 5 7 8 8 8 7 8 6 6 7 7 7 7 7 7 6 8 8 5 6 8 9 5 6 6 6 7 6 7 6 7 6 4 7 7 7 8 7 5 7 7 8 6 6 7 9
57 2 4 3 2 3 4 5 5 3 2 3 4 5 4 3 2 5 4 3 4 3 4 4 4 2 4 2 2 3 3 1 5 2 3 2 2 3 1 3 3 5 2 2 1 3 1 3 4 3 2
58 7 4 3 9 4 6 6 4 4 6 7 3 5 5 6 6 5 4 6 4 4 4 6 6 6 6 4 3 4 7 7 6 7 2 4 7 3 4 4 3 4 6 7 6 3 5 7 4 7 5
59 8 6 4 4 6 5 7 3 5 6 5 5 7 6 4 6 6 4 6 5 5 3 8 4 5 5 3 7 7 6 5 3 2 6 5 5 4 6 5 6 6 4 4 6 4 5 6 6 6 6
60 5 6 8 7 7 4 5 6 5 3 4 6 6 6 7 5 4 5 5 6 4 5 6 4 7 4 7 6 6 6 6 5 7 6 4 5 4 6 6 5 7 5 4 6 7 7 6 8 5 7
61 2 5 5 4 4 2 3 3 5 6 5 3 5 4 6 4 4 1 4 5 5 5 4 6 5 4 5 4 3 1 6 1 5 5 6 4 5 5 3 6 3 8 5 6 4 3 7 4 4 4
62 4 3 5 4 4 2 2 5 6 3 3 6 4 3 5 4 4 4 4 2 4 6 5 4 4 2 5 4 3 3 6 2 5 5 2 4 2 3 4 4 5 4 3 2 2 4 4 2 5 5
63 7 10 8 8 8 7 9 8 6 7 10 9 7 5 6 6 7 7 7 7 8 8 8 7 10 9 7 7 7 8 9 9 8 8 7 10 6 9 7 9 8 7 8 7 8 7 5 8 6 5
64 8 4 6 5 5 7 5 8 5 5 7 5 8 8 6 9 7 7 5 7 7 7 7 5 5 7 6 8 8 4 3 7 5 8 7 7 7 7 6 6 5 6 6 7 7 6 6 9 5 5
65 5 3 4 4 7 4 4 6 5 5 6 3 4 4 7 3 4 4 5 5 3 5 6 4 4 6 3 5 2 5 5 8 3 6 5 6 5 7 5 6 4 5 3 4 5 5 5 7 4 6
66 5 3 5 6 7 7 6 5 5 4 4 4 4 3 7 4 4 2 5 3 4 5 7 5 4 5 3 6 5 6 4 5 4 4 6 3 4 3 3 7 5 5 5 2 3 4 6 4 5 5
67 4 3 5 3 3 5 6 4 3 5 4 4 5 4 5 5 5 6 5 2 5 5 5 4 6 4 6 4 7 5 6 5 4 5 5 4 6 5 4 5 5 5 5 5 5 4 8 4 6 6
68 1 2 1 1 2 2 1 2 2 4 1 3 5 1 2 1 1 2 2 2 5 2 2 1 3 2 2 1 2 1 3 2 1 1 1 2 1 1 1 3 2 1 3 2 2 2 2 2 1 1
69 4 5 4 6 5 5 5 7 5 6 7 6 5 5 5 6 5 4 4 5 4 5 8 6 7 7 7 5 3 4 7 5 7 4 5 6 5 6 4 7 6 3 6 4 6 7 3 4 4 8
70 6 6 3 5 4 6 6 5 6 5 5 5 4 4 5 6 6 2 3 5 6 5 5 3 7 5 4 4 6 4 4 5 4 7 4 6 3 3 4 7 6 4 5 5 5 2 5 6 7 6
71 8 6 6 6 7 7 8 7 8 5 7 6 7 6 7 7 8 7 6 9 8 7 6 7 9 9 7 8 7 8 8 8 8 11 9 9 10 8 8 7 6 7 8 5 7 8 10 8 9 6
72 4 5 7 7 6 6 6 6 7 6 7 6 8 6 7 6 6 8 5 5 6 8 7 7 5 7 7 4 8 5 8 7 7 6 5 7 6 7 7 7 6 7 4 5 7 6 5 5 6 8
73 4 5 6 4 5 4 5 5 5 4 6 5 5 3 3 3 2 3 4 4 3 8 5 2 5 5 5 4 2 3 4 5 6 2 4 4 7 6 5 4 5 1 2 4 5 4 4 5 8 6
74 4 4 5 4 3 6 6 5 7 3 4 4 4 5 5 4 4 6 6 5 4 4 4 4 4 5 7 6 4 4 2 5 6 4 4 5 5 6 4 4 7 7 4 3 5 4 5 5 6 5
75 3 5 4 5 3 4 5 5 5 4 4 4 5 3 4 6 4 3 6 3 3 3 2 6 2 2 4 1 5 7 1 5 4 4 2 5 5 3 3 4 4 3 3 5 7 6 4 5 5 5

Probability of each scenario occurring:
0.02 0.02 0.02 0.02 0.02 0.02 0.02 0.02 0.02 0.02 0.02 0.02 0.02 0.02 0.02 0.02 0.02 0.02 0.02 0.02 0.02 0.02 0.02 0.02 0.02 0.02 0.02 0.02 0.02 0.02 0.02 0.02 0.02 0.02 0.02 0.02 0.02 0.02 0.02 0.02 0.02 0.02 0.02 0.02 0.02 0.02 0.02 0.02 0.02 0.02

Travel costs:
0.0 2.225 1.44 1.436 1.6 1.504 1.471 1.562 1.475 1.674 1.071 1.986 0.624 1.701 2.008 1.897 0.683 1.933 2.66 1.089 2.18 1.452 1.701 1.256 1.306 1.853 1.177 2.006 2.057 0.918 2.067 1.774 1.22 1.884 1.455 2.207 0.711 1.874 0.885 1.986 0.885 1.962 2.105 2.075 1.422 1.08 1.091 2.497 1.592 0.817 2.616 1.247 1.867 1.087 1.813 0.728 1.812 1.726 1.066 2.527 1.334 0.946 0.917 2.374 1.78 1.381 1.589 1.418 0.693 1.597 1.818 1.289 1.835 1.78 1.74 1.311
2.225 0.0 3.648 3.654 3.335 1.667 3.672 3.307 3.319 3.095 2.007 3.234 2.636 3.364 4.014 4.087 1.596 3.973 3.474 2.585 3.06 3.663 2.131 1.003 1.829 2.444 3.21 1.976 0.704 1.918 4.168 2.12 1.033 3.451 3.525 2.981 1.534 3.722 3.013 4.197 3.056 4.184 2.742 4.231 1.376 3.207 1.625 4.721 3.816 3.009 3.359 3.446 1.543 1.931 1.68 2.947 2.493 3.875 1.834 0.385 1.756 2.948 3.107 4.592 3.267 1.142 3.507 2.117 2.214 1.354 4.03 1.399 2.738 3.842 3.965 3.351
1.44 3.648 0.0 0.451 1.259 2.557 0.615 1.73 1.062 1.682 2.001 2.469 1.077 1.389 1.494 0.873 2.118 1.377 2.769 1.871 2.419 0.525 2.811 2.695 2.3 2.463 1.165 2.9 3.489 1.957 0.803 2.894 2.623 2.097 0.582 2.956 2.115 1.173 0.689 0.81 0.608 0.675 2.969 1.134 2.79 0.546 2.429 1.099 0.405 0.641 2.794 0.618 2.95 2.301 3.088 0.791 2.756 0.953 2.327 3.963 2.364 1.242 0.786 1.079 1.642 2.68 1.472 2.524 1.806 2.958 0.68 2.505 2.228 1.247 0.412 0.668
1.436 3.654 0.451 0.0 1.673 2.75 0.164 1.323 1.473 2.067 2.208 2.076 1.265 1.806 1.046 0.515 2.07 0.93 3.171 1.585 2.794 0.074 2.555 2.665 2.503 2.769 0.795 3.149 3.409 2.13 1.207 2.637 2.656 1.678 1.019 2.598 2.145 1.621 0.932 0.555 0.813 0.535 2.637 0.757 2.652 0.867 2.286 1.101 0.187 0.79 3.187 0.253 3.143 2.109 2.888 0.708 2.452 0.514 2.152 3.94 2.559 0.942 0.568 0.939 2.047 2.781 1.04 2.28 1.624 2.81 0.387 2.64 2.57 0.796 0.374 1.072
1.6 3.335 1.259 1.673 0.0 1.826 1.829 2.722 0.2 0.47 1.342 3.366 0.98 0.135 2.705 2.132 2.166 2.592 1.511 2.555 1.195 1.743 3.298 2.586 1.585 1.409 2.149 1.97 3.428 1.417 1.103 3.373 2.349 3.101 0.686 3.719 1.954 0.404 0.914 2.054 1.024 1.892 3.655 2.393 2.962 0.849 2.667 2.127 1.663 1.112 1.543 1.734 2.174 2.687 3.395 1.489 3.379 2.186 2.664 3.705 1.663 2.084 1.673 2.242 0.387 2.205 2.554 3.012 2.262 3.136 1.936 1.96 1.092 2.446 1.643 0.601
1.504 1.667 2.557 2.75 1.826 0.0 2.837 3.052 1.871 1.492 0.556 3.364 1.493 1.819 3.495 3.26 1.397 3.412 1.834 2.476 1.398 2.79 2.669 1.344 0.259 0.79 2.676 0.543 2.016 0.623 2.833 2.712 0.972 3.349 2.222 3.415 1.033 2.229 1.869 3.293 1.965 3.209 3.242 3.477 1.98 2.021 1.895 3.646 2.859 1.966 1.729 2.631 0.394 2.12 2.48 2.115 2.932 3.148 2.036 2.052 0.193 2.451 2.344 3.626 1.667 0.591 3.093 2.47 2.011 2.109 3.13 0.377 1.071 3.255 2.951 2.045
1.471 3.672 0.615 0.164 1.829 2.837 0.0 1.185 1.629 2.214 2.303 1.942 1.366 1.962 0.883 0.429 2.079 0.768 3.321 1.503 2.937 0.09 2.478 2.676 2.595 2.891 0.688 3.252 3.397 2.215 1.361 2.56 2.689 1.532 1.18 2.477 2.182 1.784 1.056 0.528 0.933 0.569 2.527 0.642 2.622 1.01 2.256 1.145 0.297 0.897 3.335 0.226 3.227 2.061 2.831 0.748 2.355 0.36 2.111 3.947 2.647 0.868 0.565 0.936 2.2 2.837 0.89 2.209 1.587 2.775 0.368 2.708 2.703 0.632 0.478 1.228
1.562 3.307 1.73 1.323 2.722 3.052 1.185 0.0 2.533 2.991 2.63 0.757 1.902 2.853 0.818 1.34 1.825 0.837 4.079 0.722 3.628 1.262 1.551 2.339 2.865 3.39 0.582 3.566 2.835 2.48 2.523 1.624 2.516 0.38 2.197 1.32 2.103 2.803 1.81 1.545 1.698 1.681 1.413 1.3 2.001 1.887 1.689 2.215 1.482 1.61 4.06 1.113 3.395 1.395 2.014 1.238 1.316 1.048 1.485 3.486 2.889 0.664 1.052 1.913 3.036 2.815 0.34 1.355 1.129 2.104 1.451 2.791 3.317 0.789 1.66 2.172
1.475 3.319 1.062 1.473 0.2 1.871 1.629 2.533 0.0 0.636 1.358 3.187 0.851 0.335 2.505 1.935 2.075 2.392 1.706 2.391 1.372 1.543 3.163 2.527 1.622 1.53 1.957 2.065 3.371 1.408 0.984 3.239 2.314 2.912 0.497 3.555 1.89 0.415 0.732 1.863 0.836 1.704 3.499 2.196 2.865 0.653 2.557 1.964 1.466 0.927 1.734 1.534 2.236 2.558 3.284 1.305 3.228 1.986 2.541 3.683 1.698 1.901 1.482 2.063 0.579 2.204 2.359 2.874 2.118 3.04 1.741 1.968 1.235 2.246 1.452 0.401
1.674 3.095 1.682 2.067 0.47 1.492 2.214 2.991 0.636 0.0 1.095 3.579 1.116 0.389 3.072 2.55 2.128 2.962 1.111 2.72 0.738 2.134 3.358 2.455 1.278 0.963 2.44 1.549 3.277 1.218 1.569 3.426 2.169 3.363 1.132 3.87 1.853 0.825 1.206 2.489 1.33 2.336 3.778 2.808 2.917 1.206 2.663 2.594 2.081 1.403 1.12 2.09 1.803 2.737 3.384 1.758 3.486 2.574 2.697 3.475 1.355 2.332 1.971 2.699 0.175 1.952 2.865 3.083 2.366 3.086 2.361 1.696 0.628 2.811 2.081 1.014
1.071 2.007 2.001 2.208 1.342 0.556 2.303 2.63 1.358 1.095 0.0 3.032 0.945 1.361 3.0 2.721 1.203 2.911 1.761 2.129 1.275 2.251 2.51 1.394 0.299 0.811 2.201 0.962 2.194 0.179 2.296 2.566 1.082 2.955 1.676 3.171 0.859 1.741 1.315 2.746 1.414 2.657 3.028 2.944 1.934 1.465 1.751 3.09 2.31 1.42 1.686 2.102 0.948 1.909 2.428 1.598 2.719 2.624 1.843 2.384 0.365 1.996 1.833 3.073 1.264 0.867 2.63 2.27 1.683 2.091 2.584 0.618 0.906 2.752 2.398 1.498
1.986 3.234 2.469 2.076 3.366 3.364 1.942 0.757 3.187 3.579 3.032 0.0 2.463 3.492 1.459 2.081 1.997 1.515 4.628 0.903 4.156 2.017 1.173 2.373 3.22 3.832 1.304 3.902 2.647 2.863 3.268 1.22 2.642 0.476 2.9 0.611 2.341 3.492 2.455 2.29 2.355 2.434 0.778 2.009 1.859 2.562 1.653 2.956 2.238 2.262 4.592 1.856 3.659 1.348 1.683 1.884 0.829 1.793 1.449 3.332 3.227 1.29 1.741 2.642 3.647 3.008 1.081 1.118 1.357 1.903 2.205 3.047 3.819 1.507 2.417 2.853
0.624 2.636 1.077 1.265 0.98 1.493 1.366 1.902 0.851 1.116 0.945 2.463 0.0 1.086 2.118 1.779 1.246 2.02 2.18 1.608 1.727 1.31 2.319 1.75 1.242 1.553 1.382 1.887 2.587 0.882 1.537 2.394 1.604 2.266 0.897 2.765 1.122 1.253 0.392 1.802 0.474 1.717 2.687 2.008 2.025 0.575 1.708 2.176 1.366 0.476 2.158 1.176 1.887 1.709 2.434 0.713 2.405 1.699 1.69 2.976 1.3 1.237 0.948 2.135 1.195 1.612 1.819 2.032 1.285 2.2 1.64 1.429 1.426 1.861 1.461 0.732
1.701 3.364 1.389 1.806 0.135 1.819 1.962 2.853 0.335 0.389 1.361 3.492 1.086 0.0 2.84 2.262 2.246 2.726 1.385 2.674 1.088 1.877 3.401 2.645 1.587 1.348 2.281 1.926 3.483 1.451 1.185 3.475 2.394 3.232 0.812 3.837 2.018 0.438 1.044 2.18 1.155 2.015 3.77 2.523 3.043 0.984 2.756 2.232 1.794 1.243 1.421 1.868 2.154 2.787 3.484 1.619 3.49 2.32 2.761 3.739 1.665 2.213 1.805 2.359 0.271 2.228 2.688 3.116 2.371 3.216 2.065 1.978 1.017 2.581 1.769 0.735
2.008 4.014 1.494 1.046 2.705 3.495 0.883 0.818 2.505 3.072 3.0 1.459 2.118 2.84 0.0 0.751 2.454 0.117 4.183 1.486 3.781 0.972 2.368 3.019 3.273 3.671 0.836 3.962 3.599 2.88 2.179 2.442 3.134 0.983 2.064 2.066 2.665 2.666 1.879 0.952 1.753 1.138 2.196 0.587 2.769 1.87 2.432 1.566 1.117 1.693 4.19 0.982 3.869 2.16 2.824 1.411 2.128 0.545 2.241 4.227 3.313 1.091 1.173 1.228 3.07 3.372 0.521 2.163 1.801 2.887 0.939 3.296 3.521 0.262 1.239 2.106
1.897 4.087 0.873 0.515 2.132 3.26 0.429 1.34 1.935 2.55 2.721 2.081 1.779 2.262 0.751 0.0 2.492 0.644 3.642 1.808 3.283 0.469 2.776 3.087 3.014 3.28 0.98 3.664 3.787 2.638 1.452 2.857 3.113 1.627 1.452 2.66 2.607 2.019 1.445 0.21 1.328 0.387 2.745 0.261 2.995 1.366 2.632 0.876 0.469 1.304 3.666 0.651 3.651 2.415 3.166 1.177 2.611 0.293 2.474 4.353 3.069 1.21 0.984 0.586 2.514 3.266 1.003 2.524 1.961 3.141 0.207 3.136 3.073 0.587 0.524 1.538
0.683 1.596 2.118 2.07 2.166 1.397 2.079 1.825 2.075 2.128 1.203 1.997 1.246 2.246 2.454 2.492 0.0 2.402 2.958 1.151 2.47 2.075 1.309 0.596 1.302 1.999 1.63 1.94 1.374 1.025 2.744 1.364 0.692 2.057 2.122 2.019 0.366 2.487 1.558 2.606 1.567 2.604 1.852 2.637 0.796 1.756 0.55 3.155 2.239 1.5 2.887 1.855 1.665 0.726 1.257 1.37 1.542 2.281 0.649 1.87 1.289 1.368 1.515 3.006 2.265 1.015 1.966 1.083 0.697 0.97 2.441 1.057 2.102 2.263 2.398 1.968
1.933 3.973 1.377 0.93 2.592 3.412 0.768 0.837 2.392 2.962 2.911 1.515 2.02 2.726 0.117 0.644 2.402 0.0 4.073 1.472 3.673 0.856 2.379 2.975 3.187 3.573 0.774 3.873 3.575 2.795 2.064 2.454 3.077 1.042 1.948 2.117 2.601 2.55 1.772 0.848 1.646 1.031 2.237 0.502 2.748 1.758 2.406 1.477 1.001 1.589 4.08 0.873 3.788 2.141 2.824 1.317 2.154 0.429 2.219 4.194 3.229 1.034 1.08 1.144 2.958 3.305 0.516 2.163 1.763 2.871 0.827 3.222 3.417 0.159 1.124 1.992
2.66 3.474 2.769 3.171 1.511 1.834 3.321 4.079 1.706 1.111 1.761 4.628 2.18 1.385 4.183 3.642 2.958 4.073 0.0 3.743 0.489 3.239 4.257 3.116 1.756 1.045 3.54 1.528 3.847 1.936 2.492 4.317 2.764 4.446 2.197 4.861 2.619 1.721 2.315 3.565 2.44 3.4 4.742 3.902 3.691 2.315 3.508 3.583 3.173 2.511 0.132 3.202 1.945 3.645 4.187 2.857 4.438 3.681 3.587 3.855 1.808 3.416 3.076 3.735 1.127 2.42 3.969 4.004 3.345 3.844 3.447 2.179 0.856 3.922 3.154 2.104
1.089 2.585 1.871 1.585 2.555 2.476 1.503 0.722 2.391 2.72 2.129 0.903 1.608 2.674 1.486 1.808 1.151 1.472 3.743 0.0 3.267 1.548 0.975 1.627 2.323 2.93 0.83 3.011 2.119 1.961 2.661 1.057 1.832 0.907 2.184 1.164 1.47 2.737 1.671 1.986 1.593 2.068 1.121 1.853 1.286 1.813 0.966 2.641 1.77 1.497 3.703 1.332 2.788 0.678 1.366 1.143 0.886 1.529 0.765 2.764 2.333 0.643 1.085 2.391 2.803 2.164 0.964 0.716 0.467 1.401 1.85 2.176 2.924 1.373 1.958 2.102
2.18 3.06 2.419 2.794 1.195 1.398 2.937 3.628 1.372 0.738 1.275 4.156 1.727 1.088 3.781 3.283 2.47 3.673 0.489 3.267 0.0 2.859 3.769 2.643 1.292 0.618 3.102 1.186 3.393 1.449 2.264 3.828 2.299 3.99 1.87 4.378 2.134 1.491 1.902 3.227 2.028 3.074 4.256 3.541 3.208 1.928 3.02 3.32 2.816 2.091 0.436 2.8 1.568 3.156 3.703 2.421 3.951 3.296 3.099 3.444 1.349 2.964 2.647 3.435 0.817 1.972 3.536 3.516 2.862 3.363 3.097 1.724 0.369 3.518 2.819 1.752
1.452 3.663 0.525 0.074 1.743 2.79 0.09 1.262 1.543 2.134 2.251 2.017 1.31 1.877 0.972 0.469 2.075 0.856 3.239 1.548 2.859 0.0 2.521 2.671 2.545 2.825 0.746 3.197 3.405 2.169 1.275 2.604 2.672 1.613 1.091 2.544 2.162 1.694 0.988 0.535 0.867 0.542 2.589 0.701 2.639 0.931 2.273 1.116 0.227 0.838 3.254 0.229 3.182 2.088 2.863 0.724 2.41 0.443 2.135 3.944 2.599 0.908 0.563 0.932 2.116 2.807 0.973 2.249 1.608 2.795 0.367 2.671 2.631 0.722 0.414 1.142
1.701 2.131 2.811 2.555 3.298 2.669 2.478 1.551 3.163 3.358 2.51 1.173 2.319 3.401 2.368 2.776 1.309 2.379 4.257 0.975 3.769 2.521 0.0 1.426 2.603 3.309 1.804 3.206 1.496 2.332 3.581 0.083 1.77 1.52 3.049 0.853 1.669 3.547 2.494 2.959 2.443 3.044 0.623 2.802 0.791 2.665 0.775 3.616 2.741 2.351 4.191 2.301 2.876 0.621 0.51 2.041 0.366 2.492 0.67 2.184 2.584 1.613 2.032 3.361 3.474 2.182 1.864 0.293 1.052 0.776 2.825 2.304 3.402 2.304 2.929 2.939
1.256 1.003 2.695 2.665 2.586 1.344 2.676 2.339 2.527 2.455 1.394 2.373 1.75 2.645 3.019 3.087 0.596 2.975 3.116 1.627 2.643 2.671 1.426 0.0 1.361 2.087 2.208 1.849 0.844 1.244 3.281 1.45 0.374 2.521 2.645 2.252 0.637 2.941 2.099 3.203 2.123 3.199 2.041 3.228 0.661 2.297 0.722 3.746 2.832 2.065 3.025 2.451 1.478 1.025 1.149 1.963 1.747 2.873 0.925 1.275 1.316 1.946 2.112 3.602 2.612 0.787 2.518 1.303 1.223 0.77 3.037 0.967 2.28 2.841 2.989 2.481
1.306 1.829 2.3 2.503 1.585 0.259 2.595 2.865 1.622 1.278 0.299 3.22 1.242 1.587 3.273 3.014 1.302 3.187 1.756 2.323 1.292 2.545 2.603 1.361 0.0 0.728 2.463 0.701 2.104 0.393 2.577 2.653 1.008 3.176 1.965 3.313 0.937 1.988 1.613 3.043 1.712 2.956 3.153 3.235 1.961 1.763 1.83 3.388 2.608 1.717 1.664 2.391 0.65 2.026 2.463 1.881 2.842 2.911 1.951 2.213 0.078 2.247 2.113 3.372 1.453 0.697 2.887 2.384 1.863 2.104 2.881 0.44 0.938 3.029 2.697 1.787
1.853 2.444 2.463 2.769 1.409 0.79 2.891 3.39 1.53 0.963 0.811 3.832 1.553 1.348 3.671 3.28 1.999 3.573 1.045 2.93 0.618 2.825 3.309 2.087 0.728 0.0 2.917 0.61 2.802 0.988 2.508 3.361 1.728 3.73 1.99 3.982 1.642 1.787 1.837 3.263 1.958 3.138 3.837 3.525 2.687 1.925 2.54 3.476 2.83 1.997 0.944 2.718 0.956 2.715 3.188 2.264 3.527 3.238 2.646 2.828 0.771 2.737 2.501 3.532 1.119 1.375 3.353 3.076 2.491 2.832 3.115 1.137 0.361 3.414 2.875 1.834
1.177 3.21 1.165 0.795 2.149 2.676 0.688 0.582 1.957 2.44 2.201 1.304 1.382 2.281 0.836 0.98 1.63 0.774 3.54 0.83 3.102 0.746 1.804 2.208 2.463 2.917 0.0 3.159 2.846 2.07 1.966 1.885 2.303 0.961 1.615 1.804 1.829 2.221 1.243 1.156 1.126 1.244 1.843 1.052 2.035 1.308 1.679 1.814 0.973 1.042 3.528 0.557 3.043 1.443 2.186 0.683 1.668 0.71 1.508 3.445 2.499 0.262 0.476 1.561 2.473 2.536 0.437 1.545 1.015 2.174 1.022 2.464 2.809 0.633 1.16 1.591
2.006 1.976 2.9 3.149 1.97 0.543 3.252 3.566 2.065 1.549 0.962 3.902 1.887 1.926 3.962 3.664 1.94 3.873 1.528 3.011 1.186 3.197 3.206 1.849 0.701 0.61 3.159 0.0 2.44 1.091 3.05 3.247 1.475 3.873 2.487 3.958 1.577 2.362 2.231 3.675 2.341 3.571 3.784 3.894 2.499 2.355 2.433 3.96 3.238 2.36 1.406 3.058 0.433 2.663 2.996 2.56 3.474 3.581 2.579 2.35 0.679 2.946 2.795 3.979 1.714 1.065 3.585 3.012 2.547 2.618 3.518 0.903 0.97 3.715 3.308 2.32
2.057 0.704 3.489 3.409 3.428 2.016 3.397 2.835 3.371 3.277 2.194 2.647 2.587 3.483 3.599 3.787 1.374 3.575 3.847 2.119 3.393 3.405 1.496 0.844 2.104 2.802 2.846 2.44 0.0 2.059 4.11 1.472 1.112 2.921 3.479 2.33 1.481 3.785 2.924 3.924 2.939 3.944 2.085 3.895 0.834 3.123 1.17 4.506 3.585 2.874 3.745 3.178 2.017 1.442 1.011 2.726 1.862 3.545 1.358 0.688 2.044 2.591 2.843 4.332 3.439 1.427 3.079 1.54 1.833 0.748 3.764 1.67 3.041 3.459 3.753 3.318
0.918 1.918 1.957 2.13 1.417 0.623 2.215 2.48 1.408 1.218 0.179 2.863 0.882 1.451 2.88 2.638 1.025 2.795 1.936 1.961 1.449 2.169 2.332 1.244 0.393 0.988 2.07 1.091 2.059 0.0 2.313 2.388 0.952 2.797 1.679 2.994 0.685 1.806 1.267 2.676 1.356 2.598 2.849 2.853 1.764 1.433 1.573 3.053 2.243 1.351 1.863 2.007 1.013 1.73 2.255 1.492 2.54 2.525 1.665 2.289 0.435 1.855 1.723 3.017 1.382 0.797 2.494 2.091 1.511 1.923 2.512 0.572 1.08 2.637 2.343 1.501
2.067 4.168 0.803 1.207 1.103 2.833 1.361 2.523 0.984 1.569 2.296 3.268 1.537 1.185 2.179 1.452 2.744 2.064 2.492 2.661 2.264 1.275 3.581 3.281 2.577 2.508 1.966 3.05 4.11 2.313 0.0 3.663 3.137 2.884 0.643 3.758 2.658 0.777 1.186 1.29 1.186 1.093 3.768 1.692 3.478 0.988 3.13 1.102 1.077 1.265 2.554 1.413 3.207 3.04 3.82 1.54 3.547 1.639 3.054 4.512 2.652 2.041 1.579 1.312 1.451 3.101 2.248 3.29 2.549 3.651 1.249 2.884 2.194 1.959 0.94 0.818
1.774 2.12 2.894 2.637 3.373 2.712 2.56 1.624 3.239 3.426 2.566 1.22 2.394 3.475 2.442 2.857 1.364 2.454 4.317 1.057 3.828 2.604 0.083 1.45 2.653 3.361 1.885 3.247 1.472 2.388 3.663 0.0 1.801 1.582 3.129 0.861 1.72 3.624 2.573 3.04 2.523 3.126 0.622 2.881 0.803 2.745 0.823 3.698 2.824 2.431 4.249 2.384 2.91 0.69 0.47 2.123 0.397 2.572 0.733 2.159 2.631 1.696 2.114 3.442 3.545 2.215 1.94 0.373 1.131 0.77 2.907 2.344 3.461 2.381 3.012 3.018
1.22 1.033 2.623 2.656 2.349 0.972 2.689 2.516 2.314 2.169 1.082 2.642 1.604 2.394 3.134 3.113 0.692 3.077 2.764 1.832 2.299 2.672 1.77 0.374 1.008 1.728 2.303 1.475 1.112 0.952 3.137 1.801 0.0 2.739 2.495 2.575 0.512 2.724 1.98 3.206 2.026 3.18 2.376 3.278 1.027 2.174 1.025 3.704 2.81 1.981 2.67 2.464 1.111 1.305 1.522 1.949 2.074 2.924 1.208 1.376 0.957 2.044 2.129 3.593 2.334 0.417 2.654 1.618 1.387 1.143 3.038 0.598 1.94 2.934 2.952 2.322
1.884 3.451 2.097 1.678 3.101 3.349 1.532 0.38 2.912 3.363 2.955 0.476 2.266 3.232 0.983 1.627 2.057 1.042 4.446 0.907 3.99 1.613 1.52 2.521 3.176 3.73 0.961 3.873 2.921 2.797 2.884 1.582 2.739 0.0 2.576 1.085 2.366 3.182 2.188 1.837 2.077 1.991 1.233 1.539 2.098 2.267 1.828 2.497 1.827 1.989 4.423 1.48 3.677 1.52 2.018 1.614 1.22 1.344 1.618 3.593 3.195 1.031 1.432 2.176 3.411 3.067 0.645 1.388 1.365 2.175 1.764 3.067 3.672 1.045 1.998 2.552
1.455 3.525 0.582 1.019 0.686 2.222 1.18 2.197 0.497 1.132 1.676 2.9 0.897 0.812 2.064 1.452 2.122 1.948 2.197 2.184 1.87 1.091 3.049 2.645 1.965 1.99 1.615 2.487 3.479 1.679 0.643 3.129 2.495 2.576 0.0 3.329 2.019 0.613 0.572 1.369 0.607 1.207 3.306 1.714 2.876 0.386 2.537 1.487 0.986 0.699 2.229 1.125 2.605 2.478 3.245 1.043 3.059 1.53 2.481 3.87 2.037 1.616 1.159 1.568 1.072 2.462 1.981 2.757 2.0 3.05 1.254 2.251 1.717 1.81 0.958 0.179
2.207 2.981 2.956 2.598 3.719 3.415 2.477 1.32 3.555 3.87 3.171 0.611 2.765 3.837 2.066 2.66 2.019 2.117 4.861 1.164 4.378 2.544 0.853 2.252 3.313 3.982 1.804 3.958 2.33 2.994 3.758 0.861 2.575 1.085 3.329 0.0 2.385 3.895 2.832 2.865 2.748 2.998 0.248 2.605 1.639 2.966 1.551 3.536 2.77 2.652 4.811 2.361 3.661 1.296 1.32 2.287 0.505 2.368 1.383 3.014 3.306 1.723 2.188 3.23 3.96 2.976 1.658 0.958 1.517 1.628 2.768 3.066 4.022 2.098 2.955 3.257
0.711 1.534 2.115 2.145 1.954 1.033 2.182 2.103 1.89 1.853 0.859 2.341 1.122 2.018 2.665 2.607 0.366 2.601 2.619 1.47 2.134 2.162 1.669 0.637 0.937 1.642 1.829 1.577 1.481 0.685 2.658 1.72 0.512 2.366 2.019 2.385 0.0 2.305 1.486 2.697 1.523 2.668 2.218 2.779 1.081 1.682 0.898 3.193 2.299 1.475 2.544 1.957 1.319 1.092 1.57 1.439 1.908 2.427 1.014 1.859 0.923 1.576 1.624 3.082 2.002 0.714 2.205 1.448 1.004 1.243 2.528 0.707 1.764 2.454 2.44 1.852
1.874 3.722 1.173 1.621 0.404 2.229 1.784 2.803 0.415 0.825 1.741 3.492 1.253 0.438 2.666 2.019 2.487 2.55 1.721 2.737 1.491 1.694 3.547 2.941 1.988 1.787 2.221 2.362 3.785 1.806 0.777 3.624 2.724 3.182 0.613 3.895 2.305 0.0 1.067 1.907 1.147 1.725 3.854 2.279 3.275 0.932 2.962 1.862 1.566 1.243 1.778 1.738 2.577 2.949 3.686 1.614 3.593 2.126 2.937 4.089 2.066 2.203 1.756 2.028 0.687 2.599 2.593 3.256 2.497 3.45 1.814 2.357 1.452 2.416 1.502 0.64
0.885 3.013 0.689 0.932 0.914 1.869 1.056 1.81 0.732 1.206 1.315 2.455 0.392 1.044 1.879 1.445 1.558 1.772 2.315 1.671 1.902 0.988 2.494 2.099 1.613 1.837 1.243 2.231 2.924 1.267 1.186 2.573 1.98 2.188 0.572 2.832 1.486 1.067 0.0 1.444 0.126 1.344 2.788 1.688 2.305 0.199 1.965 1.786 1.007 0.201 2.315 0.9 2.262 1.912 2.675 0.575 2.527 1.409 1.912 3.345 1.676 1.17 0.769 1.759 1.231 2.003 1.661 2.202 1.442 2.479 1.288 1.82 1.65 1.617 1.084 0.445
1.986 4.197 0.81 0.555 2.054 3.293 0.528 1.545 1.863 2.489 2.746 2.29 1.802 2.18 0.952 0.21 2.606 0.848 3.565 1.986 3.227 0.535 2.959 3.203 3.043 3.263 1.156 3.675 3.924 2.676 1.29 3.04 3.206 1.837 1.369 2.865 2.697 1.907 1.444 0.0 1.335 0.199 2.946 0.405 3.144 1.339 2.78 0.672 0.437 1.327 3.596 0.752 3.686 2.575 3.336 1.258 2.804 0.498 2.629 4.474 3.101 1.372 1.091 0.411 2.44 3.336 1.21 2.7 2.109 3.295 0.168 3.193 3.037 0.797 0.411 1.475
0.885 3.056 0.608 0.813 1.024 1.965 0.933 1.698 0.836 1.33 1.414 2.355 0.474 1.155 1.753 1.328 1.567 1.646 2.44 1.593 2.028 0.867 2.443 2.123 1.712 1.958 1.126 2.341 2.939 1.356 1.186 2.523 2.026 2.077 0.607 2.748 1.523 1.147 0.126 1.335 0.0 1.244 2.713 1.568 2.293 0.223 1.946 1.707 0.898 0.096 2.44 0.774 2.359 1.873 2.645 0.471 2.459 1.284 1.879 3.38 1.772 1.067 0.651 1.662 1.35 2.072 1.541 2.15 1.393 2.466 1.177 1.898 1.776 1.491 0.987 0.509
1.962 4.184 0.675 0.535 1.892 3.209 0.569 1.681 1.704 2.336 2.657 2.434 1.717 2.015 1.138 0.387 2.604 1.031 3.4 2.068 3.074 0.542 3.044 3.199 2.956 3.138 1.244 3.571 3.944 2.598 1.093 3.126 3.18 1.991 1.207 2.998 2.668 1.725 1.344 0.199 1.244 0.0 3.066 0.604 3.182 1.218 2.816 0.576 0.369 1.249 3.435 0.772 3.603 2.628 3.4 1.237 2.909 0.648 2.676 4.474 3.016 1.437 1.102 0.42 2.279 3.285 1.354 2.777 2.15 3.337 0.23 3.129 2.898 0.964 0.264 1.326
2.105 2.742 2.969 2.637 3.655 3.242 2.527 1.413 3.499 3.778 3.028 0.778 2.687 3.77 2.196 2.745 1.852 2.237 4.742 1.121 4.256 2.589 0.623 2.041 3.153 3.837 1.843 3.784 2.085 2.849 3.768 0.622 2.376 1.233 3.306 0.248 2.218 3.854 2.788 2.946 2.713 3.066 0.0 2.712 1.414 2.934 1.357 3.617 2.815 2.617 4.686 2.392 3.472 1.126 1.074 2.263 0.311 2.452 1.206 2.768 3.141 1.727 2.189 3.324 3.877 2.782 1.753 0.772 1.413 1.392 2.837 2.885 3.896 2.201 3.002 3.222
2.075 4.231 1.134 0.757 2.393 3.477 0.642 1.3 2.196 2.808 2.944 2.009 2.008 2.523 0.587 0.261 2.637 0.502 3.902 1.853 3.541 0.701 2.802 3.228 3.235 3.525 1.052 3.894 3.895 2.853 1.692 2.881 3.278 1.539 1.714 2.605 2.779 2.279 1.688 0.405 1.568 0.604 2.712 0.0 3.087 1.619 2.73 0.98 0.73 1.538 3.925 0.847 3.865 2.492 3.219 1.372 2.606 0.356 2.559 4.483 3.287 1.304 1.159 0.643 2.775 3.454 0.961 2.565 2.063 3.224 0.465 3.336 3.325 0.511 0.779 1.798
1.422 1.376 2.79 2.652 2.962 1.98 2.622 2.001 2.865 2.917 1.934 1.859 2.025 3.043 2.769 2.995 0.796 2.748 3.691 1.286 3.208 2.639 0.791 0.661 1.961 2.687 2.035 2.499 0.834 1.764 3.478 0.803 1.027 2.098 2.876 1.639 1.081 3.275 2.305 3.144 2.293 3.182 1.414 3.087 0.0 2.498 0.366 3.753 2.834 2.214 3.61 2.41 2.137 0.609 0.502 2.003 1.138 2.741 0.53 1.496 1.927 1.787 2.085 3.555 3.059 1.444 2.248 0.741 1.035 0.176 2.989 1.604 2.839 2.636 3.01 2.732
1.08 3.207 0.546 0.867 0.849 2.021 1.01 1.887 0.653 1.206 1.465 2.562 0.575 0.984 1.87 1.366 1.756 1.758 2.315 1.813 1.928 0.931 2.665 2.297 1.763 1.925 1.308 2.355 3.123 1.433 0.988 2.745 2.174 2.267 0.386 2.966 1.682 0.932 0.199 1.339 0.223 1.218 2.934 1.619 2.498 0.0 2.156 1.625 0.907 0.317 2.326 0.89 2.413 2.092 2.86 0.682 2.682 1.369 2.096 3.541 1.829 1.272 0.835 1.624 1.202 2.185 1.706 2.372 1.614 2.672 1.192 1.994 1.707 1.608 0.955 0.292
1.091 1.625 2.429 2.286 2.667 1.895 2.256 1.689 2.557 2.663 1.751 1.653 1.708 2.756 2.432 2.632 0.55 2.406 3.508 0.966 3.02 2.273 0.775 0.722 1.83 2.54 1.679 2.433 1.17 1.573 3.13 0.823 1.025 1.828 2.537 1.551 0.898 2.962 1.965 2.78 1.946 2.816 1.357 2.73 0.366 2.156 0.0 3.387 2.468 1.865 3.436 2.044 2.114 0.309 0.728 1.641 1.052 2.382 0.21 1.799 1.809 1.427 1.719 3.19 2.795 1.425 1.914 0.593 0.671 0.529 2.623 1.532 2.651 2.289 2.644 2.4
2.497 4.721 1.099 1.101 2.127 3.646 1.145 2.215 1.964 2.594 3.09 2.956 2.176 2.232 1.566 0.876 3.155 1.477 3.583 2.641 3.32 1.116 3.616 3.746 3.388 3.476 1.814 3.96 4.506 3.053 1.102 3.698 3.704 2.497 1.487 3.536 3.193 1.862 1.786 0.672 1.707 0.576 3.617 0.98 3.753 1.625 3.387 0.0 0.921 1.734 3.637 1.345 4.037 3.203 3.976 1.785 3.473 1.168 3.25 5.021 3.454 2.012 1.669 0.348 2.503 3.778 1.879 3.352 2.723 3.91 0.792 3.604 3.198 1.453 0.757 1.645
1.592 3.816 0.405 0.187 1.663 2.859 0.297 1.482 1.466 2.081 2.31 2.238 1.366 1.794 1.117 0.469 2.239 1.001 3.173 1.77 2.816 0.227 2.741 2.832 2.608 2.83 0.973 3.238 3.585 2.243 1.077 2.824 2.81 1.827 0.986 2.77 2.299 1.566 1.007 0.437 0.898 0.369 2.815 0.73 2.834 0.907 2.468 0.921 0.0 0.893 3.196 0.44 3.252 2.294 3.074 0.87 2.635 0.572 2.337 4.108 2.666 1.128 0.749 0.786 2.045 2.919 1.183 2.466 1.809 2.993 0.285 2.767 2.612 0.885 0.189 1.069
0.817 3.009 0.641 0.79 1.112 1.966 0.897 1.61 0.927 1.403 1.42 2.262 0.476 1.243 1.693 1.304 1.5 1.589 2.511 1.497 2.091 0.838 2.351 2.065 1.717 1.997 1.042 2.36 2.874 1.351 1.265 2.431 1.981 1.989 0.699 2.652 1.475 1.243 0.201 1.327 0.096 1.249 2.617 1.538 2.214 0.317 1.865 1.734 0.893 0.0 2.508 0.722 2.36 1.785 2.56 0.378 2.364 1.241 1.793 3.328 1.774 0.974 0.569 1.669 1.431 2.046 1.462 2.058 1.303 2.387 1.164 1.881 1.829 1.432 0.999 0.605
2.616 3.359 2.794 3.187 1.543 1.729 3.335 4.06 1.734 1.12 1.686 4.592 2.158 1.421 4.19 3.666 2.887 4.08 0.132 3.703 0.436 3.254 4.191 3.025 1.664 0.944 3.528 1.406 3.745 1.863 2.554 4.249 2.67 4.423 2.229 4.811 2.544 1.778 2.315 3.596 2.44 3.435 4.686 3.925 3.61 2.326 3.436 3.637 3.196 2.508 0.0 3.207 1.826 3.582 4.108 2.846 4.381 3.694 3.522 3.74 1.713 3.396 3.068 3.779 1.156 2.317 3.96 3.942 3.296 3.76 3.474 2.08 0.791 3.928 3.186 2.127
1.247 3.446 0.618 0.253 1.734 2.631 0.226 1.113 1.534 2.09 2.102 1.856 1.176 1.868 0.982 0.651 1.855 0.873 3.202 1.332 2.8 0.229 2.301 2.451 2.391 2.718 0.557 3.058 3.178 2.007 1.413 2.384 2.464 1.48 1.125 2.361 1.957 1.738 0.9 0.752 0.774 0.772 2.392 0.847 2.41 0.89 2.044 1.345 0.44 0.722 3.207 0.0 3.019 1.859 2.636 0.527 2.202 0.524 1.905 3.723 2.441 0.689 0.339 1.156 2.092 2.616 0.861 2.026 1.379 2.566 0.588 2.491 2.549 0.72 0.628 1.141
1.867 1.543 2.95 3.143 2.174 0.394 3.227 3.395 2.236 1.803 0.948 3.659 1.887 2.154 3.869 3.651 1.665 3.788 1.945 2.788 1.568 3.182 2.876 1.478 0.65 0.956 3.043 0.433 2.017 1.013 3.207 2.91 1.111 3.677 2.605 3.661 1.319 2.577 2.262 3.686 2.359 3.603 3.472 3.865 2.137 2.413 2.114 4.037 3.252 2.36 1.826 3.019 0.0 2.368 2.626 2.5 3.166 3.535 2.278 1.919 0.586 2.811 2.727 4.02 1.977 0.695 3.453 2.704 2.321 2.244 3.523 0.612 1.297 3.632 3.345 2.43
1.087 1.931 2.301 2.109 2.687 2.12 2.061 1.395 2.558 2.737 1.909 1.348 1.709 2.787 2.16 2.415 0.726 2.141 3.645 0.678 3.156 2.088 0.621 1.025 2.026 2.715 1.443 2.663 1.442 1.73 3.04 0.69 1.305 1.52 2.478 1.296 1.092 2.949 1.912 2.575 1.873 2.628 1.126 2.492 0.609 2.092 0.309 3.203 2.294 1.785 3.582 1.859 2.368 0.0 0.787 1.512 0.816 2.152 0.101 2.091 2.015 1.205 1.552 2.985 2.854 1.691 1.639 0.361 0.495 0.733 2.425 1.77 2.792 2.032 2.477 2.356
1.813 1.68 3.088 2.888 3.395 2.48 2.831 2.014 3.284 3.384 2.428 1.683 2.434 3.484 2.824 3.166 1.257 2.824 4.187 1.366 3.703 2.863 0.51 1.149 2.463 3.188 2.186 2.996 1.011 2.255 3.82 0.47 1.522 2.018 3.245 1.32 1.57 3.686 2.675 3.336 2.645 3.4 1.074 3.219 0.502 2.86 0.728 3.976 3.074 2.56 4.108 2.636 2.626 0.787 0.0 2.298 0.867 2.892 0.766 1.694 2.429 1.965 2.335 3.744 3.518 1.936 2.309 0.661 1.281 0.384 3.191 2.104 3.333 2.735 3.258 3.114
0.728 2.947 0.791 0.708 1.489 2.115 0.748 1.238 1.305 1.758 1.598 1.884 0.713 1.619 1.411 1.177 1.37 1.317 2.857 1.143 2.421 0.724 2.041 1.963 1.881 2.264 0.683 2.56 2.726 1.492 1.54 2.123 1.949 1.614 1.043 2.287 1.439 1.614 0.575 1.258 0.471 1.237 2.263 1.372 2.003 0.682 1.641 1.785 0.87 0.378 2.846 0.527 2.5 1.512 2.298 0.0 2.022 1.035 1.537 3.238 1.928 0.596 0.238 1.646 1.798 2.089 1.114 1.75 1.018 2.17 1.09 1.965 2.135 1.158 1.028 0.974
1.812 2.493 2.756 2.452 3.379 2.932 2.355 1.316 3.228 3.486 2.719 0.829 2.405 3.49 2.128 2.611 1.542 2.154 4.438 0.886 3.951 2.41 0.366 1.747 2.842 3.527 1.668 3.474 1.862 2.54 3.547 0.397 2.074 1.22 3.059 0.505 1.908 3.593 2.527 2.804 2.459 2.909 0.311 2.606 1.138 2.682 1.052 3.473 2.635 2.364 4.381 2.202 3.166 0.816 0.867 2.022 0.0 2.32 0.896 2.549 2.83 1.52 1.971 3.196 3.589 2.478 1.648 0.462 1.123 1.139 2.684 2.577 3.59 2.098 2.823 2.966
1.726 3.875 0.953 0.514 2.186 3.148 0.36 1.048 1.986 2.574 2.624 1.793 1.699 2.32 0.545 0.293 2.281 0.429 3.681 1.529 3.296 0.443 2.492 2.873 2.911 3.238 0.71 3.581 3.545 2.525 1.639 2.572 2.924 1.344 1.53 2.368 2.427 2.126 1.409 0.498 1.284 0.648 2.452 0.356 2.741 1.369 2.382 1.168 0.572 1.241 3.694 0.524 3.535 2.152 2.892 1.035 2.32 0.0 2.216 4.128 2.96 0.955 0.814 0.876 2.559 3.106 0.712 2.245 1.713 2.882 0.424 2.995 3.058 0.324 0.701 1.585
1.066 1.834 2.327 2.152 2.664 2.036 2.111 1.485 2.541 2.697 1.843 1.449 1.69 2.761 2.241 2.474 0.649 2.219 3.587 0.765 3.099 2.135 0.67 0.925 1.951 2.646 1.508 2.579 1.358 1.665 3.054 0.733 1.208 1.618 2.481 1.383 1.014 2.937 1.912 2.629 1.879 2.676 1.206 2.559 0.53 2.096 0.21 3.25 2.337 1.793 3.522 1.905 2.278 0.101 0.766 1.537 0.896 2.216 0.0 2.0 1.936 1.264 1.59 3.04 2.819 1.597 1.721 0.434 0.528 0.667 2.477 1.683 2.733 2.107 2.517 2.353
2.527 0.385 3.963 3.94 3.705 2.052 3.947 3.486 3.683 3.475 2.384 3.332 2.976 3.739 4.227 4.353 1.87 4.194 3.855 2.764 3.444 3.944 2.184 1.275 2.213 2.828 3.445 2.35 0.688 2.289 4.512 2.159 1.376 3.593 3.87 3.014 1.859 4.089 3.345 4.474 3.38 4.474 2.768 4.483 1.496 3.541 1.799 5.021 4.108 3.328 3.74 3.723 1.919 2.091 1.694 3.238 2.549 4.128 2.0 0.0 2.14 3.185 3.383 4.876 3.647 1.523 3.711 2.221 2.433 1.43 4.309 1.781 3.123 4.07 4.264 3.698
1.334 1.756 2.364 2.559 1.663 0.193 2.647 2.889 1.698 1.355 0.365 3.227 1.3 1.665 3.313 3.069 1.289 3.229 1.808 2.333 1.349 2.599 2.584 1.316 0.078 0.771 2.499 0.679 2.044 0.435 2.652 2.631 0.957 3.195 2.037 3.306 0.923 2.066 1.676 3.101 1.772 3.016 3.141 3.287 1.927 1.829 1.809 3.454 2.666 1.774 1.713 2.441 0.586 2.015 2.429 1.928 2.83 2.96 1.936 2.14 0.0 2.278 2.158 3.433 1.53 0.629 2.919 2.371 1.871 2.067 2.938 0.375 1.0 3.071 2.759 1.859
0.946 2.948 1.242 0.942 2.084 2.451 0.868 0.664 1.901 2.332 1.996 1.29 1.237 2.213 1.091 1.21 1.368 1.034 3.416 0.643 2.964 0.908 1.613 1.946 2.247 2.737 0.262 2.946 2.591 1.855 2.041 1.696 2.044 1.031 1.616 1.723 1.576 2.203 1.17 1.372 1.067 1.437 1.727 1.304 1.787 1.272 1.427 2.012 1.128 0.974 3.396 0.689 2.811 1.205 1.965 0.596 1.52 0.955 1.264 3.185 2.278 0.0 0.465 1.781 2.383 2.286 0.642 1.341 0.759 1.931 1.226 2.224 2.655 0.895 1.316 1.563
0.917 3.107 0.786 0.568 1.673 2.344 0.565 1.052 1.482 1.971 1.833 1.741 0.948 1.805 1.173 0.984 1.515 1.08 3.076 1.085 2.647 0.563 2.032 2.112 2.113 2.501 0.476 2.795 2.843 1.723 1.579 2.114 2.129 1.432 1.159 2.188 1.624 1.756 0.769 1.091 0.651 1.102 2.189 1.159 2.085 0.835 1.719 1.669 0.749 0.569 3.068 0.339 2.727 1.552 2.335 0.238 1.971 0.814 1.59 3.383 2.158 0.465 0.0 1.493 1.999 2.294 0.894 1.748 1.062 2.244 0.926 2.182 2.366 0.921 0.927 1.121
2.374 4.592 1.079 0.939 2.242 3.626 0.936 1.913 2.063 2.699 3.073 2.642 2.135 2.359 1.228 0.586 3.006 1.144 3.735 2.391 3.435 0.932 3.361 3.602 3.372 3.532 1.561 3.979 4.332 3.017 1.312 3.442 3.593 2.176 1.568 3.23 3.082 2.028 1.759 0.411 1.662 0.42 3.324 0.643 3.555 1.624 3.19 0.348 0.786 1.669 3.779 1.156 4.02 2.985 3.744 1.646 3.196 0.876 3.04 4.876 3.433 1.781 1.493 0.0 2.627 3.704 1.573 3.106 2.519 3.705 0.568 3.549 3.28 1.135 0.675 1.705
1.78 3.267 1.642 2.047 0.387 1.667 2.2 3.036 0.579 0.175 1.264 3.647 1.195 0.271 3.07 2.514 2.265 2.958 1.127 2.803 0.817 2.116 3.474 2.612 1.453 1.119 2.473 1.714 3.439 1.382 1.451 3.545 2.334 3.411 1.072 3.96 2.002 0.687 1.231 2.44 1.35 2.279 3.877 2.775 3.059 1.202 2.795 2.503 2.045 1.431 1.156 2.092 1.977 2.854 3.518 1.798 3.589 2.559 2.819 3.647 1.53 2.383 1.999 2.627 0.0 2.124 2.891 3.195 2.467 3.229 2.32 1.869 0.772 2.809 2.03 0.978
1.381 1.142 2.68 2.781 2.205 0.591 2.837 2.815 2.204 1.952 0.867 3.008 1.612 2.228 3.372 3.266 1.015 3.305 2.42 2.164 1.972 2.807 2.182 0.787 0.697 1.375 2.536 1.065 1.427 0.797 3.101 2.215 0.417 3.067 2.462 2.976 0.714 2.599 2.003 3.336 2.072 3.285 2.782 3.454 1.444 2.185 1.425 3.778 2.919 2.046 2.317 2.616 0.695 1.691 1.936 2.089 2.478 3.106 1.597 1.523 0.629 2.286 2.294 3.704 2.124 0.0 2.918 2.018 1.703 1.556 3.168 0.258 1.629 3.154 3.042 2.284
1.589 3.507 1.472 1.04 2.554 3.093 0.89 0.34 2.359 2.865 2.63 1.081 1.819 2.688 0.521 1.003 1.966 0.516 3.969 0.964 3.536 0.973 1.864 2.518 2.887 3.353 0.437 3.585 3.079 2.494 2.248 1.94 2.654 0.645 1.981 1.658 2.205 2.593 1.661 1.21 1.541 1.354 1.753 0.961 2.248 1.706 1.914 1.879 1.183 1.462 3.96 0.861 3.453 1.639 2.309 1.114 1.648 0.712 1.721 3.711 2.919 0.642 0.894 1.573 2.891 2.918 0.0 1.648 1.295 2.366 1.125 2.864 3.245 0.45 1.354 1.979
