Number of customers: 100
Vehicle capacity     50
Alpha:               0.75
Number of scenarios: 3

Location coordinates:
0 0.0 0.0
1 0.81071 1.6471
2 0.26227 1.84608
3 1.80111 1.62486
4 -1.02528 -1.06787
5 0.63489 1.62197
6 0.38799 -0.19563
7 -0.18247 -1.50825
8 1.10609 -0.92039
9 -1.61426 1.19263
10 0.90605 -0.43258
11 -1.09802 1.98565
12 -1.53633 -0.16507
13 -0.29499 -0.32978
14 -1.16352 1.80612
15 -1.19765 -0.40989
16 0.77775 -1.27368
17 -1.60423 -1.41409
18 -1.38007 0.08853
19 -0.45027 -1.62932
20 1.93619 0.22489
21 -0.03966 0.56833
22 0.64412 0.3932
23 -0.12635 -1.48939
24 1.67998 0.04556
25 1.01575 -1.7484
26 1.60379 0.09727
27 -1.79651 1.44129
28 0.7347 -1.36794
29 1.12315 -0.99783
30 0.30867 0.55749
31 -1.41656 -0.51524
32 1.93613 0.26568
33 1.23354 1.16289
34 1.92552 1.993
35 -1.33863 1.46647
36 0.16113 -1.39953
37 -1.44794 -0.88757
38 -0.47151 -0.99984
39 0.48162 0.45296
40 -1.02254 -0.0019
41 1.8485 -0.89935
42 1.14063 0.53263
43 1.25859 -1.94719
44 0.89228 0.47863
45 -1.69983 1.16258
46 0.8626 -1.03081
47 1.42531 -0.99837
48 -0.52902 -0.36895
49 -1.40665 1.03346
50 0.08551 1.05102
51 0.50864 -0.02669
52 0.60559 0.51544
53 1.78038 1.98518
54 -0.06986 0.65646
55 0.20824 -0.32662
56 1.36881 -0.36746
57 -1.32898 -1.15835
58 -1.82426 -1.04967
59 1.82282 0.21349
60 0.30982 -1.45037
61 -1.21098 1.45453
62 -1.76931 1.39973
63 1.7266 -0.76176
64 -1.94639 -1.48113
65 0.17828 0.84681
66 1.71878 -1.65769
67 -1.45708 -0.62554
68 1.25801 1.0714
69 -1.54615 -1.40274
70 1.53044 -1.33319
71 -1.23595 -1.13336
72 -1.61906 0.56426
73 -1.28812 1.08457
74 -1.99689 -0.30593
75 -1.81504 1.46247
76 0.43241 -1.53398
77 1.35469 -0.13819
78 -1.66358 1.30144
79 -1.40519 1.85943
80 -1.34952 -0.98363
81 -1.2883 -0.43394
82 1.49132 -1.24079
83 -1.95297 1.70183
84 0.49319 -0.05333
85 0.15675 1.02659
86 1.81111 0.5107
87 1.05597 -1.3896
88 -0.22372 0.0429
89 1.67454 -0.19877
90 1.11319 1.51398
91 -0.13622 -0.88414
92 -0.96064 -1.65292
93 0.62358 0.99786
94 1.60394 -0.51994
95 -1.41986 -1.74128
96 -0.00159 -1.33771
97 -0.42979 1.14398
98 -0.13896 -1.85479
99 1.80923 -1.86402
100 -0.88151 1.03141

Demand per scenario:
1 3 5 6
2 4 5 6
3 5 6 7
4 3 5 5
5 3 4 5
6 5 7 8
7 3 4 5
8 4 5 6
9 5 6 8
10 4 4 6
11 4 5 7
12 4 5 6
13 5 6 8
14 3 4 6
15 2 3 4
16 3 5 6
17 4 6 7
18 5 7 9
19 5 7 9
20 3 4 6
21 4 6 7
22 6 7 9
23 4 4 5
24 3 4 5
25 6 7 8
26 3 4 5
27 5 7 8
28 3 5 6
29 2 2 3
30 6 7 9
31 5 7 8
32 3 4 5
33 3 4 5
34 4 5 6
35 4 5 7
36 5 6 7
37 3 4 5
38 4 5 6
39 5 7 8
40 4 5 7
41 4 6 7
42 3 4 5
43 3 4 5
44 3 4 5
45 6 8 10
46 4 5 6
47 4 6 7
48 4 6 7
49 4 5 6
50 3 4 5
51 4 5 7
52 3 4 5
53 2 3 4
54 2 3 3
55 3 3 4
56 4 5 6
57 4 5 6
58 4 6 7
59 4 6 7
60 4 6 7
61 2 2 3
62 4 5 7
63 4 6 7
64 3 3 4
65 4 5 6
66 4 5 6
67 5 6 8
68 3 5 6
69 5 6 8
70 5 6 7
71 2 3 4
72 4 5 7
73 4 6 7
74 3 4 5
75 3 4 5
76 3 5 6
77 4 6 7
78 5 6 8
79 5 7 8
80 4 6 7
81 4 6 7
82 4 5 6
83 5 6 7
84 5 7 9
85 3 5 5
86 4 6 7
87 3 5 6
88 3 4 5
89 5 6 7
90 3 5 6
91 4 5 6
92 4 5 7
93 6 8 10
94 2 3 4
95 3 4 5
96 3 5 6
97 3 4 5
98 5 6 8
99 4 6 7
100 3 4 5

Probability of each scenario occurring:
0.333333 0.333333 0.333333

Travel costs:
0.0 1.836 1.865 2.426 1.48 1.742 0.435 1.519 1.439 2.007 1.004 2.269 1.545 0.442 2.148 1.266 1.492 2.139 1.383 1.69 1.949 0.57 0.755 1.495 1.681 2.022 1.607 2.303 1.553 1.502 0.637 1.507 1.954 1.695 2.771 1.986 1.409 1.698 1.105 0.661 1.023 2.056 1.259 2.319 1.013 2.059 1.344 1.74 0.645 1.745 1.054 0.509 0.795 2.667 0.66 0.387 1.417 1.763 2.105 1.835 1.483 1.893 2.256 1.887 2.446 0.865 2.388 1.586 1.652 2.088 2.03 1.677 1.715 1.684 2.02 2.331 1.594 1.362 2.112 2.331 1.67 1.359 1.94 2.59 0.496 1.038 1.882 1.745 0.228 1.686 1.879 0.895 1.912 1.177 1.686 2.247 1.338 1.222 1.86 2.598 1.357
1.836 0.0 0.583 0.991 3.277 0.178 1.891 3.308 2.584 2.467 2.082 1.939 2.965 2.265 1.981 2.875 2.921 3.899 2.689 3.511 1.814 1.374 1.265 3.273 1.822 3.402 1.741 2.615 3.016 2.663 1.2 3.104 1.782 0.643 1.167 2.157 3.115 3.395 2.941 1.239 2.466 2.75 1.162 3.622 1.171 2.557 2.678 2.716 2.421 2.301 0.939 1.701 1.15 1.027 1.325 2.064 2.09 3.528 3.77 1.755 3.138 2.031 2.592 2.577 4.17 1.02 3.427 3.211 0.729 3.854 3.066 3.452 2.66 2.173 3.42 2.632 3.203 1.866 2.498 2.226 3.404 2.956 2.967 2.764 1.73 0.901 1.514 3.047 1.909 2.038 0.33 2.703 3.745 0.676 2.308 4.057 3.093 1.339 3.628 3.65 1.801
1.865 0.583 0.0 1.555 3.186 0.435 2.046 3.384 2.892 1.987 2.368 1.367 2.698 2.246 1.426 2.687 3.162 3.757 2.405 3.548 2.33 1.313 1.502 3.358 2.292 3.673 2.204 2.098 3.249 2.971 1.289 2.897 2.302 1.187 1.67 1.645 3.247 3.225 2.939 1.41 2.251 3.171 1.58 3.922 1.506 2.078 2.939 3.073 2.352 1.856 0.814 1.889 1.374 1.524 1.235 2.173 2.475 3.4 3.569 2.258 3.297 1.524 2.08 2.991 3.994 1.003 3.794 3.011 1.262 3.718 3.423 3.335 2.276 1.727 3.12 2.112 3.384 2.265 2.001 1.668 3.257 2.757 3.323 2.22 1.913 0.826 2.045 3.332 1.868 2.485 0.913 2.759 3.707 0.922 2.72 3.962 3.195 0.986 3.723 4.02 1.404
2.426 0.991 1.555 0.0 3.904 1.166 2.305 3.708 2.638 3.443 2.244 2.921 3.787 2.866 2.97 3.624 3.074 4.564 3.533 3.957 1.406 2.122 1.69 3.662 1.584 3.463 1.54 3.602 3.177 2.709 1.835 3.864 1.366 0.732 0.389 3.144 3.44 4.107 3.472 1.765 3.259 2.525 1.276 3.613 1.463 3.531 2.817 2.65 3.067 3.262 1.809 2.097 1.631 0.361 2.107 2.519 2.039 4.189 4.505 1.412 3.418 3.017 3.578 2.388 4.867 1.8 3.284 3.96 0.775 4.513 2.97 4.103 3.581 3.136 4.261 3.62 3.443 1.819 3.48 3.215 4.09 3.713 2.882 3.755 2.128 1.75 1.114 3.105 2.57 1.828 0.697 3.17 4.286 1.334 2.154 4.659 3.468 2.282 3.984 3.489 2.747
1.48 3.277 3.186 3.904 0.0 3.161 1.661 0.951 2.136 2.336 2.033 3.054 1.037 1.038 2.877 0.68 1.815 0.675 1.21 0.804 3.231 1.91 2.218 0.993 2.925 2.151 2.876 2.625 1.785 2.15 2.103 0.677 3.248 3.175 4.252 2.554 1.232 0.46 0.558 2.141 1.066 2.879 2.693 2.447 2.463 2.33 1.888 2.452 0.857 2.136 2.392 1.854 2.273 4.146 1.971 1.439 2.494 0.317 0.799 3.123 1.389 2.529 2.577 2.769 1.01 2.262 2.807 0.618 3.129 0.619 2.569 0.221 1.737 2.168 1.235 2.651 1.53 2.555 2.454 2.952 0.335 0.686 2.523 2.921 1.826 2.405 3.246 2.106 1.37 2.836 3.352 0.908 0.589 2.643 2.686 0.78 1.059 2.291 1.185 2.944 2.104
1.742 0.178 0.435 1.166 3.161 0.0 1.834 3.235 2.586 2.29 2.072 1.771 2.812 2.162 1.808 2.736 2.899 3.772 2.532 3.428 1.909 1.251 1.229 3.203 1.891 3.392 1.807 2.438 2.992 2.665 1.113 2.962 1.88 0.754 1.343 1.98 3.058 3.261 2.846 1.179 2.32 2.798 1.201 3.623 1.172 2.379 2.663 2.737 2.306 2.125 0.792 1.653 1.107 1.202 1.195 1.995 2.12 3.404 3.631 1.843 3.089 1.853 2.414 2.622 4.036 0.9 3.454 3.07 0.832 3.729 3.088 3.33 2.49 1.997 3.262 2.455 3.162 1.902 2.321 2.054 3.275 2.815 2.988 2.589 1.681 0.764 1.618 3.041 1.797 2.097 0.49 2.622 3.643 0.624 2.351 3.941 3.027 1.167 3.562 3.678 1.627
0.435 1.891 2.046 2.305 1.661 1.834 0.0 1.431 1.02 2.436 0.57 2.639 1.925 0.696 2.533 1.6 1.146 2.335 1.791 1.661 1.604 0.876 0.642 1.392 1.314 1.675 1.251 2.73 1.223 1.088 0.757 1.833 1.615 1.6 2.675 2.397 1.225 1.962 1.177 0.655 1.424 1.621 1.047 1.956 0.842 2.491 0.961 1.312 0.933 2.175 1.283 0.208 0.744 2.587 0.967 0.222 0.996 1.968 2.371 1.492 1.257 2.298 2.683 1.453 2.665 1.063 1.977 1.894 1.537 2.28 1.612 1.875 2.146 2.109 2.387 2.757 1.339 0.968 2.54 2.727 1.908 1.693 1.52 3.013 0.177 1.244 1.589 1.368 0.657 1.287 1.857 0.865 1.986 1.217 1.258 2.379 1.207 1.569 1.741 2.192 1.766
1.519 3.308 3.384 3.708 0.951 3.235 1.431 0.0 1.416 3.057 1.53 3.612 1.907 1.184 3.457 1.496 0.988 1.425 1.996 0.294 2.737 2.081 2.073 0.059 2.425 1.222 2.402 3.362 0.928 1.402 2.123 1.584 2.763 3.023 4.087 3.191 0.36 1.409 0.585 2.071 1.725 2.12 2.432 1.506 2.259 3.072 1.149 1.687 1.191 2.821 2.573 1.635 2.172 4.007 2.168 1.245 1.926 1.199 1.705 2.643 0.496 3.136 3.313 2.05 1.764 2.383 1.907 1.55 2.955 1.368 1.722 1.118 2.522 2.819 2.177 3.39 0.615 2.059 3.176 3.583 1.28 1.542 1.695 3.666 1.604 2.557 2.837 1.244 1.552 2.272 3.288 0.626 0.792 2.633 2.042 1.259 0.249 2.664 0.349 2.023 2.634
1.439 2.584 2.892 2.638 2.136 2.586 1.02 1.416 0.0 3.445 0.527 3.647 2.748 1.52 3.548 2.36 0.482 2.755 2.683 1.71 1.414 1.879 1.392 1.357 1.124 0.833 1.133 3.742 0.582 0.079 1.679 2.555 1.448 2.087 3.026 3.417 1.059 2.554 1.58 1.509 2.318 0.743 1.453 1.038 1.415 3.495 0.267 0.329 1.726 3.183 2.22 1.075 1.521 2.983 1.967 1.076 0.612 2.447 2.933 1.341 0.957 3.318 3.695 0.64 3.104 1.996 0.959 2.58 1.998 2.696 0.592 2.352 3.103 3.123 3.163 3.77 0.911 0.821 3.551 3.746 2.456 2.443 0.501 4.029 1.062 2.166 1.595 0.472 1.642 0.919 2.434 1.243 2.193 1.978 0.639 2.656 1.184 2.573 1.557 1.177 2.786
2.007 2.467 1.987 3.443 2.336 2.29 2.436 3.057 3.445 0.0 2.999 0.946 1.36 2.014 0.761 1.656 3.436 2.607 1.129 3.053 3.68 1.694 2.396 3.067 3.488 3.945 3.399 0.308 3.475 3.506 2.025 1.719 3.669 2.848 3.629 0.389 3.142 2.087 2.472 2.223 1.333 4.046 2.833 4.256 2.606 0.091 3.328 3.747 1.902 0.262 1.706 2.448 2.321 3.486 1.635 2.373 3.366 2.368 2.252 3.574 3.269 0.481 0.259 3.871 2.694 1.826 4.386 1.825 2.875 2.596 4.033 2.357 0.628 0.344 1.547 0.336 3.409 3.254 0.119 0.699 2.192 1.659 3.945 0.612 2.448 1.779 3.493 3.715 1.804 3.571 2.746 2.549 2.92 2.246 3.645 2.94 3.001 1.185 3.386 4.589 0.75
1.004 2.082 2.368 2.244 2.033 2.072 0.57 1.53 0.527 2.999 0.0 3.141 2.457 1.205 3.049 2.104 0.851 2.695 2.345 1.809 1.222 1.377 0.866 1.477 0.91 1.32 0.876 3.289 0.951 0.606 1.156 2.324 1.244 1.629 2.631 2.94 1.221 2.398 1.49 0.982 1.976 1.052 0.993 1.555 0.911 3.055 0.6 0.768 1.436 2.738 1.695 0.568 0.995 2.571 1.462 0.706 0.467 2.35 2.799 1.122 1.18 2.836 3.243 0.884 3.039 1.472 1.47 2.371 1.545 2.637 1.096 2.254 2.715 2.668 2.906 3.316 1.199 0.537 3.1 3.255 2.322 2.194 0.998 3.568 0.561 1.64 1.307 0.969 1.226 0.803 1.958 1.136 2.23 1.458 0.703 2.669 1.282 2.066 1.765 1.693 2.311
2.269 1.939 1.367 2.921 3.054 1.771 2.639 3.612 3.647 0.946 3.141 0.0 2.195 2.451 0.191 2.398 3.761 3.437 1.918 3.673 3.508 1.769 2.36 3.608 3.388 4.291 3.296 0.886 3.822 3.72 2.005 2.521 3.488 2.472 3.024 0.572 3.612 2.894 3.051 2.201 1.989 4.124 2.669 4.585 2.496 1.02 3.598 3.908 2.422 1.001 1.508 2.575 2.25 2.878 1.68 2.656 3.409 3.152 3.121 3.416 3.713 0.543 0.891 3.94 3.569 1.711 4.605 2.636 2.527 3.418 4.234 3.122 1.514 0.921 2.462 0.888 3.838 3.244 0.888 0.332 2.98 2.427 4.137 0.901 2.586 1.579 3.262 4.004 2.13 3.53 2.261 3.027 3.641 1.985 3.685 3.741 3.5 1.075 3.958 4.824 0.978
1.545 2.965 2.698 3.787 1.037 2.812 1.925 1.907 2.748 1.36 2.457 2.195 0.0 1.252 2.006 0.418 2.566 1.251 0.298 1.823 3.494 1.667 2.251 1.934 3.223 3.003 3.151 1.627 2.57 2.787 1.981 0.37 3.499 3.072 4.079 1.643 2.099 0.728 1.353 2.11 0.539 3.464 2.766 3.315 2.512 1.338 2.55 3.077 1.028 1.206 2.027 2.05 2.247 3.953 1.681 1.752 2.912 1.015 0.93 3.38 2.25 1.652 1.582 3.317 1.378 1.991 3.581 0.467 3.056 1.238 3.282 1.014 0.734 1.274 0.482 1.651 2.398 2.891 1.472 2.029 0.84 0.366 3.213 1.913 2.033 2.07 3.415 2.867 1.329 3.211 3.137 1.574 1.595 2.453 3.16 1.581 1.931 1.714 2.193 3.752 1.364
0.442 2.265 2.246 2.866 1.038 2.162 0.696 1.184 1.52 2.014 1.205 2.451 1.252 0.0 2.306 0.906 1.429 1.7 1.163 1.309 2.299 0.934 1.185 1.172 2.01 1.931 1.946 2.322 1.462 1.568 1.073 1.137 2.309 2.136 3.213 2.077 1.163 1.281 0.693 1.103 0.798 2.218 1.675 2.243 1.436 2.05 1.353 1.846 0.237 1.759 1.432 0.859 1.235 3.109 1.012 0.503 1.664 1.325 1.69 2.186 1.273 2.006 2.273 2.067 2.013 1.268 2.412 1.199 2.092 1.648 2.083 1.237 1.598 1.728 1.702 2.35 1.407 1.661 2.129 2.455 1.241 0.999 2.005 2.622 0.835 1.43 2.268 1.717 0.379 1.974 2.32 0.577 1.481 1.614 1.908 1.805 1.05 1.48 1.533 2.604 1.482
2.148 1.981 1.426 2.97 2.877 1.808 2.533 3.457 3.548 0.761 3.049 0.191 2.006 2.306 0.0 2.216 3.641 3.25 1.731 3.509 3.48 1.672 2.294 3.455 3.344 4.169 3.252 0.731 3.698 3.618 1.93 2.335 3.461 2.482 3.095 0.382 3.469 2.709 2.89 2.13 1.814 4.049 2.633 4.467 2.447 0.838 3.486 3.817 2.266 0.81 1.46 2.481 2.19 2.949 1.587 2.536 3.337 2.969 2.931 3.384 3.574 0.355 0.729 3.866 3.379 1.649 4.506 2.449 2.531 3.232 4.137 2.94 1.323 0.732 2.271 0.737 3.702 3.181 0.71 0.247 2.796 2.244 4.041 0.796 2.49 1.533 3.244 3.891 1.998 3.475 2.295 2.88 3.465 1.961 3.615 3.557 3.352 0.988 3.802 4.723 0.824
1.266 2.875 2.687 3.624 0.68 2.736 1.6 1.496 2.36 1.656 2.104 2.398 0.418 0.906 2.216 0.0 2.156 1.083 0.531 1.43 3.197 1.516 2.009 1.521 2.913 2.587 2.847 1.946 2.157 2.394 1.79 0.243 3.206 2.896 3.941 1.882 1.681 0.539 0.936 1.888 0.444 3.085 2.521 2.898 2.271 1.651 2.152 2.688 0.67 1.458 1.944 1.749 2.027 3.822 1.552 1.408 2.567 0.76 0.896 3.084 1.832 1.864 1.898 2.945 1.307 1.863 3.172 0.337 2.868 1.052 2.88 0.724 1.061 1.497 0.806 1.972 1.98 2.567 1.774 2.279 0.594 0.094 2.814 2.243 1.728 1.974 3.146 2.457 1.074 2.88 3.007 1.163 1.265 2.302 2.804 1.35 1.514 1.733 1.791 3.34 1.476
1.492 2.921 3.162 3.074 1.815 2.899 1.146 0.988 0.482 3.436 0.851 3.761 2.566 1.429 3.641 2.156 0.0 2.386 2.552 1.278 1.894 2.015 1.672 0.929 1.598 0.531 1.601 3.741 0.104 0.442 1.89 2.322 1.927 2.479 3.462 3.462 0.629 2.259 1.279 1.752 2.204 1.134 1.842 0.828 1.756 3.475 0.257 0.704 1.589 3.177 2.426 1.276 1.797 3.41 2.108 1.105 1.082 2.11 2.612 1.818 0.5 3.376 3.693 1.078 2.732 2.204 1.016 2.327 2.394 2.327 0.755 2.019 3.02 3.135 2.939 3.769 0.432 1.274 3.548 3.819 2.147 2.23 0.714 4.039 1.253 2.383 2.062 0.301 1.654 1.4 2.808 0.994 1.779 2.277 1.118 2.247 0.782 2.702 1.085 1.188 2.84
2.139 3.899 3.757 4.564 0.675 3.772 2.335 1.425 2.755 2.607 2.695 3.437 1.251 1.7 3.25 1.083 2.386 0.0 1.519 1.174 3.901 2.525 2.885 1.48 3.594 2.641 3.546 2.862 2.339 2.759 2.747 0.918 3.919 3.833 4.906 2.893 1.765 0.549 1.206 2.799 1.527 3.491 3.365 2.912 3.133 2.578 2.496 3.058 1.499 2.456 2.989 2.528 2.934 4.797 2.577 2.114 3.152 0.376 0.426 3.794 1.914 2.895 2.819 3.394 0.349 2.879 3.332 0.802 3.791 0.059 3.136 0.463 1.978 2.519 1.176 2.884 2.04 3.222 2.716 3.28 0.5 1.03 3.1 3.135 2.5 3.01 3.92 2.66 2.007 3.497 3.995 1.561 0.686 3.283 3.33 0.376 1.604 2.815 1.53 3.443 2.55
1.383 2.689 2.405 3.533 1.21 2.532 1.791 1.996 2.683 1.129 2.345 1.918 0.298 1.163 1.731 0.531 2.552 1.519 0.0 1.953 3.319 1.424 2.047 2.015 3.06 3.019 2.984 1.415 2.568 2.729 1.753 0.605 3.321 2.826 3.815 1.379 2.142 0.978 1.418 1.897 0.369 3.376 2.56 3.333 2.306 1.121 2.506 3.009 0.966 0.945 1.753 1.892 2.031 3.686 1.428 1.642 2.786 1.248 1.222 3.205 2.286 1.376 1.368 3.221 1.669 1.733 3.557 0.718 2.815 1.5 3.239 1.23 0.532 1.0 0.732 1.441 2.433 2.744 1.246 1.771 1.073 0.53 3.164 1.712 1.879 1.8 3.219 2.849 1.157 3.068 2.872 1.579 1.791 2.2 3.045 1.83 1.984 1.42 2.306 3.74 1.067
1.69 3.511 3.548 3.957 0.804 3.428 1.661 0.294 1.71 3.053 1.809 3.673 1.823 1.309 3.509 1.43 1.278 1.174 1.953 0.0 3.022 2.236 2.3 0.353 2.71 1.471 2.683 3.353 1.213 1.695 2.315 1.475 3.047 3.261 4.332 3.221 0.653 1.243 0.63 2.281 1.725 2.412 2.684 1.738 2.499 3.059 1.443 1.979 1.263 2.829 2.733 1.868 2.391 4.247 2.317 1.46 2.214 0.997 1.491 2.926 0.781 3.176 3.304 2.343 1.503 2.555 2.169 1.422 3.196 1.119 2.003 0.929 2.486 2.84 2.036 3.38 0.888 2.341 3.172 3.617 1.107 1.46 1.98 3.654 1.837 2.724 3.113 1.525 1.688 2.562 3.511 0.809 0.511 2.838 2.335 0.976 0.535 2.773 0.384 2.272 2.695
1.949 1.814 2.33 1.406 3.231 1.909 1.604 2.737 1.414 3.68 1.222 3.508 3.494 2.299 3.48 3.197 1.894 3.901 3.319 3.022 0.0 2.005 1.303 2.682 0.313 2.177 0.356 3.926 1.995 1.468 1.661 3.433 0.041 1.172 1.768 3.502 2.406 3.562 2.701 1.472 2.967 1.128 0.853 2.275 1.074 3.755 1.652 1.326 2.536 3.439 2.027 1.45 1.362 1.767 2.052 1.814 0.82 3.546 3.971 0.114 2.335 3.379 3.887 1.009 4.241 1.865 1.895 3.498 1.085 3.844 1.61 3.451 3.571 3.337 3.969 3.95 2.314 0.686 3.757 3.72 3.501 3.291 1.532 4.16 1.47 1.952 0.312 1.839 2.168 0.498 1.529 2.35 3.452 1.523 0.816 3.89 2.489 2.538 2.938 2.093 2.931
0.57 1.374 1.313 2.122 1.91 1.251 0.876 2.081 1.879 1.694 1.377 1.769 1.667 0.934 1.672 1.516 2.015 2.525 1.424 2.236 2.005 0.0 0.706 2.06 1.797 2.546 1.71 1.962 2.085 1.951 0.348 1.752 1.999 1.405 2.427 1.579 1.978 2.026 1.627 0.534 1.136 2.391 1.181 2.831 0.936 1.763 1.836 2.145 1.057 1.444 0.499 0.809 0.647 2.307 0.093 0.929 1.691 2.155 2.409 1.896 2.049 1.469 1.919 2.211 2.799 0.354 2.837 1.853 1.392 2.481 2.466 2.08 1.579 1.351 2.144 1.988 2.155 1.563 1.782 1.879 2.031 1.601 2.37 2.224 0.819 0.499 1.852 2.244 0.557 1.878 1.491 1.456 2.405 0.79 1.971 2.691 1.906 0.695 2.425 3.055 0.961
0.755 1.265 1.502 1.69 2.218 1.229 0.642 2.073 1.392 2.396 0.866 2.36 2.251 1.185 2.294 2.009 1.672 2.885 2.047 2.3 1.303 0.706 0.0 2.034 1.093 2.174 1.004 2.656 1.763 1.471 0.374 2.252 1.298 0.969 2.05 2.255 1.857 2.453 1.785 0.173 1.713 1.767 0.516 2.42 0.262 2.467 1.441 1.596 1.399 2.148 0.863 0.441 0.128 1.956 0.761 0.842 1.051 2.51 2.859 1.192 1.874 2.137 2.615 1.583 3.197 0.65 2.315 2.335 0.915 2.832 1.941 2.422 2.27 2.052 2.732 2.682 1.939 0.887 2.48 2.52 2.423 2.102 1.841 2.908 0.471 0.799 1.173 1.83 0.936 1.188 1.215 1.497 2.6 0.605 1.325 2.969 1.847 1.31 2.38 2.54 1.654
1.495 3.273 3.358 3.662 0.993 3.203 1.392 0.059 1.357 3.067 1.477 3.608 1.934 1.172 3.455 1.521 0.929 1.48 2.015 0.353 2.682 2.06 2.034 0.0 2.37 1.171 2.348 3.373 0.87 1.343 2.093 1.617 2.708 2.981 4.042 3.195 0.301 1.452 0.599 2.035 1.737 2.061 2.386 1.459 2.216 3.084 1.09 1.628 1.191 2.829 2.549 1.595 2.134 3.963 2.147 1.21 1.869 1.247 1.754 2.588 0.438 3.137 3.324 1.991 1.82 2.356 1.853 1.587 2.911 1.422 1.664 1.165 2.539 2.824 2.213 3.401 0.561 2.005 3.186 3.585 1.324 1.57 1.637 3.677 1.564 2.532 2.785 1.187 1.535 2.216 3.249 0.605 0.85 2.598 1.983 1.318 0.196 2.651 0.366 1.972 2.631
1.681 1.822 2.292 1.584 2.925 1.891 1.314 2.425 1.124 3.488 0.91 3.388 3.223 2.01 3.344 2.913 1.598 3.594 3.06 2.71 0.313 1.797 1.093 2.37 0.0 1.913 0.092 3.746 1.7 1.183 1.464 3.147 0.338 1.203 1.963 3.336 2.096 3.264 2.392 1.266 2.703 0.96 0.727 2.037 0.899 3.56 1.352 1.075 2.248 3.241 1.885 1.174 1.173 1.942 1.853 1.518 0.517 3.241 3.671 0.22 2.029 3.216 3.706 0.809 3.935 1.702 1.704 3.208 1.109 3.536 1.387 3.145 3.34 3.145 3.694 3.771 2.013 0.374 3.572 3.579 3.2 3.007 1.3 3.993 1.191 1.812 0.483 1.565 1.904 0.244 1.574 2.04 3.14 1.422 0.571 3.578 2.177 2.379 2.631 1.914 2.745
2.022 3.402 3.673 3.463 2.151 3.392 1.675 1.222 0.833 3.945 1.32 4.291 3.003 1.931 4.169 2.587 0.531 2.641 3.019 1.471 2.177 2.546 2.174 1.171 1.913 0.0 1.937 4.252 0.473 0.758 2.412 2.727 2.214 2.919 3.85 3.985 0.923 2.61 1.665 2.265 2.684 1.189 2.284 0.314 2.23 3.981 0.734 0.855 2.071 3.689 2.95 1.795 2.301 3.811 2.639 1.635 1.425 2.418 2.925 2.121 0.766 3.901 4.203 1.216 2.974 2.727 0.709 2.716 2.83 2.585 0.661 2.334 3.506 3.652 3.34 4.281 0.621 1.645 4.06 4.345 2.486 2.653 0.696 4.552 1.774 2.905 2.395 0.361 2.178 1.684 3.264 1.44 1.979 2.774 1.362 2.436 1.097 3.233 1.16 0.802 3.366
1.607 1.741 2.204 1.54 2.876 1.807 1.251 2.402 1.133 3.399 0.876 3.296 3.151 1.946 3.252 2.847 1.601 3.546 2.984 2.683 0.356 1.71 1.004 2.348 0.092 1.937 0.0 3.656 1.704 1.196 1.374 3.082 0.373 1.128 1.923 3.245 2.079 3.207 2.347 1.177 2.628 1.026 0.636 2.073 0.807 3.471 1.35 1.11 2.183 3.153 1.793 1.102 1.082 1.896 1.765 1.459 0.521 3.19 3.615 0.248 2.017 3.125 3.616 0.868 3.885 1.611 1.759 3.145 1.034 3.489 1.432 3.095 3.257 3.056 3.623 3.681 2.008 0.343 3.482 3.487 3.145 2.94 1.343 3.902 1.121 1.72 0.463 1.585 1.828 0.304 1.499 1.998 3.105 1.331 0.617 3.539 2.153 2.287 2.617 1.972 2.655
2.303 2.615 2.098 3.602 2.625 2.438 2.73 3.362 3.742 0.308 3.289 0.886 1.627 2.322 0.731 1.946 3.741 2.862 1.415 3.353 3.926 1.962 2.656 3.373 3.746 4.252 3.656 0.0 3.781 3.804 2.283 1.993 3.913 3.043 3.763 0.459 3.45 2.355 2.778 2.483 1.638 4.332 3.074 4.562 2.856 0.295 3.631 4.041 2.21 0.564 1.922 2.733 2.574 3.618 1.897 2.673 3.646 2.641 2.491 3.822 3.577 0.586 0.05 4.155 2.926 2.062 4.686 2.095 3.077 2.855 4.332 2.635 0.895 0.621 1.759 0.028 3.718 3.525 0.193 0.573 2.466 1.943 4.243 0.304 2.734 1.997 3.726 4.019 2.105 3.839 2.911 2.857 3.205 2.46 3.925 3.205 3.308 1.399 3.689 4.891 1.003
1.553 3.016 3.249 3.177 1.785 2.992 1.223 0.928 0.582 3.475 0.951 3.822 2.57 1.462 3.698 2.157 0.104 2.339 2.568 1.213 1.995 2.085 1.763 0.87 1.7 0.473 1.704 3.781 0.0 0.537 1.972 2.314 2.028 2.58 3.566 3.512 0.574 2.235 1.261 1.838 2.226 1.208 1.943 0.781 1.853 3.511 0.361 0.783 1.611 3.217 2.505 1.36 1.888 3.512 2.178 1.167 1.185 2.074 2.579 1.92 0.433 3.428 3.732 1.162 2.683 2.284 1.026 2.314 2.495 2.281 0.796 1.985 3.045 3.179 2.931 3.81 0.345 1.377 3.589 3.872 2.119 2.228 0.767 4.08 1.337 2.463 2.165 0.322 1.706 1.5 2.907 0.996 1.719 2.368 1.214 2.187 0.737 2.769 1.0 1.184 2.893
1.502 2.663 2.971 2.709 2.15 2.665 1.088 1.402 0.079 3.506 0.606 3.72 2.787 1.568 3.618 2.394 0.442 2.759 2.729 1.695 1.468 1.951 1.471 1.343 1.183 0.758 1.196 3.804 0.537 0.0 1.756 2.585 1.502 2.164 3.097 3.483 1.043 2.573 1.595 1.586 2.366 0.732 1.531 0.959 1.494 3.555 0.263 0.302 1.768 3.244 2.297 1.149 1.599 3.055 2.04 1.135 0.677 2.457 2.948 1.399 0.931 3.386 3.757 0.648 3.107 2.073 0.889 2.607 2.074 2.7 0.528 2.363 3.156 3.186 3.196 3.832 0.874 0.89 3.613 3.815 2.473 2.477 0.441 4.093 1.135 2.243 1.658 0.397 1.702 0.971 2.512 1.264 2.184 2.057 0.678 2.649 1.175 2.646 1.526 1.105 2.852
0.637 1.2 1.289 1.835 2.103 1.113 0.757 2.123 1.679 2.025 1.156 2.005 1.981 1.073 1.93 1.79 1.89 2.747 1.753 2.315 1.661 0.348 0.374 2.093 1.464 2.412 1.374 2.283 1.972 1.756 0.0 2.032 1.653 1.105 2.162 1.881 1.963 2.275 1.742 0.202 1.444 2.12 0.832 2.679 0.589 2.098 1.682 1.915 1.249 1.78 0.542 0.617 0.3 2.05 0.391 0.89 1.407 2.372 2.671 1.553 2.008 1.765 2.242 1.937 3.04 0.317 2.626 2.125 1.08 2.699 2.251 2.29 1.928 1.682 2.462 2.308 2.095 1.256 2.108 2.152 2.264 1.88 2.152 2.535 0.638 0.493 1.503 2.086 0.74 1.561 1.25 1.509 2.549 0.541 1.685 2.876 1.92 0.943 2.453 2.849 1.281
1.507 3.104 2.897 3.864 0.677 2.962 1.833 1.584 2.555 1.719 2.324 2.521 0.37 1.137 2.335 0.243 2.322 0.918 0.605 1.475 3.433 1.752 2.252 1.617 3.147 2.727 3.082 1.993 2.314 2.585 2.032 0.0 3.442 3.137 4.179 1.983 1.809 0.374 1.062 2.131 0.647 3.288 2.764 3.034 2.514 1.702 2.337 2.883 0.9 1.549 2.17 1.986 2.27 4.059 1.785 1.636 2.789 0.649 0.672 3.32 1.963 1.98 1.947 3.153 1.102 2.097 3.337 0.118 3.11 0.897 3.058 0.644 1.098 1.605 0.617 2.017 2.111 2.797 1.833 2.375 0.473 0.152 2.997 2.281 1.965 2.203 3.387 2.623 1.317 3.107 3.243 1.332 1.226 2.54 3.021 1.226 1.637 1.93 1.851 3.496 1.637
1.954 1.782 2.302 1.366 3.248 1.88 1.615 2.763 1.448 3.669 1.244 3.488 3.499 2.309 3.461 3.206 1.927 3.919 3.321 3.047 0.041 1.999 1.298 2.708 0.338 2.214 0.373 3.913 2.028 1.502 1.653 3.442 0.0 1.14 1.727 3.488 2.434 3.575 2.72 1.467 2.971 1.168 0.839 2.314 1.065 3.745 1.683 1.363 2.546 3.43 2.01 1.457 1.354 1.727 2.044 1.827 0.85 3.562 3.984 0.125 2.364 3.364 3.875 1.049 4.257 1.851 1.936 3.508 1.053 3.861 1.65 3.467 3.568 3.327 3.974 3.937 2.345 0.708 3.746 3.702 3.515 3.299 1.571 4.146 1.478 1.935 0.275 1.875 2.171 0.533 1.495 2.37 3.475 1.503 0.853 3.91 2.515 2.524 2.967 2.133 2.92
1.695 0.643 1.187 0.732 3.175 0.754 1.6 3.023 2.087 2.848 1.629 2.472 3.072 2.136 2.482 2.896 2.479 3.833 2.826 3.261 1.172 1.405 0.969 2.981 1.203 2.919 1.128 3.043 2.58 2.164 1.105 3.137 1.14 0.0 1.081 2.59 2.778 3.376 2.754 1.034 2.539 2.152 0.637 3.11 0.765 2.933 2.225 2.17 2.335 2.643 1.153 1.393 0.902 0.988 1.398 1.808 1.536 3.458 3.774 1.117 2.772 2.462 3.012 1.987 4.136 1.102 2.862 3.231 0.095 3.783 2.514 3.372 2.915 2.523 3.549 3.063 2.813 1.307 2.9 2.729 3.359 2.985 2.417 3.232 1.424 1.085 0.871 2.559 1.838 1.431 0.371 2.463 3.57 0.632 1.723 3.934 2.789 1.663 3.315 3.081 2.119
2.771 1.167 1.67 0.389 4.252 1.343 2.675 4.087 3.026 3.629 2.631 3.024 4.079 3.213 3.095 3.941 3.462 4.906 3.815 4.332 1.768 2.427 2.05 4.042 1.963 3.85 1.923 3.763 3.566 3.097 2.162 4.179 1.727 1.081 0.0 3.306 3.824 4.436 3.834 2.111 3.56 2.893 1.658 3.996 1.833 3.719 3.205 3.033 3.406 3.468 2.067 2.467 1.981 0.145 2.402 2.886 2.425 4.53 4.829 1.782 3.804 3.182 3.742 2.762 5.202 2.09 3.657 4.278 1.138 4.856 3.35 4.446 3.822 3.34 4.546 3.778 3.83 2.206 3.655 3.333 4.426 4.027 3.263 3.889 2.498 2.016 1.487 3.493 2.902 2.206 0.943 3.54 4.65 1.639 2.533 5.014 3.848 2.504 4.367 3.859 2.967
1.986 2.157 1.645 3.144 2.554 1.98 2.397 3.191 3.417 0.389 2.94 0.572 1.643 2.077 0.382 1.882 3.462 2.893 1.379 3.221 3.502 1.579 2.255 3.195 3.336 3.985 3.245 0.459 3.512 3.483 1.881 1.983 3.488 2.59 3.306 0.0 3.235 2.357 2.614 2.083 1.502 3.969 2.649 4.289 2.44 0.472 3.329 3.703 2.006 0.438 1.484 2.375 2.164 3.162 1.505 2.368 3.27 2.625 2.563 3.401 3.35 0.128 0.436 3.79 3.01 1.639 4.371 2.095 2.627 2.877 4.009 2.602 0.945 0.385 1.891 0.476 3.484 3.135 0.364 0.399 2.45 1.901 3.916 0.658 2.38 1.559 3.292 3.727 1.808 3.443 2.452 2.64 3.142 2.017 3.55 3.209 3.107 0.964 3.531 4.583 0.631
1.409 3.115 3.247 3.44 1.232 3.058 1.225 0.36 1.059 3.142 1.221 3.612 2.099 1.163 3.469 1.681 0.629 1.765 2.142 0.653 2.406 1.978 1.857 0.301 2.096 0.923 2.079 3.45 0.574 1.043 1.963 1.809 2.434 2.778 3.824 3.235 0.0 1.689 0.748 1.88 1.832 1.76 2.166 1.227 2.015 3.167 0.792 1.326 1.24 2.894 2.452 1.416 1.966 3.752 2.069 1.074 1.589 1.51 2.016 2.316 0.157 3.167 3.4 1.69 2.109 2.246 1.579 1.794 2.703 1.707 1.371 1.422 2.651 2.876 2.419 3.478 0.303 1.737 3.26 3.616 1.567 1.742 1.34 3.753 1.387 2.426 2.524 0.895 1.493 1.932 3.065 0.595 1.15 2.442 1.69 1.618 0.174 2.611 0.545 1.712 2.645
1.698 3.395 3.225 4.107 0.46 3.261 1.962 1.409 2.554 2.087 2.398 2.894 0.728 1.281 2.709 0.539 2.259 0.549 0.978 1.243 3.562 2.026 2.453 1.452 3.264 2.61 3.207 2.355 2.235 2.573 2.275 0.374 3.575 3.376 4.436 2.357 1.689 0.0 0.983 2.35 0.983 3.296 2.953 2.907 2.71 2.066 2.315 2.875 1.055 1.921 2.472 2.138 2.487 4.321 2.07 1.749 2.864 0.296 0.41 3.451 1.846 2.354 2.31 3.177 0.775 2.378 3.259 0.262 3.341 0.524 3.012 0.325 1.462 1.979 0.8 2.379 1.988 2.901 2.2 2.747 0.138 0.481 2.96 2.638 2.113 2.498 3.546 2.554 1.538 3.198 3.511 1.312 0.907 2.801 3.074 0.854 1.515 2.272 1.628 3.4 2.001
1.105 2.941 2.939 3.472 0.558 2.846 1.177 0.585 1.58 2.472 1.49 3.051 1.353 0.693 2.89 0.936 1.279 1.206 1.418 0.63 2.701 1.627 1.785 0.599 2.392 1.665 2.347 2.778 1.261 1.595 1.742 1.062 2.72 2.754 3.834 2.614 0.748 0.983 0.0 1.738 1.14 2.322 2.224 1.972 2.011 2.487 1.334 1.897 0.634 2.238 2.125 1.381 1.859 3.739 1.704 0.957 1.946 0.872 1.354 2.595 0.902 2.563 2.728 2.211 1.551 1.958 2.287 1.054 2.698 1.148 2.03 0.776 1.94 2.239 1.676 2.805 1.05 2.019 2.592 3.008 0.878 0.994 1.978 3.081 1.351 2.122 2.737 1.576 1.072 2.291 2.972 0.355 0.816 2.278 2.13 1.204 0.579 2.144 0.917 2.439 2.072
0.661 1.239 1.41 1.765 2.141 1.179 0.655 2.071 1.509 2.223 0.982 2.201 2.11 1.103 2.13 1.888 1.752 2.799 1.897 2.281 1.472 0.534 0.173 2.035 1.266 2.265 1.177 2.483 1.838 1.586 0.202 2.131 1.467 1.034 2.111 2.083 1.88 2.35 1.738 0.0 1.571 1.923 0.664 2.523 0.411 2.294 1.532 1.731 1.303 1.975 0.717 0.48 0.139 2.009 0.588 0.826 1.208 2.424 2.752 1.362 1.911 1.967 2.442 1.739 3.104 0.497 2.447 2.218 0.993 2.749 2.071 2.338 2.104 1.879 2.592 2.509 1.988 1.054 2.307 2.353 2.327 1.98 1.972 2.736 0.506 0.659 1.331 1.93 0.816 1.359 1.235 1.473 2.552 0.563 1.485 2.903 1.855 1.144 2.39 2.67 1.481
1.023 2.466 2.251 3.259 1.066 2.32 1.424 1.725 2.318 1.333 1.976 1.989 0.539 0.798 1.814 0.444 2.204 1.527 0.369 1.725 2.967 1.136 1.713 1.737 2.703 2.684 2.628 1.638 2.226 2.366 1.444 0.647 2.971 2.539 3.56 1.502 1.832 0.983 1.14 1.571 0.0 3.008 2.228 2.998 1.974 1.347 2.148 2.643 0.615 1.104 1.529 1.531 1.708 3.436 1.158 1.273 2.419 1.196 1.319 2.854 1.968 1.469 1.588 2.852 1.744 1.47 3.203 0.76 2.52 1.495 2.879 1.151 0.822 1.118 1.021 1.665 2.113 2.381 1.452 1.9 1.035 0.507 2.803 1.941 1.517 1.565 2.88 2.499 0.8 2.704 2.619 1.251 1.652 1.926 2.677 1.784 1.681 1.29 2.053 3.389 1.043
2.056 2.75 3.171 2.525 2.879 2.798 1.621 2.12 0.743 4.046 1.052 4.124 3.464 2.218 4.049 3.085 1.134 3.491 3.376 2.412 1.128 2.391 1.767 2.061 0.96 1.189 1.026 4.332 1.208 0.732 2.12 3.288 1.168 2.152 2.893 3.969 1.76 3.296 2.322 1.923 3.008 0.0 1.597 1.202 1.677 4.104 0.995 0.435 2.436 3.786 2.629 1.599 1.883 2.885 2.47 1.737 0.716 3.188 3.676 1.113 1.634 3.86 4.287 0.184 3.839 2.416 0.769 3.317 2.057 3.432 0.538 3.093 3.764 3.711 3.891 4.359 1.552 0.907 4.145 4.266 3.199 3.171 0.494 4.606 1.598 2.563 1.411 0.932 2.276 0.722 2.523 1.985 2.908 2.258 0.451 3.375 1.901 3.06 2.205 0.965 3.344
1.259 1.162 1.58 1.276 2.693 1.201 1.047 2.432 1.453 2.833 0.993 2.669 2.766 1.675 2.633 2.521 1.842 3.365 2.56 2.684 0.853 1.181 0.516 2.386 0.727 2.284 0.636 3.074 1.943 1.531 0.832 2.764 0.839 0.637 1.658 2.649 2.166 2.953 2.224 0.664 2.228 1.597 0.0 2.483 0.254 2.909 1.588 1.557 1.898 2.596 1.176 0.844 0.535 1.587 1.217 1.268 0.929 2.993 3.361 0.753 2.15 2.526 3.036 1.421 3.686 1.012 2.265 2.844 0.551 3.311 1.906 2.902 2.76 2.491 3.248 3.098 2.185 0.704 2.908 2.871 2.915 2.614 1.808 3.307 0.873 1.101 0.671 1.924 1.45 0.906 0.982 1.907 3.032 0.696 1.15 3.424 2.192 1.685 2.709 2.488 2.083
2.319 3.622 3.922 3.613 2.447 3.623 1.956 1.506 1.038 4.256 1.555 4.585 3.315 2.243 4.467 2.898 0.828 2.912 3.333 1.738 2.275 2.831 2.42 1.459 2.037 0.314 2.073 4.562 0.781 0.959 2.679 3.034 2.314 3.11 3.996 4.289 1.227 2.907 1.972 2.523 2.998 1.202 2.483 0.0 2.453 4.292 0.998 0.963 2.385 3.998 3.22 2.062 2.548 3.967 2.923 1.931 1.584 2.705 3.211 2.233 1.071 4.204 4.513 1.274 3.239 2.996 0.544 3.02 3.019 2.857 0.671 2.624 3.819 3.959 3.646 4.591 0.924 1.812 4.37 4.646 2.78 2.963 0.744 4.861 2.043 3.171 2.519 0.593 2.481 1.797 3.464 1.754 2.239 3.013 1.468 2.686 1.4 3.522 1.401 0.557 3.668
1.013 1.171 1.506 1.463 2.463 1.172 0.842 2.259 1.415 2.606 0.911 2.496 2.512 1.436 2.447 2.271 1.756 3.133 2.306 2.499 1.074 0.936 0.262 2.216 0.899 2.23 0.807 2.856 1.853 1.494 0.589 2.514 1.065 0.765 1.833 2.44 2.015 2.71 2.011 0.411 1.974 1.677 0.254 2.453 0.0 2.681 1.51 1.57 1.655 2.365 0.989 0.634 0.289 1.749 0.978 1.057 0.971 2.759 3.117 0.968 2.015 2.319 2.816 1.495 3.449 0.803 2.291 2.596 0.697 3.08 1.921 2.67 2.513 2.263 2.994 2.881 2.064 0.771 2.685 2.68 2.677 2.364 1.821 3.097 0.665 0.917 0.919 1.875 1.198 1.035 1.059 1.707 2.824 0.585 1.226 3.205 2.024 1.48 2.551 2.516 1.858
2.059 2.557 2.078 3.531 2.33 2.379 2.491 3.072 3.495 0.091 3.055 1.02 1.338 2.05 0.838 1.651 3.475 2.578 1.121 3.059 3.755 1.763 2.467 3.084 3.56 3.981 3.471 0.295 3.511 3.555 2.098 1.702 3.745 2.933 3.719 0.472 3.167 2.066 2.487 2.294 1.347 4.104 2.909 4.292 2.681 0.0 3.373 3.8 1.928 0.32 1.789 2.508 2.395 3.576 1.707 2.42 3.429 2.35 2.216 3.648 3.296 0.569 0.247 3.93 2.655 1.904 4.432 1.805 2.959 2.57 4.082 2.342 0.604 0.419 1.498 0.321 3.438 3.32 0.144 0.757 2.175 1.649 3.995 0.596 2.508 1.862 3.571 3.756 1.853 3.639 2.835 2.576 2.911 2.329 3.708 2.917 3.022 1.27 3.397 4.634 0.829
1.344 2.678 2.939 2.817 1.888 2.663 0.961 1.149 0.267 3.328 0.6 3.598 2.55 1.353 3.486 2.152 0.257 2.496 2.506 1.443 1.652 1.836 1.441 1.09 1.352 0.734 1.35 3.631 0.361 0.263 1.682 2.337 1.683 2.225 3.205 3.329 0.792 2.315 1.334 1.532 2.148 0.995 1.588 0.998 1.51 3.373 0.0 0.564 1.541 3.068 2.222 1.065 1.567 3.153 1.928 0.961 0.834 2.195 2.687 1.572 0.694 3.237 3.583 0.905 2.845 1.998 1.061 2.355 2.139 2.437 0.733 2.101 2.95 3.017 2.95 3.659 0.662 1.019 3.438 3.674 2.213 2.232 0.663 3.924 1.045 2.175 1.81 0.408 1.527 1.163 2.557 1.01 1.926 2.043 0.9 2.39 0.917 2.53 1.297 1.261 2.701
1.74 2.716 3.073 2.65 2.452 2.737 1.312 1.687 0.329 3.747 0.768 3.908 3.077 1.846 3.817 2.688 0.704 3.058 3.009 1.979 1.326 2.145 1.596 1.628 1.075 0.855 1.11 4.041 0.783 0.302 1.915 2.883 1.363 2.17 3.033 3.703 1.326 2.875 1.897 1.731 2.643 0.435 1.557 0.963 1.57 3.8 0.564 0.0 2.053 3.485 2.448 1.336 1.722 3.005 2.23 1.39 0.633 2.759 3.25 1.275 1.204 3.601 3.995 0.383 3.406 2.227 0.722 2.906 2.077 2.999 0.351 2.665 3.422 3.421 3.492 4.069 1.128 0.863 3.851 4.022 2.775 2.772 0.251 4.325 1.327 2.39 1.558 0.538 1.95 0.838 2.532 1.566 2.474 2.151 0.511 2.941 1.467 2.834 1.783 0.947 3.073
0.645 2.421 2.352 3.067 0.857 2.306 0.933 1.191 1.726 1.902 1.436 2.422 1.028 0.237 2.266 0.67 1.589 1.499 0.966 1.263 2.536 1.057 1.399 1.191 2.248 2.071 2.183 2.21 1.611 1.768 1.249 0.9 2.546 2.335 3.406 2.006 1.24 1.055 0.634 1.303 0.615 2.436 1.898 2.385 1.655 1.928 1.541 2.053 0.0 1.654 1.547 1.093 1.439 3.298 1.124 0.738 1.898 1.124 1.463 2.423 1.369 1.947 2.16 2.29 1.802 1.407 2.591 0.963 2.295 1.45 2.274 1.041 1.435 1.64 1.469 2.238 1.511 1.898 2.019 2.394 1.025 0.762 2.2 2.513 1.07 1.555 2.5 1.885 0.513 2.21 2.498 0.648 1.355 1.788 2.138 1.636 1.103 1.516 1.536 2.775 1.444
1.745 2.301 1.856 3.262 2.136 2.125 2.175 2.821 3.183 0.262 2.738 1.001 1.206 1.759 0.81 1.458 3.177 2.456 0.945 2.829 3.439 1.444 2.148 2.829 3.241 3.689 3.153 0.564 3.217 3.244 1.78 1.549 3.43 2.643 3.468 0.438 2.894 1.921 2.238 1.975 1.104 3.786 2.596 3.998 2.365 0.32 3.068 3.485 1.654 0.0 1.492 2.189 2.078 3.326 1.389 2.111 3.109 2.193 2.125 3.332 3.019 0.464 0.515 3.611 2.572 1.596 4.124 1.66 2.665 2.44 3.772 2.174 0.515 0.129 1.464 0.592 3.158 3.0 0.371 0.826 2.018 1.472 3.684 0.863 2.189 1.563 3.26 3.455 1.543 3.318 2.565 2.3 2.723 2.031 3.388 2.775 2.756 0.983 3.154 4.329 0.525
1.054 0.939 0.814 1.809 2.392 0.792 1.283 2.573 2.22 1.706 1.695 1.508 2.027 1.432 1.46 1.944 2.426 2.989 1.753 2.733 2.027 0.499 0.863 2.549 1.885 2.95 1.793 1.922 2.505 2.297 0.542 2.17 2.01 1.153 2.067 1.484 2.452 2.472 2.125 0.717 1.529 2.629 1.176 3.22 0.989 1.789 2.222 2.448 1.547 1.492 0.0 1.158 0.747 1.935 0.424 1.383 1.913 2.623 2.839 1.929 2.511 1.358 1.887 2.445 3.247 0.224 3.163 2.278 1.173 2.947 2.788 2.553 1.773 1.374 2.486 1.945 2.608 1.739 1.767 1.696 2.49 2.023 2.689 2.14 1.177 0.075 1.808 2.626 1.054 2.022 1.127 1.948 2.899 0.541 2.185 3.172 2.39 0.524 2.914 3.387 0.967
0.509 1.701 1.889 2.097 1.854 1.653 0.208 1.635 1.075 2.448 0.568 2.575 2.05 0.859 2.481 1.749 1.276 2.528 1.892 1.868 1.45 0.809 0.441 1.595 1.174 1.795 1.102 2.733 1.36 1.149 0.617 1.986 1.457 1.393 2.467 2.375 1.416 2.138 1.381 0.48 1.531 1.599 0.844 2.062 0.634 2.508 1.065 1.336 1.093 2.189 1.158 0.0 0.551 2.38 0.895 0.425 0.925 2.158 2.547 1.336 1.437 2.27 2.688 1.423 2.854 0.934 2.031 2.055 1.329 2.473 1.659 2.066 2.208 2.113 2.521 2.76 1.509 0.853 2.546 2.687 2.09 1.843 1.562 3.008 0.031 1.111 1.409 1.469 0.736 1.179 1.655 1.073 2.192 1.031 1.201 2.58 1.407 1.5 1.939 2.251 1.747
0.795 1.15 1.374 1.631 2.273 1.107 0.744 2.172 1.521 2.321 0.995 2.25 2.247 1.235 2.19 2.027 1.797 2.934 2.031 2.391 1.362 0.647 0.128 2.134 1.173 2.301 1.082 2.574 1.888 1.599 0.3 2.27 1.354 0.902 1.981 2.164 1.966 2.487 1.859 0.139 1.708 1.883 0.535 2.548 0.289 2.395 1.567 1.722 1.439 2.078 0.747 0.551 0.0 1.882 0.69 0.931 1.167 2.558 2.89 1.254 1.988 2.045 2.534 1.699 3.24 0.541 2.442 2.357 0.857 2.883 2.067 2.472 2.225 1.977 2.729 2.599 2.057 0.994 2.401 2.419 2.464 2.119 1.967 2.82 0.58 0.68 1.206 1.958 0.954 1.286 1.12 1.584 2.675 0.483 1.438 3.032 1.95 1.211 2.484 2.667 1.574
2.667 1.027 1.524 0.361 4.146 1.202 2.587 4.007 2.983 3.486 2.571 2.878 3.953 3.109 2.949 3.822 3.41 4.797 3.686 4.247 1.767 2.307 1.956 3.963 1.942 3.811 1.896 3.618 3.512 3.055 2.05 4.059 1.727 0.988 0.145 3.162 3.752 4.321 3.739 2.009 3.436 2.885 1.587 3.967 1.749 3.576 3.153 3.005 3.298 3.326 1.935 2.38 1.882 0.0 2.278 2.796 2.388 4.422 4.712 1.772 3.737 3.038 3.598 2.747 5.09 1.965 3.643 4.159 1.053 4.748 3.328 4.339 3.684 3.198 4.418 3.633 3.768 2.166 3.511 3.188 4.314 3.908 3.239 3.744 2.411 1.885 1.475 3.452 2.791 2.187 0.817 3.451 4.555 1.521 2.511 4.912 3.771 2.365 4.293 3.849 2.828
0.66 1.325 1.235 2.107 1.971 1.195 0.967 2.168 1.967 1.635 1.462 1.68 1.681 1.012 1.587 1.552 2.108 2.577 1.428 2.317 2.052 0.093 0.761 2.147 1.853 2.639 1.765 1.897 2.178 2.04 0.391 1.785 2.044 1.398 2.402 1.505 2.069 2.07 1.704 0.588 1.158 2.47 1.217 2.923 0.978 1.707 1.928 2.23 1.124 1.389 0.424 0.895 0.69 2.278 0.0 1.022 1.766 2.209 2.447 1.944 2.141 1.393 1.855 2.289 2.844 0.313 2.925 1.889 1.391 2.534 2.553 2.136 1.552 1.291 2.154 1.922 2.247 1.631 1.719 1.797 2.08 1.635 2.457 2.154 0.906 0.434 1.887 2.335 0.633 1.943 1.461 1.542 2.475 0.773 2.046 2.752 1.995 0.606 2.512 3.144 0.894
0.387 2.064 2.173 2.519 1.439 1.995 0.222 1.245 1.076 2.373 0.706 2.656 1.752 0.503 2.536 1.408 1.105 2.114 1.642 1.46 1.814 0.929 0.842 1.21 1.518 1.635 1.459 2.673 1.167 1.135 0.89 1.636 1.827 1.808 2.886 2.368 1.074 1.749 0.957 0.826 1.273 1.737 1.268 1.931 1.057 2.42 0.961 1.39 0.738 2.111 1.383 0.425 0.931 2.796 1.022 0.0 1.161 1.748 2.157 1.703 1.128 2.277 2.625 1.579 2.444 1.174 2.013 1.692 1.748 2.058 1.662 1.654 2.033 2.057 2.205 2.701 1.228 1.162 2.481 2.717 1.691 1.5 1.575 2.964 0.395 1.354 1.808 1.36 0.568 1.472 2.051 0.655 1.768 1.388 1.409 2.157 1.033 1.603 1.567 2.22 1.741
1.417 2.09 2.475 2.039 2.494 2.12 0.996 1.926 0.612 3.366 0.467 3.409 2.912 1.664 3.337 2.567 1.082 3.152 2.786 2.214 0.82 1.691 1.051 1.869 0.517 1.425 0.521 3.646 1.185 0.677 1.407 2.789 0.85 1.536 2.425 3.27 1.589 2.864 1.946 1.208 2.419 0.716 0.929 1.584 0.971 3.429 0.834 0.633 1.898 3.109 1.913 0.925 1.167 2.388 1.766 1.161 0.0 2.811 3.265 0.737 1.515 3.158 3.601 0.532 3.497 1.701 1.337 2.838 1.443 3.093 0.979 2.715 3.13 3.028 3.366 3.672 1.496 0.23 3.461 3.557 2.787 2.658 0.882 3.914 0.93 1.847 0.983 1.069 1.645 0.349 1.899 1.591 2.661 1.555 0.28 3.109 1.679 2.349 2.118 1.56 2.65
1.763 3.528 3.4 4.189 0.317 3.404 1.968 1.199 2.447 2.368 2.35 3.152 1.015 1.325 2.969 0.76 2.11 0.376 1.248 0.997 3.546 2.155 2.51 1.247 3.241 2.418 3.19 2.641 2.074 2.457 2.372 0.649 3.562 3.458 4.53 2.625 1.51 0.296 0.872 2.424 1.196 3.188 2.993 2.705 2.759 2.35 2.195 2.759 1.124 2.193 2.623 2.158 2.558 4.422 2.209 1.748 2.811 0.0 0.507 3.437 1.665 2.616 2.596 3.081 0.697 2.508 3.088 0.548 3.415 0.327 2.865 0.096 1.747 2.243 1.083 2.666 1.801 2.871 2.482 3.019 0.176 0.726 2.822 2.927 2.131 2.642 3.556 2.396 1.632 3.153 3.62 1.224 0.617 2.909 3.002 0.59 1.339 2.472 1.379 3.217 2.235
2.105 3.77 3.569 4.505 0.799 3.631 2.371 1.705 2.933 2.252 2.799 3.121 0.93 1.69 2.931 0.896 2.612 0.426 1.222 1.491 3.971 2.409 2.859 1.754 3.671 2.925 3.615 2.491 2.579 2.948 2.671 0.672 3.984 3.774 4.829 2.563 2.016 0.41 1.354 2.752 1.319 3.676 3.361 3.211 3.117 2.216 2.687 3.25 1.463 2.125 2.839 2.547 2.89 4.712 2.447 2.157 3.265 0.507 0.0 3.86 2.171 2.578 2.45 3.563 0.448 2.758 3.595 0.561 3.742 0.449 3.367 0.594 1.627 2.201 0.764 2.512 2.308 3.307 2.357 2.939 0.479 0.816 3.321 2.755 2.523 2.87 3.956 2.9 1.938 3.601 3.899 1.696 1.053 3.191 3.469 0.801 1.845 2.599 1.868 3.724 2.285
1.835 1.755 2.258 1.412 3.123 1.843 1.492 2.643 1.341 3.574 1.122 3.416 3.38 2.186 3.384 3.084 1.818 3.794 3.205 2.926 0.114 1.896 1.192 2.588 0.22 2.121 0.248 3.822 1.92 1.399 1.553 3.32 0.125 1.117 1.782 3.401 2.316 3.451 2.595 1.362 2.854 1.113 0.753 2.233 0.968 3.648 1.572 1.275 2.423 3.332 1.929 1.336 1.254 1.772 1.944 1.703 0.737 3.437 3.86 0.0 2.249 3.278 3.783 0.98 4.133 1.762 1.874 3.386 1.027 3.737 1.574 3.342 3.46 3.231 3.855 3.846 2.233 0.586 3.652 3.623 3.391 3.178 1.492 4.059 1.356 1.854 0.297 1.777 2.054 0.438 1.482 2.246 3.351 1.433 0.765 3.786 2.395 2.437 2.851 2.078 2.825
1.483 3.138 3.297 3.418 1.389 3.089 1.257 0.496 0.957 3.269 1.18 3.713 2.25 1.273 3.574 1.832 0.5 1.914 2.286 0.781 2.335 2.049 1.874 0.438 2.029 0.766 2.017 3.577 0.433 0.931 2.008 1.963 2.364 2.772 3.804 3.35 0.157 1.846 0.902 1.911 1.968 1.634 2.15 1.071 2.015 3.296 0.694 1.204 1.369 3.019 2.511 1.437 1.988 3.737 2.141 1.128 1.515 1.665 2.171 2.249 0.0 3.279 3.528 1.575 2.256 2.301 1.424 1.95 2.694 1.857 1.226 1.578 2.789 2.997 2.575 3.606 0.148 1.677 3.386 3.728 1.724 1.894 1.2 3.88 1.409 2.482 2.47 0.749 1.586 1.852 3.071 0.721 1.287 2.468 1.594 1.754 0.331 2.698 0.604 1.555 2.753
1.893 2.031 1.524 3.017 2.529 1.853 2.298 3.136 3.318 0.481 2.836 0.543 1.652 2.006 0.355 1.864 3.376 2.895 1.376 3.176 3.379 1.469 2.137 3.137 3.216 3.901 3.125 0.586 3.428 3.386 1.765 1.98 3.364 2.462 3.182 0.128 3.167 2.354 2.563 1.967 1.469 3.86 2.526 4.204 2.319 0.569 3.237 3.601 1.947 0.464 1.358 2.27 2.045 3.038 1.393 2.277 3.158 2.616 2.578 3.278 3.279 0.0 0.561 3.68 3.026 1.516 4.274 2.095 2.499 2.877 3.91 2.588 0.979 0.378 1.928 0.604 3.411 3.02 0.478 0.449 2.442 1.89 3.817 0.782 2.275 1.433 3.166 3.637 1.723 3.326 2.325 2.574 3.118 1.891 3.438 3.203 3.043 0.841 3.479 4.487 0.536
