Number of customers: 50
Vehicle capacity     50
Alpha:               0.75
Number of scenarios: 10

Location coordinates:
0 0.0 0.0
1 -0.99006 0.98573
2 -1.46619 -0.83941
3 1.77485 1.44865
4 -0.42549 0.10315
5 1.82677 0.02932
6 -1.99465 -1.88764
7 -1.74634 -0.27384
8 -1.63829 1.40171
9 1.28521 0.6038
10 1.96398 1.20909
11 1.45758 -0.17613
12 -0.98182 1.95181
13 0.1824 1.76471
14 -0.19833 -0.51871
15 1.48043 -0.83647
16 -0.22429 1.89839
17 -0.25099 -0.55405
18 1.64351 1.51607
19 -0.04944 -0.83914
20 -1.91264 1.3841
21 -1.75866 -1.19275
22 -1.63572 0.03961
23 1.86637 0.84807
24 0.96184 1.20988
25 -1.52742 -0.64011
26 1.97174 -1.78211
27 0.50895 -0.74277
28 -1.92416 1.49448
29 -1.10399 1.56549
30 -1.57774 0.54249
31 -1.87312 1.98426
32 -1.78201 1.31729
33 -1.87818 -1.94197
34 1.04483 0.854
35 -0.65612 0.61895
36 -0.25374 0.81365
37 1.90087 -1.47054
38 -1.83802 1.57151
39 1.82476 -0.69674
40 -1.30228 0.12327
41 1.70363 -0.5223
42 -0.97018 0.29974
43 -1.15425 0.47854
44 -0.03213 -1.43975
45 -0.80735 -0.8541
46 0.62498 0.13598
47 -0.96812 -1.50103
48 -1.53201 -0.07715
49 0.20389 1.66836
50 1.14816 -1.66068

Demand per scenario:
1 4 5 3 4 4 4 1 5 3 4
2 4 8 7 6 6 6 7 7 7 7
3 5 7 6 6 6 7 6 8 7 5
4 4 3 6 2 6 5 5 7 5 4
5 3 4 3 5 5 2 3 3 3 5
6 4 3 5 4 5 3 4 4 4 3
7 3 2 2 3 3 2 3 3 5 2
8 6 4 5 5 6 6 3 4 5 4
9 3 3 3 4 4 4 1 1 2 2
10 4 5 6 2 5 5 5 5 4 6
11 6 4 8 5 5 7 6 4 5 5
12 2 4 3 2 3 6 2 2 3 4
13 5 6 5 5 5 7 8 3 6 5
14 6 4 6 4 6 4 4 6 3 4
15 6 5 5 5 6 5 5 8 6 6
16 7 7 7 7 5 6 6 7 6 6
17 8 7 7 3 5 7 8 7 6 7
18 4 5 6 5 4 4 4 6 4 5
19 8 6 7 7 6 5 7 5 7 4
20 5 7 4 6 5 4 5 3 6 6
21 6 4 5 4 5 6 7 5 6 8
22 4 5 6 4 4 3 5 7 3 5
23 4 4 4 4 4 4 3 5 3 6
24 4 4 5 5 5 5 4 4 5 6
25 6 5 3 4 5 6 6 5 5 5
26 7 5 5 5 3 2 6 4 6 6
27 5 5 4 3 6 6 7 5 3 6
28 3 3 4 3 3 5 4 3 4 5
29 5 2 3 5 5 4 6 6 2 5
30 4 4 5 4 4 2 7 5 4 3
31 7 2 4 7 7 6 5 6 6 7
32 4 4 3 5 4 6 2 5 5 4
33 5 4 5 6 3 5 5 4 5 5
34 1 2 4 1 5 3 2 3 5 2
35 2 2 4 6 3 2 3 7 3 2
36 6 5 2 5 7 4 5 5 6 6
37 7 5 4 9 6 7 5 4 6 6
38 4 4 5 6 6 2 5 6 6 4
39 4 5 5 6 5 7 4 6 7 5
40 5 4 4 5 3 4 4 2 6 4
41 5 6 5 7 5 5 5 5 6 5
42 4 4 6 6 4 5 3 5 5 6
43 4 4 2 6 5 2 6 4 3 3
44 5 5 5 7 5 5 6 6 4 8
45 3 5 4 4 5 4 2 5 4 6
46 4 2 6 2 6 3 6 6 4 5
47 6 6 7 7 5 8 4 7 5 4
48 6 5 5 6 6 6 4 5 5 3
49 7 7 3 4 5 5 5 5 5 6
50 5 2 4 4 3 3 5 4 4 4

Probability of each scenario occurring:
0.1 0.1 0.1 0.1 0.1 0.1 0.1 0.1 0.1 0.1

Travel costs:
0.0 1.397 1.689 2.291 0.438 1.827 2.746 1.768 2.156 1.42 2.306 1.468 2.185 1.774 0.555 1.7 1.912 0.608 2.236 0.841 2.361 2.125 1.636 2.05 1.546 1.656 2.658 0.9 2.436 1.916 1.668 2.729 2.216 2.702 1.349 0.902 0.852 2.403 2.418 1.953 1.308 1.782 1.015 1.25 1.44 1.175 0.64 1.786 1.534 1.681 2.019
1.397 0.0 1.886 2.803 1.048 2.975 3.044 1.469 0.77 2.307 2.962 2.709 0.966 1.408 1.7 3.07 1.191 1.708 2.686 2.053 1.005 2.31 1.145 2.86 1.965 1.712 4.054 2.288 1.064 0.591 0.736 1.333 0.859 3.059 2.039 0.496 0.756 3.794 1.031 3.279 0.917 3.087 0.686 0.533 2.608 1.849 1.825 2.487 1.193 1.375 3.402
1.689 1.886 0.0 3.967 1.404 3.406 1.174 0.631 2.248 3.107 3.995 2.998 2.833 3.082 1.308 2.947 3.006 1.248 3.901 1.417 2.268 0.459 0.895 3.735 3.177 0.208 3.565 1.978 2.378 2.432 1.386 2.853 2.18 1.177 3.029 1.668 2.05 3.426 2.439 3.294 0.977 3.186 1.242 1.354 1.555 0.659 2.307 0.828 0.765 3.013 2.74
2.291 2.803 3.967 0.0 2.579 1.42 5.034 3.92 3.413 0.976 0.305 1.655 2.802 1.624 2.786 2.304 2.049 2.849 0.148 2.926 3.688 4.412 3.69 0.608 0.847 3.907 3.237 2.531 3.699 2.881 3.473 3.687 3.559 4.984 0.942 2.569 2.126 2.922 3.615 2.146 3.35 1.972 2.976 3.086 3.407 3.46 1.745 4.028 3.642 1.586 3.172
0.438 1.048 1.404 2.579 0.0 2.253 2.535 1.374 1.777 1.782 2.633 1.904 1.931 1.769 0.662 2.125 1.806 0.68 2.505 1.015 1.963 1.859 1.212 2.41 1.775 1.329 3.05 1.26 2.045 1.612 1.233 2.374 1.821 2.509 1.651 0.565 0.731 2.809 2.037 2.388 0.877 2.219 0.579 0.82 1.592 1.031 1.051 1.693 1.121 1.687 2.364
1.827 2.975 3.406 1.42 2.253 0.0 4.275 3.586 3.727 0.79 1.188 0.423 3.404 2.391 2.098 0.932 2.775 2.158 1.498 2.067 3.977 3.788 3.463 0.82 1.464 3.42 1.817 1.527 4.027 3.309 3.443 4.185 3.832 4.197 1.136 2.552 2.223 1.502 3.976 0.726 3.13 0.565 2.81 3.015 2.369 2.778 1.207 3.186 3.36 2.307 1.821
2.746 3.044 1.174 5.034 2.535 4.275 0.0 1.633 3.309 4.119 5.026 3.853 3.971 4.252 2.258 3.631 4.179 2.195 4.982 2.21 3.273 0.734 1.96 4.732 4.282 1.332 3.968 2.753 3.383 3.566 2.466 3.874 3.212 0.129 4.093 2.842 3.214 3.918 3.463 4.001 2.127 3.942 2.415 2.511 2.013 1.574 3.31 1.097 1.869 4.181 3.151
1.768 1.469 0.631 3.92 1.374 3.586 1.633 0.0 1.679 3.156 3.996 3.205 2.353 2.806 1.567 3.275 2.652 1.521 3.833 1.789 1.666 0.919 0.332 3.783 3.088 0.427 4.012 2.304 1.777 1.948 0.834 2.262 1.592 1.673 3.01 1.409 1.847 3.839 1.848 3.596 0.596 3.459 0.965 0.957 2.073 1.104 2.406 1.453 0.291 2.752 3.21
2.156 0.77 2.248 3.413 1.777 3.727 3.309 1.679 0.0 3.03 3.607 3.475 0.856 1.857 2.4 3.839 1.499 2.398 3.284 2.747 0.275 2.597 1.362 3.548 2.607 2.045 4.813 3.035 0.301 0.559 0.861 0.628 0.167 3.352 2.738 1.256 1.504 4.558 0.262 4.049 1.322 3.856 1.289 1.042 3.264 2.404 2.593 2.979 1.483 1.861 4.14
1.42 2.307 3.107 0.976 1.782 0.79 4.119 3.156 3.03 0.0 0.909 0.799 2.638 1.601 1.86 1.453 1.989 1.924 0.98 1.966 3.292 3.535 2.975 0.63 0.687 3.075 2.483 1.554 3.331 2.575 2.864 3.447 3.149 4.061 0.347 1.941 1.553 2.164 3.27 1.408 2.632 1.201 2.276 2.443 2.431 2.55 0.809 3.083 2.898 1.517 2.269
2.306 2.962 3.995 0.305 2.633 1.188 5.026 3.996 3.607 0.909 0.0 1.475 3.038 1.866 2.768 2.102 2.294 2.831 0.444 2.872 3.881 4.43 3.785 0.374 1.002 3.951 2.991 2.435 3.899 3.089 3.604 3.915 3.748 4.969 0.985 2.686 2.253 2.68 3.819 1.911 3.442 1.751 3.072 3.203 3.317 3.455 1.716 3.993 3.725 1.819 2.983
1.468 2.709 2.998 1.655 1.904 0.423 3.853 3.205 3.475 0.799 1.475 0.0 3.237 2.322 1.691 0.661 2.671 1.75 1.702 1.646 3.714 3.373 3.101 1.103 1.472 3.021 1.686 1.105 3.772 3.098 3.119 3.97 3.567 3.774 1.11 2.258 1.977 1.368 3.73 0.637 2.776 0.425 2.474 2.693 1.953 2.364 0.889 2.764 2.991 2.23 1.516
2.185 0.966 2.833 2.802 1.931 3.404 3.971 2.353 0.856 2.638 3.038 3.237 0.0 1.179 2.592 3.72 0.759 2.61 2.661 2.943 1.09 3.239 2.021 3.055 2.08 2.649 4.761 3.079 1.047 0.405 1.53 0.892 1.021 3.996 2.305 1.372 1.351 4.475 0.937 3.859 1.856 3.651 1.652 1.483 3.522 2.811 2.425 3.453 2.102 1.219 4.194
1.774 1.408 3.082 1.624 1.769 2.391 4.252 2.806 1.857 1.601 1.866 2.322 1.179 0.0 2.315 2.907 0.428 2.359 1.482 2.614 2.129 3.538 2.506 1.917 0.957 2.951 3.973 2.529 2.124 1.302 2.143 2.067 2.015 4.241 1.254 1.42 1.046 3.663 2.03 2.959 2.213 2.747 1.864 1.855 3.212 2.8 1.688 3.462 2.516 0.099 3.559
0.555 1.7 1.308 2.786 0.662 2.098 2.258 1.567 2.4 1.86 2.768 1.691 2.592 2.315 0.0 1.709 2.417 0.063 2.745 0.353 2.561 1.7 1.542 2.476 2.082 1.335 2.511 0.742 2.652 2.272 1.74 3.012 2.425 2.202 1.852 1.226 1.334 2.305 2.657 2.031 1.277 1.902 1.125 1.381 0.936 0.695 1.052 1.248 1.405 2.224 1.766
1.7 3.07 2.947 2.304 2.125 0.932 3.631 3.275 3.839 1.453 2.102 0.661 3.72 2.907 1.709 0.0 3.223 1.754 2.358 1.53 4.055 3.259 3.237 1.728 2.111 3.014 1.066 0.976 4.126 3.528 3.355 4.382 3.909 3.536 1.746 2.585 2.394 0.761 4.1 0.372 2.944 0.385 2.701 2.945 1.628 2.288 1.295 2.537 3.107 2.811 0.889
1.912 1.191 3.006 2.049 1.806 2.775 4.179 2.652 1.499 1.989 2.294 2.671 0.759 0.428 2.417 3.223 0.0 2.453 1.907 2.743 1.765 3.451 2.334 2.34 1.371 2.853 4.286 2.741 1.747 0.941 1.916 1.651 1.663 4.181 1.644 1.35 1.085 3.983 1.647 3.307 2.077 3.095 1.764 1.697 3.344 2.814 1.956 3.48 2.369 0.486 3.815
0.608 1.708 1.248 2.849 0.68 2.158 2.195 1.521 2.398 1.924 2.831 1.75 2.61 2.359 0.063 1.754 2.453 0.0 2.806 0.349 2.553 1.637 1.507 2.54 2.141 1.279 2.539 0.783 2.645 2.285 1.721 3.012 2.418 2.139 1.914 1.241 1.368 2.339 2.653 2.081 1.251 1.955 1.116 1.372 0.912 0.632 1.115 1.188 1.367 2.268 1.784
2.236 2.686 3.901 0.148 2.505 1.498 4.982 3.833 3.284 0.98 0.444 1.702 2.661 1.482 2.745 2.358 1.907 2.806 0.0 2.901 3.559 4.349 3.596 0.704 0.747 3.835 3.314 2.528 3.568 2.748 3.365 3.548 3.431 4.936 0.893 2.468 2.023 2.998 3.482 2.22 3.258 2.039 2.883 2.984 3.398 3.409 1.715 3.99 3.553 1.448 3.215
0.841 2.053 1.417 2.926 1.015 2.067 2.21 1.789 2.747 1.966 2.872 1.646 2.943 2.614 0.353 1.53 2.743 0.349 2.901 0.0 2.901 1.745 1.813 2.553 2.285 1.491 2.23 0.567 2.993 2.626 2.06 3.361 2.766 2.136 2.016 1.579 1.665 2.05 3.002 1.88 1.58 1.781 1.465 1.72 0.601 0.758 1.186 1.132 1.667 2.52 1.452
2.361 1.005 2.268 3.688 1.963 3.977 3.273 1.666 0.275 3.292 3.881 3.714 1.09 2.129 2.561 4.055 1.765 2.553 3.559 2.901 0.0 2.581 1.373 3.817 2.88 2.061 5.011 3.223 0.111 0.829 0.906 0.601 0.147 3.326 3.005 1.471 1.754 4.764 0.202 4.278 1.401 4.088 1.437 1.181 3.393 2.496 2.828 3.036 1.51 2.136 4.317
2.125 2.31 0.459 4.412 1.859 3.788 0.734 0.919 2.597 3.535 4.43 3.373 3.239 3.538 1.7 3.259 3.451 1.637 4.349 1.745 2.581 0.0 1.238 4.16 3.63 0.599 3.777 2.312 2.692 2.835 1.745 3.179 2.51 0.759 3.471 2.121 2.508 3.67 2.765 3.618 1.393 3.527 1.688 1.777 1.744 1.01 2.729 0.849 1.138 3.47 2.944
1.636 1.145 0.895 3.69 1.212 3.463 1.96 0.332 1.362 2.975 3.785 3.101 2.021 2.506 1.542 3.237 2.334 1.507 3.596 1.813 1.373 1.238 0.0 3.594 2.849 0.688 4.041 2.283 1.483 1.616 0.506 1.959 1.286 1.996 2.802 1.138 1.584 3.846 1.545 3.538 0.344 3.386 0.715 0.652 2.182 1.219 2.263 1.679 0.156 2.457 3.262
2.05 2.86 3.735 0.608 2.41 0.82 4.732 3.783 3.548 0.63 0.374 1.103 3.055 1.917 2.476 1.728 2.34 2.54 0.704 2.553 3.817 4.16 3.594 0.0 0.974 3.706 2.632 2.091 3.845 3.056 3.458 3.908 3.678 4.67 0.822 2.533 2.12 2.319 3.774 1.545 3.25 1.38 2.889 3.043 2.973 3.17 1.431 3.681 3.522 1.854 2.61
1.546 1.965 3.177 0.847 1.775 1.464 4.282 3.088 2.607 0.687 1.002 1.472 2.08 0.957 2.082 2.111 1.371 2.141 0.747 2.285 2.88 3.63 2.849 0.974 0.0 3.101 3.158 2.004 2.9 2.096 2.626 2.939 2.746 4.243 0.365 1.722 1.279 2.84 2.823 2.093 2.511 1.884 2.136 2.239 2.83 2.718 1.125 3.328 2.806 0.886 2.877
1.656 1.712 0.208 3.907 1.329 3.42 1.332 0.427 2.045 3.075 3.951 3.021 2.649 2.951 1.335 3.014 2.853 1.279 3.835 1.491 2.061 0.599 0.688 3.706 3.101 0.0 3.681 2.039 2.171 2.246 1.184 2.647 1.974 1.348 2.975 1.531 1.933 3.527 2.233 3.353 0.796 3.233 1.093 1.179 1.696 0.751 2.288 1.027 0.563 2.886 2.864
2.658 4.054 3.565 3.237 3.05 1.817 3.968 4.012 4.813 2.483 2.991 1.686 4.761 3.973 2.511 1.066 4.286 2.539 3.314 2.23 5.011 3.777 4.041 2.632 3.158 3.681 0.0 1.794 5.091 4.546 4.243 5.382 4.868 3.853 2.794 3.56 3.419 0.32 5.076 1.095 3.788 1.288 3.604 3.858 2.033 2.93 2.344 2.953 3.897 3.877 0.832
0.9 2.288 1.978 2.531 1.26 1.527 2.753 2.304 3.035 1.554 2.435 1.105 3.079 2.529 0.742 0.976 2.741 0.783 2.528 0.567 3.223 2.312 2.283 2.091 2.004 2.039 1.794 0.0 3.305 2.816 2.451 3.621 3.081 2.671 1.684 1.792 1.733 1.571 3.296 1.317 2.008 1.215 1.81 2.063 0.882 1.321 0.886 1.66 2.147 2.43 1.119
2.436 1.064 2.378 3.699 2.045 4.027 3.383 1.777 0.301 3.331 3.899 3.772 1.047 2.124 2.652 4.126 1.747 2.645 3.568 2.993 0.111 2.692 1.483 3.845 2.9 2.171 5.091 3.305 0.0 0.823 1.013 0.492 0.227 3.437 3.037 1.541 1.804 4.84 0.116 4.342 1.506 4.151 1.529 1.275 3.491 2.601 2.889 3.144 1.62 2.135 4.404
1.916 0.591 2.432 2.881 1.612 3.309 3.566 1.948 0.559 2.575 3.089 3.098 0.405 1.302 2.272 3.528 0.941 2.285 2.748 2.626 0.829 2.835 1.616 3.056 2.096 2.246 4.546 2.816 0.823 0.0 1.127 0.876 0.722 3.592 2.264 1.047 1.135 4.272 0.734 3.701 1.456 3.499 1.273 1.088 3.191 2.438 2.243 3.07 1.697 1.312 3.935
1.668 0.736 1.386 3.473 1.233 3.443 2.466 0.834 0.861 2.864 3.604 3.119 1.53 2.143 1.74 3.355 1.916 1.721 3.365 2.06 0.906 1.745 0.506 3.458 2.626 1.184 4.243 2.451 1.013 1.127 0.0 1.472 0.801 2.503 2.641 0.925 1.351 4.019 1.061 3.621 0.502 3.45 0.654 0.428 2.514 1.595 2.24 2.133 0.621 2.108 3.505
2.729 1.333 2.853 3.687 2.374 4.185 3.874 2.262 0.628 3.447 3.915 3.97 0.892 2.067 3.012 4.382 1.651 3.012 3.548 3.361 0.601 3.179 1.959 3.908 2.939 2.647 5.382 3.621 0.492 0.876 1.472 0.0 0.673 3.926 3.129 1.829 1.998 5.117 0.414 4.568 1.947 4.368 1.911 1.669 3.888 3.032 3.108 3.601 2.089 2.101 4.734
2.216 0.859 2.18 3.559 1.821 3.832 3.212 1.592 0.167 3.149 3.748 3.567 1.021 2.015 2.425 3.909 1.663 2.418 3.431 2.766 0.147 2.51 1.286 3.678 2.746 1.974 4.868 3.081 0.227 0.722 0.801 0.673 0.0 3.261 2.865 1.325 1.609 4.619 0.26 4.131 1.287 3.941 1.302 1.048 3.265 2.38 2.681 2.933 1.417 2.017 4.178
2.702 3.059 1.177 4.984 2.509 4.197 0.129 1.673 3.352 4.061 4.969 3.774 3.996 4.241 2.202 3.536 4.181 2.139 4.936 2.136 3.326 0.759 1.996 4.67 4.243 1.348 3.853 2.671 3.437 3.592 2.503 3.926 3.261 0.0 4.045 2.838 3.199 3.808 3.514 3.907 2.144 3.853 2.419 2.526 1.913 1.526 3.253 1.011 1.897 4.168 3.039
1.349 2.039 3.029 0.942 1.651 1.136 4.093 3.01 2.738 0.347 0.985 1.11 2.305 1.254 1.852 1.746 1.644 1.914 0.893 2.016 3.005 3.471 2.802 0.822 0.365 2.975 2.794 1.684 3.037 2.264 2.641 3.129 2.865 4.045 0.0 1.717 1.299 2.477 2.971 1.736 2.458 1.526 2.09 2.231 2.534 2.52 0.832 3.098 2.74 1.171 2.517
0.902 0.496 1.668 2.569 0.565 2.552 2.842 1.409 1.256 1.941 2.686 2.258 1.372 1.42 1.226 2.585 1.35 1.241 2.468 1.579 1.471 2.121 1.138 2.533 1.722 1.531 3.56 1.792 1.541 1.047 0.925 1.829 1.325 2.838 1.717 0.0 0.447 3.302 1.518 2.808 0.814 2.621 0.448 0.518 2.151 1.481 1.369 2.143 1.119 1.357 2.907
0.852 0.756 2.05 2.126 0.731 2.223 3.214 1.847 1.504 1.553 2.253 1.977 1.351 1.046 1.334 2.394 1.085 1.368 2.023 1.665 1.754 2.508 1.584 2.12 1.279 1.933 3.419 1.733 1.804 1.135 1.351 1.998 1.609 3.199 1.299 0.447 0.0 3.14 1.756 2.569 1.255 2.37 0.882 0.961 2.264 1.757 1.11 2.422 1.558 0.97 2.844
2.403 3.794 3.426 2.922 2.809 1.502 3.918 3.839 4.558 2.164 2.68 1.368 4.475 3.663 2.305 0.761 3.983 2.339 2.998 2.05 4.764 3.67 3.846 2.319 2.84 3.527 0.32 1.571 4.84 4.272 4.019 5.117 4.619 3.808 2.477 3.302 3.14 0.0 4.82 0.778 3.578 0.969 3.373 3.624 1.933 2.777 2.052 2.869 3.705 3.568 0.776
2.418 1.031 2.439 3.615 2.037 3.976 3.463 1.848 0.262 3.27 3.819 3.73 0.937 2.03 2.657 4.1 1.647 2.653 3.482 3.002 0.202 2.765 1.545 3.774 2.823 2.233 5.076 3.296 0.116 0.734 1.061 0.414 0.26 3.514 2.971 1.518 1.756 4.82 0.0 4.308 1.544 4.114 1.54 1.289 3.511 2.636 2.851 3.193 1.677 2.044 4.4
1.953 3.279 3.294 2.146 2.388 0.726 4.001 3.596 4.049 1.408 1.911 0.637 3.859 2.959 2.031 0.372 3.307 2.081 2.22 1.88 4.278 3.618 3.538 1.545 2.093 3.353 1.095 1.317 4.342 3.701 3.621 4.568 4.131 3.907 1.736 2.808 2.569 0.778 4.308 0.0 3.233 0.212 2.967 3.202 2.0 2.637 1.46 2.906 3.413 2.867 1.178
1.308 0.917 0.977 3.35 0.877 3.13 2.127 0.596 1.322 2.632 3.442 2.776 1.856 2.213 1.277 2.944 2.077 1.251 3.258 1.58 1.401 1.393 0.344 3.25 2.511 0.796 3.788 2.008 1.506 1.456 0.502 1.947 1.287 2.144 2.458 0.814 1.255 3.578 1.544 3.233 0.0 3.074 0.376 0.385 2.014 1.096 1.927 1.658 0.305 2.158 3.031
1.782 3.087 3.186 1.972 2.219 0.565 3.942 3.459 3.856 1.201 1.751 0.425 3.651 2.747 1.902 0.385 3.095 1.955 2.039 1.781 4.088 3.527 3.386 1.38 1.884 3.233 1.288 1.215 4.151 3.499 3.45 4.368 3.941 3.853 1.526 2.621 2.37 0.969 4.114 0.212 3.074 0.0 2.797 3.028 1.963 2.533 1.264 2.845 3.266 2.655 1.267
1.015 0.686 1.242 2.976 0.579 2.81 2.415 0.965 1.289 2.276 3.072 2.474 1.652 1.864 1.125 2.701 1.764 1.116 2.883 1.465 1.437 1.688 0.715 2.889 2.136 1.093 3.604 1.81 1.529 1.273 0.654 1.911 1.302 2.419 2.09 0.448 0.882 3.373 1.54 2.967 0.376 2.797 0.0 0.257 1.976 1.165 1.604 1.801 0.677 1.803 2.886
1.25 0.533 1.354 3.086 0.82 3.015 2.511 0.957 1.042 2.443 3.203 2.693 1.483 1.855 1.381 2.945 1.697 1.372 2.984 1.72 1.181 1.777 0.652 3.043 2.239 1.179 3.858 2.063 1.275 1.088 0.428 1.669 1.048 2.526 2.231 0.518 0.961 3.624 1.289 3.202 0.385 3.028 0.257 0.0 2.222 1.377 1.812 1.988 0.672 1.806 3.143
1.44 2.608 1.555 3.407 1.592 2.369 2.013 2.073 3.264 2.431 3.317 1.953 3.522 3.212 0.936 1.628 3.344 0.912 3.398 0.601 3.393 1.744 2.182 2.973 2.83 1.696 2.033 0.882 3.491 3.191 2.514 3.888 3.265 1.913 2.534 2.151 2.264 1.933 3.511 2.0 2.014 1.963 1.976 2.222 0.0 0.972 1.707 0.938 2.026 3.117 1.201
1.175 1.849 0.659 3.46 1.031 2.778 1.574 1.104 2.404 2.55 3.455 2.364 2.811 2.8 0.695 2.288 2.814 0.632 3.409 0.758 2.496 1.01 1.219 3.17 2.718 0.751 2.93 1.321 2.601 2.438 1.595 3.032 2.38 1.526 2.52 1.481 1.757 2.777 2.636 2.637 1.096 2.533 1.165 1.377 0.972 0.0 1.741 0.667 1.062 2.718 2.115
0.64 1.825 2.307 1.745 1.051 1.207 3.31 2.406 2.593 0.809 1.716 0.889 2.425 1.688 1.052 1.295 1.956 1.115 1.715 1.186 2.828 2.729 2.263 1.431 1.125 2.288 2.344 0.886 2.889 2.243 2.24 3.108 2.681 3.253 0.832 1.369 1.11 2.052 2.851 1.46 1.927 1.264 1.604 1.812 1.707 1.741 0.0 2.284 2.167 1.589 1.871
1.786 2.487 0.828 4.028 1.693 3.186 1.097 1.453 2.979 3.083 3.993 2.764 3.453 3.462 1.248 2.537 3.48 1.188 3.99 1.132 3.036 0.849 1.679 3.681 3.328 1.027 2.953 1.66 3.144 3.07 2.133 3.601 2.933 1.011 3.098 2.143 2.422 2.869 3.193 2.906 1.658 2.845 1.801 1.988 0.938 0.667 2.284 0.0 1.531 3.379 2.122
1.534 1.193 0.765 3.642 1.121 3.36 1.869 0.291 1.483 2.898 3.725 2.991 2.102 2.516 1.405 3.107 2.369 1.367 3.553 1.667 1.51 1.138 0.156 3.522 2.806 0.563 3.897 2.147 1.62 1.697 0.621 2.089 1.417 1.897 2.74 1.119 1.558 3.705 1.677 3.413 0.305 3.266 0.677 0.672 2.026 1.062 2.167 1.531 0.0 2.462 3.113
1.681 1.375 3.013 1.586 1.687 2.307 4.181 2.752 1.861 1.517 1.819 2.23 1.219 0.099 2.224 2.811 0.486 2.268 1.448 2.52 2.136 3.47 2.457 1.854 0.886 2.886 3.877 2.43 2.135 1.312 2.108 2.101 2.017 4.168 1.171 1.357 0.97 3.568 2.044 2.867 2.158 2.655 1.803 1.806 3.117 2.718 1.589 3.379 2.462 0.0 3.46
2.019 3.402 2.74 3.172 2.364 1.821 3.151 3.21 4.14 2.269 2.983 1.516 4.194 3.559 1.766 0.889 3.815 1.784 3.215 1.452 4.317 2.944 3.262 2.61 2.877 2.864 0.832 1.119 4.404 3.935 3.505 4.734 4.178 3.039 2.517 2.907 2.844 0.776 4.4 1.178 3.031 1.267 2.886 3.143 1.201 2.115 1.871 2.122 3.113 3.46 0.0
