Number of customers: 100
Vehicle capacity     50
Alpha:               0.75
Number of scenarios: 100

Location coordinates:
0 0.0 0.0
1 1.81316 -1.26396
2 1.16275 0.86088
3 0.33764 1.26087
4 1.70859 0.22097
5 -1.39308 0.5461
6 -1.52324 1.166
7 -0.85477 -0.95342
8 1.09462 0.8966
9 0.70643 -1.83245
10 0.88797 -1.19518
11 -0.62325 0.52971
12 -0.04227 0.67039
13 1.85596 -1.3413
14 -1.70156 1.33084
15 -0.17603 0.38596
16 0.69545 0.39862
17 -1.1222 -1.98078
18 -0.58845 0.96225
19 1.03467 -1.04992
20 -1.75978 0.31928
21 -0.55443 -0.65545
22 1.41657 -1.45502
23 1.16555 -1.34585
24 -0.14485 1.70726
25 -1.85386 -1.40605
26 -1.81629 -1.54297
27 -1.02223 -0.10008
28 -1.80331 -1.29111
29 1.50481 0.37813
30 -0.64957 -0.19644
31 1.49302 -0.93378
32 1.2928 0.03971
33 -0.86074 0.51638
34 0.53554 0.02328
35 1.06315 -0.98899
36 -1.39508 -1.49507
37 1.79181 1.8594
38 -1.03003 0.76251
39 0.97913 0.16785
40 -1.70028 -0.19106
41 -1.11893 1.08892
42 1.81031 -0.82695
43 0.81575 0.69818
44 -0.99724 1.05941
45 0.69007 -1.63296
46 1.8676 -1.70894
47 -0.43949 -1.23893
48 1.87679 1.31983
49 1.08994 -0.41499
50 -1.4333 -1.13428
51 1.33929 -0.91523
52 -0.42149 1.40145
53 -1.8289 1.54255
54 -0.81562 0.5826
55 -0.75465 0.59895
56 -0.1669 -1.43107
57 -0.75457 -0.11988
58 -1.50804 1.20078
59 -0.80751 0.57719
60 0.05241 -1.98552
61 -0.31604 -0.36636
62 -1.93847 -1.08617
63 1.73426 0.89297
64 0.4324 -1.1262
65 -1.91396 0.40449
66 0.49075 -0.46829
67 -1.97831 1.87879
68 1.54861 -1.37604
69 -0.8553 0.96289
70 -0.92719 1.8096
71 1.81225 0.5212
72 -0.8508 -0.01625
73 1.34676 -0.92879
74 0.9471 -0.3789
75 0.6444 1.9816
76 1.52095 1.16716
77 -0.74733 -1.69509
78 -1.58915 1.50394
79 0.02128 -1.881
80 0.31036 -1.88815
81 -0.64066 1.0489
82 -0.67873 0.09206
83 -1.10239 1.42455
84 1.60377 -1.40718
85 1.66348 -1.32992
86 1.68981 1.53018
87 -1.90596 0.43049
88 1.20877 1.22322
89 -0.98724 -1.4487
90 -1.40056 1.86301
91 -1.09913 -1.93504
92 -1.82807 0.61407
93 -1.14756 -0.96766
94 1.45761 -0.90471
95 -1.22698 0.65735
96 0.58186 -1.54871
97 1.95482 1.16577
98 1.22857 -0.28472
99 1.97684 0.77283
100 -1.3561 -0.05623

Demand per scenario:
1 5 5 5 4 4 4 6 5 5 6 7 5 6 4 4 4 4 7 3 6 7 6 4 6 6 6 5 6 5 5 5 5 6 5 5 4 6 6 4 8 7 6 6 3 5 5 7 5 5 4 6 4 5 6 5 4 5 6 7 9 5 4 7 6 3 3 4 6 6 4 6 6 5 6 5 4 5 5 5 7 6 7 6 5 6 7 5 5 3 8 4 7 4 4 7 8 6 4 6 7
2 6 7 6 7 10 6 7 9 7 8 8 10 9 6 8 6 8 7 6 5 6 10 7 8 7 8 9 8 6 8 7 8 7 6 7 12 8 8 7 8 7 6 6 8 8 8 9 7 9 9 7 7 8 10 7 10 7 7 7 7 7 7 6 7 7 9 7 8 9 7 10 7 8 9 6 9 8 9 7 8 7 6 9 8 8 7 6 7 8 9 7 9 8 6 7 8 7 9 8 7
3 5 6 8 6 6 5 6 6 8 6 4 7 7 6 9 8 6 6 7 7 7 6 8 8 6 6 6 5 7 5 5 6 3 6 7 4 5 6 6 7 5 4 5 5 5 8 7 4 7 6 5 5 6 3 5 5 6 4 6 8 5 6 5 7 6 5 6 6 6 4 6 7 6 4 4 4 8 5 6 5 5 5 5 6 6 5 5 5 5 8 3 5 6 8 6 6 5 4 7 8
4 2 3 2 1 4 1 1 1 3 1 1 5 1 2 2 1 3 2 4 2 2 2 2 3 2 4 3 2 2 1 3 1 1 3 1 2 1 1 4 1 4 4 3 1 1 2 2 2 3 4 1 3 1 1 3 4 4 2 3 1 2 1 1 1 4 2 1 1 3 4 1 2 1 1 1 2 1 2 1 2 3 3 1 2 3 1 1 3 1 2 3 3 1 1 2 2 2 1 1 3
5 2 6 6 3 6 5 4 4 4 4 9 6 4 4 5 7 5 6 4 5 3 5 4 6 4 6 5 4 5 4 4 4 3 5 6 5 5 5 4 5 5 6 4 5 6 5 5 5 5 6 4 5 5 4 7 4 3 5 3 4 6 6 6 6 5 4 5 7 7 5 4 3 6 5 5 5 7 6 6 5 5 5 4 6 7 4 5 6 3 6 5 4 4 2 5 5 4 5 5 4
6 6 6 4 5 7 6 6 8 6 7 6 8 8 5 5 6 5 7 6 5 5 5 7 6 6 6 6 6 6 7 5 5 9 6 7 4 6 3 6 7 5 5 7 5 5 6 5 7 6 6 5 3 7 7 7 8 7 4 7 5 6 6 5 6 5 5 6 6 7 5 7 7 6 5 8 5 8 5 8 7 7 6 2 6 4 7 6 9 7 7 6 5 7 7 6 6 9 6 6 3
7 4 3 5 5 2 3 3 3 3 4 4 3 5 4 6 2 5 4 3 1 2 2 5 3 6 6 7 4 6 3 4 4 1 4 6 2 4 5 5 2 3 3 6 5 5 3 5 4 5 3 5 4 5 5 6 3 5 5 4 5 4 3 4 3 5 5 3 3 4 4 4 1 3 4 3 4 1 7 3 2 2 2 4 3 3 3 4 1 4 3 2 4 3 5 3 5 4 4 4 3
8 7 6 7 8 7 6 7 7 7 7 10 10 6 8 7 8 6 9 6 7 9 9 8 9 10 8 8 8 5 7 7 7 5 6 6 7 8 6 8 9 7 7 7 8 9 8 10 7 8 9 9 6 6 7 9 7 9 8 8 8 8 8 9 8 7 10 8 7 7 9 7 8 8 10 8 8 9 8 7 7 7 10 7 8 6 8 8 7 8 7 8 8 11 8 5 9 8 9 9 8
9 4 7 8 5 6 7 4 6 6 7 5 6 7 4 7 8 6 7 7 6 4 7 7 6 7 3 6 6 7 7 5 6 7 6 5 6 5 7 6 6 9 5 6 5 5 7 7 6 7 5 6 6 5 6 7 6 9 5 7 7 3 7 7 8 5 4 6 7 4 6 9 7 4 7 8 7 6 8 6 7 6 6 5 9 5 7 6 6 7 6 5 4 6 6 7 6 7 7 5 6
10 5 5 4 4 5 5 8 4 6 7 5 5 5 7 8 5 8 4 7 8 5 5 8 2 5 7 6 5 7 7 6 6 6 8 6 5 8 5 5 9 6 7 6 6 4 6 8 6 7 8 5 7 5 5 7 7 5 6 5 6 8 8 5 5 6 5 5 6 8 4 7 5 7 7 6 4 6 6 5 7 5 7 7 7 8 4 4 4 4 6 6 5 7 6 7 7 5 5 6 6
11 3 5 4 5 3 5 4 3 3 5 3 5 3 4 4 4 7 7 6 5 5 3 5 5 2 4 5 4 6 3 6 4 4 2 6 5 3 4 6 4 4 4 5 4 2 3 4 5 4 3 6 6 4 3 4 4 5 4 6 3 7 2 3 3 5 4 6 6 3 5 5 5 4 4 5 6 4 4 4 5 4 4 3 4 5 1 3 4 4 3 4 5 5 3 4 6 3 2 5 3
12 5 1 3 3 3 2 5 6 4 5 5 3 5 4 2 2 5 2 2 5 2 1 4 5 2 2 4 4 1 4 1 2 2 2 4 3 4 2 3 2 2 3 3 3 6 6 3 4 2 6 4 5 3 2 4 4 4 4 3 3 3 3 3 2 2 5 5 2 4 3 2 4 3 4 2 3 2 3 5 4 2 5 3 3 5 4 4 2 2 5 3 4 2 4 4 4 4 5 3 2
13 6 5 6 6 4 2 5 5 5 6 5 4 5 7 6 5 5 3 4 4 4 5 5 4 5 5 5 6 7 4 5 4 4 6 7 6 4 6 6 5 4 4 4 5 6 5 4 4 4 4 5 5 7 6 4 5 8 4 3 7 7 7 4 6 4 4 4 5 3 5 6 5 6 3 6 6 3 4 7 4 4 8 6 5 6 6 5 7 6 6 3 4 5 5 4 6 5 3 4 6
14 6 7 9 7 7 7 7 8 7 8 8 5 5 6 9 9 6 9 7 8 8 7 9 9 6 7 7 9 7 8 6 6 8 9 6 7 8 8 7 8 5 6 8 7 8 7 8 5 7 6 8 6 7 6 5 7 6 8 7 8 7 7 10 6 4 7 7 8 8 9 9 5 9 8 7 6 7 7 10 9 7 6 7 6 9 6 7 7 7 6 8 9 5 8 5 8 8 9 7 7
15 2 5 3 2 4 1 2 3 2 4 2 2 4 3 4 1 2 2 5 3 5 6 5 3 3 4 3 2 3 4 4 3 2 3 3 3 6 7 5 3 3 3 4 2 5 2 2 3 1 3 4 1 5 3 2 4 4 2 2 4 4 3 2 3 4 4 3 3 5 1 3 2 4 3 3 4 2 4 4 1 4 2 4 3 3 4 7 1 3 1 2 2 6 2 2 5 3 3 3 1
16 5 3 4 4 5 4 3 3 3 5 4 4 5 8 5 6 4 2 5 4 3 4 5 4 4 3 6 4 2 5 7 3 4 5 5 5 5 2 4 4 4 4 6 4 5 4 2 7 4 2 3 6 4 4 4 5 6 4 4 5 4 3 4 5 2 5 5 3 4 5 6 5 6 6 8 4 6 6 1 4 5 5 5 4 3 6 4 3 6 4 4 8 3 6 4 5 6 5 4 7
17 5 6 6 7 4 4 8 8 7 5 4 6 5 8 6 8 8 6 6 8 7 6 6 5 8 9 5 7 7 5 8 5 6 5 6 5 5 8 6 6 8 6 6 7 6 7 5 6 6 7 7 7 6 5 6 7 4 7 5 6 6 6 6 7 8 8 5 6 5 5 5 6 7 6 6 5 6 7 5 7 5 6 5 5 7 9 7 7 7 8 6 5 7 8 7 5 5 8 6 4
18 5 7 4 4 6 4 6 5 4 5 7 6 8 6 7 5 4 6 5 4 6 4 4 6 4 3 6 4 7 5 7 8 5 5 6 5 5 7 5 4 5 5 6 5 7 6 5 8 6 4 5 5 5 4 7 7 7 5 6 5 7 6 6 4 6 5 5 5 4 4 3 5 4 5 6 6 6 3 5 5 6 6 6 6 4 5 6 3 3 6 5 7 5 5 6 4 6 8 5 5
19 4 5 5 2 6 5 5 4 4 4 5 4 5 5 4 4 6 5 5 4 6 5 4 5 7 5 1 4 2 6 4 6 2 5 5 4 5 4 5 2 6 6 9 5 5 6 4 4 7 5 6 6 4 5 7 6 5 2 5 4 4 4 6 5 5 6 4 4 4 4 5 5 7 7 6 5 5 6 5 6 2 5 5 5 4 6 4 4 5 4 5 3 3 5 6 5 5 2 6 3
20 4 4 7 6 7 5 5 6 9 7 6 6 7 6 4 6 5 5 5 8 9 6 8 7 7 6 6 6 4 6 6 5 6 7 5 6 6 5 6 7 9 5 7 7 8 5 5 5 8 8 6 6 9 7 7 5 8 4 6 6 4 5 4 7 7 3 5 8 5 3 7 7 8 7 7 6 5 5 5 7 7 8 5 5 6 6 6 8 6 8 5 7 6 5 3 8 5 5 5 7
21 2 3 4 2 3 6 2 4 2 4 5 3 6 1 2 3 3 4 3 4 5 2 3 4 2 3 5 3 1 2 2 2 4 2 4 3 2 2 5 6 3 3 3 3 4 5 3 6 5 6 3 5 5 4 2 4 4 6 5 5 5 6 3 3 1 4 5 5 2 5 5 3 5 4 3 6 4 3 4 6 2 3 4 1 5 7 4 3 4 3 2 3 3 4 7 1 5 6 6 5
22 6 5 8 6 6 5 5 4 5 7 6 5 6 5 6 5 5 5 6 5 6 6 5 7 7 4 6 6 3 5 4 7 7 5 7 6 4 5 5 6 5 6 6 5 5 3 4 4 4 6 2 5 8 5 4 3 5 5 4 8 5 5 7 5 6 4 5 9 5 5 4 4 7 5 5 6 4 5 6 6 6 6 7 6 6 6 6 7 8 5 5 6 6 7 5 5 4 7 6 4
23 5 4 5 6 3 5 4 5 6 6 5 6 5 4 5 4 4 5 6 5 5 3 7 3 6 4 4 3 4 5 6 5 6 3 4 7 5 6 3 5 5 6 5 4 5 5 5 7 6 7 7 4 5 7 5 4 7 7 4 4 6 4 4 7 5 5 7 5 5 7 3 8 3 8 5 6 6 8 4 5 4 5 8 5 4 4 4 6 4 6 4 4 6 7 4 5 4 6 5 3
24 4 2 3 2 3 3 5 4 5 6 2 2 4 2 6 2 6 5 4 4 4 4 4 2 4 7 4 3 4 6 5 3 3 4 2 3 3 4 4 4 6 5 4 7 4 4 4 2 3 6 6 2 6 4 3 7 4 3 5 5 5 4 4 5 4 5 2 4 4 7 4 3 5 4 6 4 4 4 4 3 5 6 3 4 4 3 5 2 3 4 5 4 3 4 2 5 5 4 4 4
25 1 4 4 5 6 7 6 6 5 4 4 3 6 4 6 5 5 3 4 5 5 4 8 5 6 6 6 6 5 6 3 5 4 3 3 5 4 8 3 4 2 5 4 4 3 5 2 3 5 4 8 4 6 5 5 5 5 6 4 8 5 6 4 6 6 5 3 7 3 5 4 4 5 6 4 5 5 3 3 5 4 6 4 6 6 5 4 3 6 5 5 5 7 8 3 5 4 4 7 7
26 6 4 5 4 5 6 5 6 6 5 5 3 4 5 4 6 4 4 5 5 7 5 5 6 4 3 6 5 3 7 5 4 4 4 5 3 3 4 4 6 5 6 6 5 5 3 6 4 5 7 2 5 5 5 7 5 5 5 5 7 4 5 4 6 5 7 5 5 4 4 5 4 5 7 5 6 7 5 7 6 6 6 3 5 6 3 5 4 5 4 7 5 5 6 6 4 6 6 7 6
27 9 5 8 5 4 5 4 6 5 6 9 4 4 6 6 6 5 4 6 5 6 7 7 5 4 4 7 5 6 7 6 6 6 5 6 5 7 6 6 4 5 6 5 5 6 5 6 5 7 6 5 6 6 4 5 6 5 4 5 5 6 5 5 6 5 5 5 5 6 6 8 7 6 7 6 5 8 5 2 7 6 4 7 6 4 5 6 7 4 5 6 5 5 3 5 8 5 5 7 4
28 5 6 6 5 4 5 5 5 5 4 3 4 6 5 3 4 6 5 4 6 6 5 5 6 4 5 2 7 7 6 5 5 5 5 6 4 2 6 5 6 5 5 5 4 5 4 6 5 8 5 6 4 6 3 4 5 6 6 5 5 4 6 5 6 6 5 4 5 5 3 6 6 6 6 4 5 5 4 6 5 5 7 5 6 5 4 3 7 6 5 5 6 6 5 6 3 7 4 2 6
29 6 9 7 9 6 7 5 8 7 6 5 6 8 7 7 7 8 7 6 7 7 6 7 8 7 8 8 9 7 7 7 6 7 10 7 8 7 7 8 6 7 8 6 8 8 7 9 5 9 6 6 7 8 8 7 7 7 9 7 6 8 7 7 7 8 8 6 6 6 6 6 5 6 7 8 7 7 8 8 7 10 7 6 5 7 7 7 5 9 8 9 8 7 4 9 9 6 8 7 5
30 7 7 7 6 7 4 9 5 7 6 7 5 8 6 5 5 7 7 6 7 6 7 7 8 6 4 8 6 8 6 8 5 6 6 7 5 8 6 7 8 6 6 7 6 3 5 5 3 5 4 6 4 6 6 6 6 5 4 6 5 7 7 5 7 4 7 6 6 6 6 7 6 6 5 5 7 6 10 5 7 7 6 6 6 5 5 5 6 4 7 6 5 7 5 6 7 7 7 4 5
31 5 3 7 5 5 3 4 2 2 5 6 6 5 3 5 6 5 7 6 5 3 6 5 6 4 4 5 4 4 7 6 4 5 4 6 4 5 3 3 4 6 4 6 6 1 4 6 7 7 6 4 5 6 5 4 4 5 6 4 2 3 5 3 4 6 6 5 6 3 4 6 4 4 3 5 4 5 5 3 4 5 5 2 6 6 4 4 7 6 4 4 5 5 4 3 4 5 5 5 7
32 5 5 7 5 7 5 5 7 6 5 7 6 4 6 5 7 5 5 4 6 5 5 4 5 7 5 3 7 5 5 6 4 6 6 4 6 6 4 5 4 5 6 7 5 5 8 5 7 6 6 5 6 6 6 6 5 4 8 6 7 4 3 5 5 6 4 6 5 6 5 6 5 6 6 7 6 5 2 5 7 6 4 6 5 5 6 6 7 6 5 6 7 5 7 6 4 6 7 7 5
33 4 6 5 3 4 4 4 5 4 5 4 5 6 2 7 5 4 6 6 4 5 5 4 3 5 4 6 4 3 7 4 5 4 5 5 7 5 4 5 4 4 4 6 5 5 2 4 3 4 6 5 2 5 4 3 4 2 5 3 5 5 2 5 5 6 5 5 5 3 5 4 4 4 4 3 4 6 4 2 6 3 4 4 3 3 3 4 2 4 5 4 5 3 4 3 4 5 5 3 5
34 7 5 4 6 6 6 5 7 5 7 6 6 7 5 7 6 6 8 9 7 7 8 6 4 6 4 6 6 4 8 4 5 8 4 3 6 4 6 7 5 5 5 4 5 6 6 5 5 5 7 6 5 5 6 5 6 6 4 5 8 7 6 8 6 7 5 7 8 5 5 6 5 9 8 6 6 4 7 6 4 7 7 5 5 7 6 6 6 4 5 7 6 7 7 5 8 5 7 6 5
35 5 8 5 7 4 4 9 6 2 5 7 5 6 7 5 4 6 7 7 5 6 5 5 5 5 6 7 4 7 7 7 7 6 7 6 7 5 4 5 7 6 7 7 7 6 6 4 5 5 6 5 6 5 5 7 5 5 3 7 6 6 5 7 4 3 5 6 7 4 6 6 4 6 3 7 5 6 5 5 5 7 8 9 6 7 7 5 6 6 5 6 6 4 5 6 6 6 5 3 6
36 4 5 6 7 7 5 9 9 8 7 6 6 9 8 6 5 7 8 8 7 8 8 7 5 6 8 7 7 7 6 7 6 7 6 9 6 8 9 5 6 7 6 8 7 8 8 9 7 6 8 7 9 7 7 9 6 7 7 4 6 6 8 7 6 6 6 5 4 8 7 6 5 7 6 7 5 6 7 6 8 7 5 8 8 8 8 8 8 7 10 6 7 6 6 7 7 5 6 9 6
37 6 6 7 6 6 7 6 5 6 5 7 6 4 6 5 4 6 7 6 6 5 5 8 6 7 5 7 5 8 8 5 6 7 6 6 6 6 7 6 5 5 4 7 4 4 6 8 4 7 7 5 7 4 3 6 5 7 5 7 5 4 5 3 8 9 4 8 5 8 8 4 5 7 4 5 5 5 4 5 8 7 5 6 6 6 6 5 6 7 6 7 8 7 5 8 7 4 5 6 8
38 7 6 6 4 6 6 5 4 7 6 7 6 6 7 6 6 7 5 5 5 4 6 8 6 6 5 6 6 6 7 6 5 7 4 7 5 5 6 5 4 7 7 7 8 4 6 7 6 8 5 6 6 5 8 6 7 6 5 8 9 5 8 7 7 7 7 5 5 5 5 6 6 9 6 6 5 4 6 5 5 7 4 7 7 7 6 6 5 7 7 5 5 3 7 7 7 5 5 7 7
39 5 5 7 4 7 4 6 8 9 9 8 6 6 6 5 6 7 2 5 5 5 6 7 4 5 6 6 9 8 6 9 5 6 6 7 7 5 5 8 6 8 5 6 6 5 7 7 9 4 7 8 8 6 4 7 4 6 6 8 6 4 7 6 7 5 5 3 9 5 7 6 6 7 5 7 5 4 6 8 6 6 5 9 7 5 5 7 6 7 7 5 6 7 7 6 6 3 6 5 9
40 4 8 7 6 6 3 8 5 5 6 7 6 6 5 7 5 6 4 5 3 6 6 6 5 5 7 5 7 5 8 5 6 6 6 7 7 5 5 9 9 9 7 7 6 5 6 8 6 4 6 6 5 8 6 7 7 6 7 6 5 8 5 6 6 7 6 5 6 7 7 6 3 6 7 6 6 6 4 6 7 8 6 5 6 6 9 5 8 7 6 8 6 5 6 5 6 8 7 5 7
41 4 7 4 5 5 6 4 7 5 5 2 6 4 4 5 4 6 2 6 5 4 3 6 5 4 5 4 5 7 4 4 6 4 7 3 5 5 2 4 3 5 4 3 6 5 5 4 4 4 6 5 4 7 5 5 4 7 5 6 7 6 5 4 4 5 5 7 8 7 3 4 3 3 6 7 4 4 4 3 4 3 2 4 3 3 2 4 3 8 5 2 4 5 4 5 3 5 5 4 2
42 4 2 5 4 4 2 4 2 2 4 3 4 6 4 4 5 3 3 3 3 5 3 6 4 4 5 4 3 2 5 6 5 4 2 6 5 5 7 4 7 4 5 4 5 5 2 3 4 3 3 6 4 4 3 3 3 4 3 6 6 5 4 5 4 4 4 5 6 5 6 4 4 4 4 5 5 3 5 3 6 4 6 4 5 4 4 3 4 4 5 4 4 5 4 3 6 4 6 6 3
43 5 5 6 7 6 8 6 7 6 6 5 8 6 7 4 7 7 7 6 6 6 8 7 6 5 6 7 6 8 6 5 6 6 5 6 7 6 6 5 5 6 8 7 6 7 6 7 3 8 8 7 7 10 8 4 7 7 6 8 7 9 8 9 6 5 8 8 5 6 7 6 5 8 5 5 7 6 7 7 7 8 7 6 7 6 8 7 7 6 7 7 8 6 5 5 6 7 4 5 7
44 3 4 3 4 4 1 2 4 3 3 2 2 2 4 4 3 1 4 3 3 2 4 3 4 3 4 3 1 3 5 5 3 5 4 3 3 4 2 4 3 4 3 3 3 5 3 5 4 5 2 4 4 3 4 1 5 3 3 4 3 3 2 3 5 3 5 5 4 5 4 3 3 1 4 4 4 3 4 4 3 4 3 3 3 4 3 2 4 2 4 3 3 4 2 3 2 4 5 2 3
45 4 5 2 5 3 3 2 4 5 4 3 5 3 7 4 6 3 2 4 3 3 4 4 6 5 5 5 3 5 7 4 4 5 3 3 5 7 1 6 5 6 3 2 4 3 4 2 5 6 6 4 5 5 6 4 4 5 4 3 3 3 3 5 4 3 4 3 5 3 6 4 5 5 7 3 2 4 6 3 5 5 4 4 4 5 2 3 5 4 3 4 4 5 4 3 4 4 3 3 5
46 6 7 6 6 5 6 4 5 6 5 3 6 7 6 6 4 8 7 9 5 5 7 5 8 6 4 6 9 6 5 6 5 6 5 4 5 5 7 7 6 4 7 7 3 6 4 6 5 7 5 5 7 6 4 3 4 5 7 6 5 6 6 3 5 7 6 5 8 5 4 5 7 5 3 5 7 5 7 7 6 5 6 4 7 6 6 6 5 5 6 5 6 7 6 5 4 5 4 4 4
47 7 7 7 7 7 7 8 7 5 4 7 8 6 7 7 5 8 5 9 8 8 7 6 7 6 5 8 7 7 8 5 8 4 8 5 7 8 7 8 8 6 6 7 6 10 5 7 6 7 6 8 5 7 7 7 5 8 8 8 5 6 7 7 7 7 5 7 7 8 6 6 6 9 5 8 7 7 9 9 6 10 7 9 4 5 6 6 7 8 9 5 6 8 9 7 8 5 9 7 6
48 7 7 8 7 7 8 7 6 7 8 8 9 6 6 9 7 7 8 8 7 6 6 8 8 7 8 7 8 9 6 7 5 7 8 7 5 7 8 8 4 9 8 7 8 5 7 5 8 5 7 7 6 8 8 7 7 6 8 9 8 8 7 6 6 9 8 8 7 7 8 6 8 6 4 8 5 5 8 7 7 7 6 6 8 7 8 6 10 9 8 8 6 8 8 7 7 5 7 8 8
49 3 7 6 6 7 7 6 7 3 5 5 4 6 9 4 4 4 3 7 6 7 6 5 7 6 4 3 7 6 6 7 4 5 9 4 7 6 4 4 3 4 6 5 5 3 4 5 5 4 6 6 3 5 6 7 6 5 8 5 6 6 4 5 5 4 6 7 6 5 6 6 3 7 8 5 8 6 6 4 5 5 6 5 8 5 5 6 8 5 7 6 6 6 5 5 6 5 4 4 5
50 7 5 5 7 8 4 7 8 6 5 4 6 6 6 6 6 7 6 7 5 3 6 8 8 7 5 6 6 6 7 6 7 7 4 6 6 8 7 6 5 7 3 7 5 4 9 6 6 4 6 2 7 5 6 5 8 7 5 5 7 7 5 8 5 5 5 7 7 6 6 4 7 7 7 6 6 7 6 6 4 5 6 10 5 7 4 7 6 6 4 9 5 5 5 6 6 7 6 6 9
51 6 7 6 5 7 6 5 7 5 4 6 6 7 4 6 7 7 5 6 4 7 6 7 4 6 6 6 4 5 5 6 9 6 5 7 5 8 5 5 5 4 4 5 5 4 5 5 7 5 7 6 5 6 5 7 7 5 6 5 4 8 2 5 5 5 7 5 8 5 4 6 5 8 7 6 5 8 5 8 5 6 4 4 3 6 7 4 8 7 7 8 5 6 5 5 4 6 5 6 6
52 4 2 3 5 2 5 1 3 3 5 3 5 4 4 4 4 4 4 3 4 3 4 2 3 4 3 4 3 4 2 2 4 4 4 4 5 5 3 3 4 6 4 4 2 3 3 2 5 2 2 4 4 5 4 5 4 4 4 4 6 4 5 2 3 2 2 1 3 4 6 4 3 4 3 5 3 4 3 4 3 7 3 4 4 3 5 4 4 4 4 5 4 5 3 3 4 2 5 3 5
53 5 4 6 6 4 6 4 6 7 7 6 7 4 5 6 5 6 7 6 4 7 5 4 5 4 3 5 5 4 4 4 2 5 6 7 7 5 4 4 4 7 5 5 6 4 5 6 4 4 4 5 4 6 2 5 6 6 6 5 4 3 6 6 5 5 7 7 4 4 4 5 5 5 7 5 5 1 5 4 4 6 5 7 5 5 6 4 5 3 5 3 7 5 5 5 5 5 3 5 5
54 6 7 4 6 5 7 8 8 7 7 8 4 7 5 9 5 6 5 6 5 5 7 7 7 6 6 6 9 4 5 7 6 5 7 3 6 5 7 7 8 6 6 6 6 5 4 6 7 7 4 5 6 6 6 5 3 6 8 5 4 6 5 6 8 4 8 6 7 5 4 5 5 5 6 7 4 7 5 6 2 5 5 5 4 5 7 6 6 6 4 5 4 6 4 5 5 4 7 6 6
55 6 6 4 3 4 4 5 4 5 2 4 4 2 2 1 3 3 7 3 5 2 3 5 6 5 4 3 5 4 4 3 3 1 4 3 6 5 5 3 3 5 3 4 3 3 2 4 4 2 2 3 4 4 4 4 4 3 3 1 4 3 4 2 3 3 6 3 7 4 4 1 4 4 5 6 3 2 4 6 2 2 2 2 2 4 3 2 4 2 4 3 4 4 2 4 6 3 4 3 3
56 6 5 3 4 4 6 5 5 3 3 3 4 2 5 3 5 6 7 5 5 2 5 1 4 5 3 4 3 5 5 3 5 5 5 6 5 2 4 3 5 4 4 5 3 6 3 5 4 5 5 6 5 6 4 4 4 5 4 3 2 7 5 5 5 4 4 6 4 6 6 4 4 3 5 3 4 7 6 4 4 4 5 4 6 4 5 5 3 4 3 3 6 4 6 5 4 6 4 6 3
57 4 5 6 6 7 5 7 7 5 6 5 6 6 8 6 8 6 5 5 6 5 5 4 6 6 6 6 6 5 7 8 7 6 3 6 3 7 7 6 5 7 6 6 7 5 6 6 4 7 6 6 6 6 5 5 6 5 5 7 4 5 4 7 7 5 5 9 7 6 6 7 7 4 4 6 5 5 6 7 5 6 8 3 6 6 5 5 5 5 5 5 7 4 8 4 5 6 8 7 6
58 3 3 3 4 3 3 6 4 5 3 5 4 5 4 4 3 3 5 5 5 4 6 4 3 1 5 3 3 7 4 6 5 3 3 3 4 2 5 4 6 4 5 5 2 3 2 3 4 1 5 5 5 5 4 2 2 3 5 2 6 6 4 3 5 1 2 5 3 6 3 5 6 4 4 3 4 5 5 2 5 3 3 6 5 4 5 3 2 4 5 5 3 2 3 5 5 5 3 3 3
59 3 5 5 6 4 5 4 7 3 6 5 3 6 5 3 4 5 5 4 3 4 5 4 2 6 4 5 2 3 5 3 4 6 6 5 5 4 3 6 5 4 6 6 4 6 2 3 3 5 3 3 2 3 5 7 5 4 4 4 3 4 4 6 3 7 4 5 3 4 5 4 4 4 4 3 4 4 3 4 4 5 3 4 5 4 4 5 6 3 5 3 3 5 2 5 5 3 2 3 5
60 5 4 5 5 6 4 6 1 6 3 5 4 6 3 4 4 4 5 6 5 5 5 5 5 6 5 3 3 4 5 4 5 5 4 3 5 2 5 5 5 4 4 5 7 5 5 6 5 5 7 3 5 2 5 4 3 6 5 3 5 6 5 4 6 4 6 5 4 2 6 4 3 5 4 7 4 5 5 5 5 5 5 4 8 5 4 5 3 5 4 5 6 3 4 5 6 5 3 5 2
61 4 6 4 6 5 4 8 4 5 7 6 5 5 4 5 4 4 5 4 4 4 5 4 5 6 6 3 8 4 7 5 6 7 5 5 5 6 6 7 4 3 6 5 4 3 6 4 3 8 5 4 6 5 6 5 5 5 5 5 4 7 7 5 5 8 5 5 2 6 6 4 6 5 6 5 7 5 6 6 7 4 4 5 3 5 4 3 6 7 6 6 5 3 3 7 3 3 4 7 5
62 6 7 7 7 8 6 7 6 8 5 8 8 7 5 6 7 7 7 6 7 7 5 6 8 7 6 6 7 6 5 5 6 7 6 8 6 8 7 6 7 8 7 6 5 6 7 4 8 8 7 6 4 7 9 7 6 7 6 8 6 8 7 6 6 5 4 5 8 6 8 5 7 7 7 7 8 6 7 7 7 7 6 6 7 8 8 7 8 6 9 5 7 7 7 6 6 4 7 6 7
63 5 5 3 5 7 3 5 5 6 9 5 5 6 6 6 6 6 5 7 4 6 6 6 6 6 4 6 6 4 3 4 6 4 6 8 5 5 3 7 5 6 6 5 5 5 4 6 4 5 6 4 7 6 6 4 7 7 5 5 2 5 4 3 7 4 7 4 7 4 5 6 6 5 4 5 5 6 5 6 7 6 4 4 5 5 5 4 4 4 5 5 7 7 5 6 7 6 5 3 4
64 4 4 3 5 7 4 4 5 6 6 4 4 5 4 4 4 6 5 6 4 4 4 4 7 5 6 6 2 5 5 3 4 5 3 4 4 3 6 6 6 5 3 6 3 5 6 5 4 4 5 5 5 5 4 4 5 6 3 5 4 6 3 6 6 5 7 6 3 4 3 8 5 4 4 5 7 5 5 3 5 5 6 6 5 2 6 5 5 4 5 5 3 5 6 6 6 5 6 6 6
65 5 8 6 6 6 6 5 5 7 3 5 7 3 6 7 6 6 8 6 4 5 5 6 8 5 7 5 4 8 7 5 6 5 5 6 6 6 4 5 6 7 5 6 5 5 7 7 5 6 4 6 7 5 8 6 5 6 5 5 7 6 8 7 8 5 6 4 5 5 5 7 5 7 7 6 5 7 5 6 5 6 5 6 7 4 7 6 6 7 6 8 6 6 6 6 8 7 7 6 8
66 7 5 7 9 8 7 7 7 7 5 7 7 6 8 8 5 7 7 8 9 6 7 8 5 6 5 6 8 6 8 5 4 5 9 6 6 5 6 9 8 6 8 6 6 5 8 7 6 5 6 6 7 8 7 6 6 5 6 6 8 7 6 6 6 4 8 6 6 8 7 6 6 4 6 6 6 8 6 6 7 4 8 7 6 8 7 7 5 6 6 7 6 6 7 8 7 7 8 8 6
67 5 7 7 6 7 7 6 8 7 6 7 7 6 5 7 7 8 7 5 7 7 7 5 7 4 7 6 5 7 8 5 7 6 6 4 5 9 6 5 8 5 5 6 6 9 6 7 6 7 5 5 7 7 5 6 4 9 4 5 6 7 7 7 6 6 5 7 7 7 4 6 7 5 5 6 7 8 8 6 7 7 7 4 8 7 4 6 5 6 6 6 8 6 7 6 10 6 8 5 6
68 6 6 6 4 5 3 6 5 6 5 3 5 3 7 6 5 6 4 5 6 4 6 5 5 4 7 6 5 5 5 3 3 5 4 5 4 6 6 5 6 7 6 7 4 5 6 5 3 6 4 6 8 6 4 4 5 5 5 4 3 3 3 5 5 3 5 3 4 6 4 5 3 5 4 4 5 5 7 6 7 4 4 5 5 5 5 5 4 7 5 6 2 3 4 5 5 5 6 4 6
69 2 5 6 6 2 4 5 7 5 3 5 4 5 6 4 6 5 5 6 4 6 7 4 5 5 6 2 5 6 4 7 4 5 5 6 4 6 6 4 5 4 6 5 7 6 6 4 4 4 5 6 7 3 3 4 5 2 7 2 5 7 6 7 5 4 5 6 7 5 6 6 4 3 3 7 5 4 6 3 3 5 6 6 5 7 3 6 6 5 5 5 5 5 4 2 4 5 5 8 6
70 3 5 4 5 5 4 5 1 4 4 4 5 5 7 5 2 6 6 4 6 5 3 3 5 5 4 3 6 4 4 5 5 2 4 7 5 2 2 6 5 6 3 4 5 6 5 5 4 2 6 1 2 4 4 4 7 4 5 3 3 6 4 4 7 4 5 5 3 4 7 6 3 4 3 5 4 3 5 6 3 7 6 6 4 4 5 5 5 3 6 5 5 5 3 3 3 5 4 4 3
71 5 5 6 7 4 7 4 3 4 6 6 4 5 6 5 7 6 4 6 4 8 5 4 4 5 3 4 6 4 7 3 7 5 6 8 5 4 5 5 7 5 6 6 6 4 6 5 5 2 6 5 5 7 4 4 5 4 7 6 7 5 4 6 6 6 7 6 8 5 4 4 4 6 7 4 4 4 7 6 7 5 6 5 5 6 5 6 3 6 4 7 5 3 5 7 4 5 6 4 3
72 8 5 7 7 9 5 5 7 3 7 8 6 5 8 6 8 7 7 5 5 7 6 7 7 5 7 5 3 6 7 8 6 5 7 7 5 5 4 7 7 7 6 4 7 6 5 6 7 8 5 7 6 6 5 9 6 8 8 6 10 7 6 6 9 8 6 8 6 5 9 4 4 6 9 7 5 6 5 6 8 9 5 6 7 5 7 7 4 7 5 8 6 7 5 7 7 6 7 5 4
73 3 4 4 2 8 2 4 7 4 6 5 3 5 4 3 5 4 5 3 3 4 4 3 5 3 4 1 6 5 7 5 5 4 5 5 5 4 3 5 4 4 4 2 5 6 3 6 3 5 4 5 4 4 4 6 4 3 4 4 4 3 5 3 5 2 6 4 4 3 3 4 4 5 1 5 4 5 2 4 2 5 4 4 3 4 4 7 3 6 4 6 3 5 2 6 8 4 4 4 4
74 5 4 4 4 5 3 3 4 5 4 3 4 6 3 5 4 5 4 5 6 3 4 4 5 5 4 4 4 5 7 4 5 4 2 6 5 2 5 5 3 3 3 1 4 5 4 4 2 7 4 3 5 5 7 6 4 4 3 4 5 5 8 4 5 4 3 4 5 3 4 5 4 4 4 4 4 6 5 1 5 5 5 4 6 3 5 5 5 4 3 6 5 3 4 4 4 5 5 5 4
75 5 5 4 6 6 4 5 2 6 6 4 3 4 5 6 4 5 7 5 5 6 6 2 5 6 5 4 6 4 5 6 6 7 4 5 2 5 5 3 6 4 4 6 7 3 6 5 5 4 6 4 5 5 3 6 6 5 6 6 4 6 4 6 7 6 5 6 4 5 6 6 5 7 5 4 6 5 4 4 5 3 6 4 5 6 5 4 5 5 6 5 7 3 5 5 5 5 4 5 6
76 5 6 7 9 5 5 6 7 7 7 5 7 7 7 7 5 7 6 8 5 9 9 9 6 4 8 9 7 7 7 9 8 7 5 5 7 7 7 7 6 7 6 7 6 8 6 7 7 5 8 7 8 6 8 6 7 6 6 7 8 6 5 5 7 6 10 6 7 6 7 8 6 8 5 7 8 7 9 7 6 11 9 8 6 5 7 8 8 8 9 7 6 7 7 8 8 8 7 9 7
77 6 5 4 7 4 5 4 4 5 4 4 3 5 7 4 3 4 5 7 5 4 4 6 6 4 4 7 7 5 4 4 5 6 3 7 5 6 8 5 3 3 7 4 4 7 5 5 4 4 4 5 5 3 5 5 5 5 8 4 3 6 4 5 6 4 6 5 7 3 1 4 6 6 3 4 4 6 4 5 3 5 4 5 5 5 5 3 5 3 3 5 4 4 5 4 5 4 5 8 4
78 6 5 6 6 4 9 7 7 7 9 7 7 5 6 6 7 6 5 8 7 6 6 5 6 7 6 5 8 8 6 7 4 5 7 6 6 6 6 9 5 5 8 5 6 8 6 4 5 7 9 7 6 6 6 9 7 8 7 8 8 4 5 6 7 8 5 8 8 7 7 5 6 8 6 8 6 5 6 9 7 8 7 7 5 7 8 6 9 6 6 5 8 6 7 7 7 8 9 7 6
79 3 5 5 5 3 4 5 2 4 4 3 2 4 3 3 4 5 4 5 2 4 4 5 3 3 3 3 2 3 4 6 3 4 5 3 2 4 3 6 5 3 7 5 2 3 5 2 4 1 4 5 5 3 3 5 6 3 3 4 4 5 5 4 4 4 4 3 6 4 6 5 4 4 3 5 4 4 6 6 6 5 2 4 2 2 6 1 3 3 6 4 3 3 5 4 5 5 4 4 5
80 9 6 7 5 6 5 8 9 7 7 6 8 6 7 7 7 7 4 7 6 5 9 7 6 4 7 6 7 6 6 5 7 5 4 6 7 5 7 6 5 6 7 7 6 4 6 6 8 6 7 5 8 8 6 6 6 6 6 6 7 5 6 7 8 6 8 5 6 9 8 6 7 6 6 8 5 4 8 6 6 5 7 5 6 8 7 8 5 6 7 7 6 6 9 7 7 6 4 7 7
81 5 3 2 1 5 1 5 3 3 4 4 3 4 2 3 4 3 5 3 4 1 4 4 5 6 2 4 2 5 2 4 5 5 2 4 4 5 4 3 2 1 4 3 5 4 1 2 3 3 3 4 4 5 4 4 3 6 3 5 2 3 6 2 3 2 6 4 6 4 2 2 3 5 3 4 4 4 3 6 5 3 5 4 3 5 3 3 2 4 2 3 3 6 4 5 4 4 3 3 5
82 5 5 5 6 6 6 6 7 6 7 2 5 5 7 4 3 5 5 5 4 7 6 5 5 6 4 6 5 8 7 4 5 3 8 5 3 6 7 5 6 5 5 4 5 6 7 7 6 6 6 4 7 5 7 6 6 8 3 4 6 7 5 5 4 6 4 8 4 6 7 6 3 3 5 7 6 7 4 6 7 8 4 6 5 2 7 4 4 4 6 6 5 5 5 4 4 6 5 4 4
83 5 5 5 5 6 7 3 5 4 8 5 5 2 4 3 5 5 4 4 5 8 5 6 7 5 4 6 5 5 6 7 4 5 7 4 8 5 8 5 5 5 5 5 5 5 4 6 6 5 6 5 5 5 7 7 6 5 6 5 2 6 5 5 5 5 6 3 4 3 7 6 4 4 5 3 6 5 6 4 4 5 4 4 7 5 4 6 4 5 7 3 6 4 5 5 3 2 4 8 4
84 5 6 4 4 4 5 4 2 3 3 4 2 5 3 2 3 5 3 3 5 5 2 1 4 2 4 3 4 3 4 6 4 3 3 2 3 2 2 2 4 3 4 3 2 2 3 5 3 3 4 1 4 4 2 3 4 6 1 7 3 4 3 5 4 5 4 4 3 3 5 4 5 3 4 5 5 5 3 4 5 3 4 3 5 1 2 5 4 1 3 4 4 4 2 2 2 1 2 4 6
85 6 6 8 7 8 5 4 5 6 5 6 8 6 4 4 6 7 6 7 8 5 5 7 5 6 5 6 6 7 7 6 6 7 7 6 6 3 7 6 9 6 8 4 7 6 7 6 6 7 6 8 7 7 6 5 6 5 7 6 5 7 5 5 6 7 6 7 7 8 6 6 8 6 6 6 7 6 7 7 6 7 5 6 5 6 5 5 7 6 6 8 7 7 5 7 6 6 6 3 7
86 5 4 4 4 4 4 2 4 5 2 3 3 6 4 4 4 3 4 5 6 4 4 5 3 5 4 4 7 4 5 5 3 6 4 4 1 4 6 5 4 2 5 4 6 4 3 1 5 4 4 5 4 3 4 5 5 4 6 4 1 2 6 5 5 4 3 5 6 4 3 4 2 3 5 1 3 4 4 3 4 6 3 3 5 5 4 7 3 5 3 3 6 6 6 4 2 5 4 3 4
87 6 8 6 7 3 3 4 4 7 6 5 5 4 3 5 5 7 6 4 3 7 7 4 2 4 6 6 5 4 5 4 4 5 4 6 6 5 6 3 5 4 5 2 4 5 5 7 4 5 3 7 5 5 5 6 6 3 3 6 6 3 5 6 4 6 5 5 4 6 6 5 7 4 5 5 4 6 6 7 3 4 4 6 7 4 5 6 6 7 3 5 5 5 4 6 2 4 4 7 6
88 6 6 3 4 4 2 5 5 7 6 4 6 5 4 5 5 3 3 5 5 5 4 3 5 5 5 4 3 4 3 4 4 6 4 4 5 2 4 3 5 3 7 5 4 3 4 3 7 5 3 6 6 2 5 5 7 2 4 5 4 4 5 4 5 4 5 4 6 4 6 3 4 5 4 4 4 5 6 4 2 2 5 3 5 3 3 6 5 6 2 5 4 7 4 4 8 3 3 4 3
89 4 4 5 5 5 7 5 5 2 3 5 5 6 8 7 5 4 7 4 4 5 7 5 6 3 6 4 5 4 3 5 4 6 5 7 4 5 4 6 5 4 5 5 5 3 6 4 6 4 5 6 4 9 6 7 4 4 6 5 3 4 8 6 4 3 6 7 4 5 6 3 5 4 7 5 7 6 6 4 7 6 4 6 4 4 5 5 6 6 8 5 5 4 5 5 5 6 4 6 5
90 4 5 5 6 8 4 4 6 6 4 6 6 6 6 6 5 6 5 7 6 8 6 5 6 3 5 8 5 4 5 7 6 4 5 5 7 6 6 3 6 7 4 6 6 6 4 6 5 5 7 6 6 5 5 6 5 5 6 5 5 5 6 6 6 2 5 7 4 5 7 7 5 6 5 6 5 5 6 5 6 4 4 7 4 7 7 6 7 6 6 8 5 6 5 6 7 6 7 6 8
91 5 3 5 7 5 5 4 5 6 7 5 5 3 4 4 5 5 5 2 5 8 5 5 4 2 5 2 7 5 5 2 4 3 3 6 5 4 5 4 7 2 3 6 7 4 6 5 4 5 7 4 4 5 6 7 4 5 4 5 2 5 4 5 4 3 4 5 5 3 6 3 4 5 5 3 5 5 5 3 6 4 6 6 4 5 3 3 4 4 6 5 5 5 3 6 6 5 6 6 6
92 4 5 3 3 2 1 5 3 3 2 4 4 3 2 2 3 2 3 2 2 3 3 4 5 3 5 4 3 2 3 3 3 1 3 3 1 6 1 2 2 1 4 5 4 4 3 1 3 1 1 2 3 4 2 4 3 3 3 4 4 2 5 4 3 3 3 3 2 2 6 2 3 4 1 2 2 2 3 2 4 3 3 4 1 3 2 4 5 3 5 3 5 5 3 4 1 3 3 3 2
93 3 3 1 3 3 2 2 1 4 2 4 3 3 4 2 3 2 1 6 1 5 3 2 2 4 1 3 2 4 3 2 5 2 3 1 1 1 4 3 3 6 4 2 2 3 4 2 3 2 3 3 2 1 3 1 5 3 3 3 3 4 4 5 2 3 3 4 6 5 2 4 2 4 6 2 2 2 2 1 1 3 4 2 4 3 2 4 4 3 2 2 3 3 3 2 2 3 3 3 3
94 8 10 6 7 9 9 9 7 7 10 6 5 8 7 9 10 9 11 9 9 9 8 8 5 8 9 9 8 10 7 9 7 7 9 9 6 5 9 10 7 7 9 7 7 7 7 6 7 8 7 8 9 7 9 9 7 9 6 10 8 6 9 7 7 7 7 7 8 9 10 7 6 9 7 9 8 8 8 9 7 12 11 5 9 8 8 8 9 9 9 8 6 7 7 8 8 8 7 8 8
95 5 5 3 5 8 7 7 6 6 6 4 5 6 5 4 8 6 5 4 7 3 6 3 7 7 8 6 5 5 5 6 7 5 4 5 5 6 6 5 4 7 5 5 5 4 4 9 7 6 5 7 5 5 7 8 7 8 7 7 5 5 4 8 7 8 5 4 5 7 5 6 7 5 3 6 3 6 6 5 5 7 4 6 5 5 4 4 7 5 7 5 6 7 6 7 5 4 6 6 6
96 6 6 4 5 6 8 8 7 7 6 5 5 6 9 7 7 4 7 7 6 5 7 5 4 7 7 6 6 5 7 7 8 5 7 5 5 6 6 6 6 6 6 8 5 6 6 7 8 5 6 5 6 6 7 3 5 4 6 7 6 4 4 4 5 6 6 7 4 4 7 4 4 6 6 6 5 7 5 7 6 7 6 7 6 5 6 5 6 3 5 6 8 7 7 6 6 7 5 6 7
97 1 3 3 2 4 4 3 3 4 2 4 5 4 2 3 3 4 5 4 5 5 4 3 3 4 4 3 1 3 2 1 5 5 3 3 2 2 1 2 1 4 4 4 4 3 4 3 4 2 4 3 2 5 3 3 3 4 3 4 4 4 4 2 2 5 3 5 3 4 1 4 2 2 4 3 1 1 3 4 3 3 3 5 1 1 2 4 2 1 5 2 3 3 2 1 2 2 5 5 4
98 5 5 5 5 4 4 4 5 5 3 4 4 4 3 6 5 5 3 4 4 5 5 4 4 3 5 3 4 5 1 4 3 6 5 4 5 5 3 3 7 6 3 4 4 6 3 6 5 5 3 3 5 4 5 3 4 8 4 4 4 4 5 4 3 5 6 3 4 8 5 3 5 5 1 7 2 4 4 3 6 6 2 4 5 4 4 5 4 5 3 4 4 4 4 4 3 4 4 4 7
99 5 5 6 4 3 4 5 6 8 6 3 4 4 4 5 6 5 6 6 4 5 6 6 6 5 6 4 5 6 4 6 5 6 6 5 7 3 8 4 6 5 5 6 5 6 6 7 5 5 4 6 6 8 6 6 4 7 4 5 5 6 3 4 4 5 8 5 8 5 7 4 6 6 6 7 6 5 8 6 2 8 4 6 5 5 5 5 6 6 6 6 6 6 5 7 5 6 6 5 5
100 4 4 3 2 4 4 4 5 5 6 7 5 5 3 6 6 6 4 4 4 6 3 5 5 5 2 3 7 5 4 5 4 5 4 4 5 6 6 5 3 4 4 6 5 3 5 5 5 4 5 5 3 4 6 5 4 3 4 4 4 5 7 6 5 5 6 4 5 3 6 5 6 5 5 4 7 3 4 5 6 4 4 6 6 3 3 4 4 4 5 4 5 6 4 3 4 4 5 5 7

Probability of each scenario occurring:
0.01 0.01 0.01 0.01 0.01 0.01 0.01 0.01 0.01 0.01 0.01 0.01 0.01 0.01 0.01 0.01 0.01 0.01 0.01 0.01 0.01 0.01 0.01 0.01 0.01 0.01 0.01 0.01 0.01 0.01 0.01 0.01 0.01 0.01 0.01 0.01 0.01 0.01 0.01 0.01 0.01 0.01 0.01 0.01 0.01 0.01 0.01 0.01 0.01 0.01 0.01 0.01 0.01 0.01 0.01 0.01 0.01 0.01 0.01 0.01 0.01 0.01 0.01 0.01 0.01 0.01 0.01 0.01 0.01 0.01 0.01 0.01 0.01 0.01 0.01 0.01 0.01 0.01 0.01 0.01 0.01 0.01 0.01 0.01 0.01 0.01 0.01 0.01 0.01 0.01 0.01 0.01 0.01 0.01 0.01 0.01 0.01 0.01 0.01 0.01

Travel costs:
0.0 2.21 1.447 1.305 1.723 1.496 1.918 1.28 1.415 1.964 1.489 0.818 0.672 2.29 2.16 0.424 0.802 2.277 1.128 1.474 1.789 0.858 2.031 1.78 1.713 2.327 2.383 1.027 2.218 1.552 0.679 1.761 1.293 1.004 0.536 1.452 2.045 2.582 1.282 0.993 1.711 1.561 1.99 1.074 1.455 1.773 2.531 1.315 2.294 1.166 1.828 1.622 1.463 2.393 1.002 0.963 1.441 0.764 1.928 0.993 1.986 0.484 2.222 1.951 1.206 1.956 0.678 2.728 2.072 1.288 2.033 1.886 0.851 1.636 1.02 2.084 1.917 1.853 2.188 1.881 1.913 1.229 0.685 1.801 2.134 2.13 2.28 1.954 1.72 1.753 2.331 2.225 1.928 1.501 1.716 1.392 1.654 2.276 1.261 2.123 1.357
2.21 0.0 2.222 2.924 1.489 3.682 4.127 2.686 2.277 1.244 0.928 3.025 2.68 0.088 4.369 2.584 2.003 3.022 3.275 0.807 3.908 2.445 0.44 0.653 3.558 3.67 3.64 3.065 3.617 1.671 2.684 0.46 1.404 3.212 1.814 0.799 3.217 3.123 3.491 1.657 3.674 3.759 0.437 2.201 3.646 1.182 0.448 2.253 2.585 1.115 3.249 0.588 3.478 4.598 3.213 3.172 1.987 2.811 4.136 3.203 1.903 2.311 3.756 2.158 1.388 4.084 1.543 4.925 0.287 3.476 4.118 1.785 2.942 0.574 1.238 3.45 2.449 2.597 4.386 1.895 1.627 3.372 2.837 3.966 0.254 0.164 2.797 4.087 2.56 2.806 4.484 2.989 4.097 2.976 0.505 3.596 1.264 2.434 1.14 2.043 3.392
1.447 2.222 0.0 0.917 0.841 2.575 2.703 2.713 0.077 2.732 2.074 1.816 1.22 2.309 2.903 1.421 0.657 3.646 1.754 1.915 2.972 2.291 2.33 2.207 1.558 3.773 3.828 2.387 3.664 0.592 2.098 1.825 0.831 2.053 1.046 1.853 3.477 1.18 2.195 0.717 3.05 2.293 1.808 0.383 2.169 2.538 2.665 2.641 0.849 1.278 3.274 1.785 1.674 3.068 1.998 1.935 2.65 2.154 2.692 1.991 3.055 1.922 3.662 0.572 2.117 3.11 1.489 3.302 2.27 2.021 2.295 0.733 2.196 1.799 1.258 1.235 0.471 3.191 2.826 2.97 2.878 1.813 1.996 2.334 2.311 2.247 0.852 3.099 0.365 3.155 2.752 3.596 3.001 2.946 1.79 2.398 2.479 0.849 1.147 0.819 2.681
1.305 2.924 0.917 0.0 1.721 1.873 1.863 2.515 0.84 3.115 2.517 1.207 0.702 3.013 2.04 1.015 0.934 3.555 0.973 2.414 2.299 2.114 2.922 2.735 0.657 3.452 3.536 1.924 3.331 1.463 1.76 2.48 1.55 1.411 1.253 2.364 3.255 1.573 1.456 1.267 2.502 1.467 2.555 0.738 1.35 2.915 3.341 2.618 1.54 1.837 2.979 2.396 0.772 2.185 1.338 1.277 2.739 1.761 1.847 1.334 3.259 1.754 3.269 1.444 2.389 2.409 1.736 2.397 2.902 1.23 1.379 1.65 1.745 2.411 1.749 0.783 1.187 3.149 1.942 3.158 3.149 1.001 1.549 1.449 2.953 2.91 1.379 2.392 0.872 3.016 1.84 3.504 2.26 2.678 2.438 1.677 2.82 1.62 1.784 1.71 2.146
1.723 1.489 0.841 1.721 0.0 3.119 3.367 2.82 0.913 2.285 1.637 2.352 1.808 1.569 3.586 1.892 1.029 3.586 2.414 1.439 3.47 2.427 1.701 1.658 2.376 3.916 3.942 2.75 3.824 0.257 2.395 1.175 0.454 2.586 1.19 1.371 3.546 1.641 2.792 0.731 3.434 2.958 1.053 1.012 2.833 2.115 1.936 2.597 1.112 0.887 3.422 1.195 2.435 3.776 2.55 2.492 2.499 2.487 3.363 2.541 2.759 2.108 3.874 0.672 1.856 3.627 1.399 4.042 1.605 2.669 3.078 0.318 2.57 1.205 0.969 2.057 0.965 3.115 3.539 2.695 2.531 2.491 2.391 3.058 1.632 1.552 1.309 3.621 1.12 3.171 3.516 3.54 3.558 3.094 1.153 2.968 2.098 0.976 0.697 0.614 3.077
1.496 3.682 2.575 1.873 3.119 0.0 0.633 1.593 2.512 3.173 2.87 0.77 1.357 3.757 0.843 1.228 2.094 2.541 0.906 2.905 0.431 1.465 3.449 3.182 1.705 2.006 2.132 0.745 1.882 2.903 1.051 3.243 2.733 0.533 1.998 2.896 2.041 3.445 0.423 2.402 0.799 0.608 3.485 2.214 0.648 3.015 3.965 2.024 3.36 2.663 1.681 3.099 1.294 1.088 0.579 0.641 2.327 0.923 0.665 0.586 2.915 1.412 1.721 3.147 2.476 0.54 2.14 1.456 3.514 0.68 1.347 3.205 0.781 3.112 2.516 2.492 2.979 2.332 0.978 2.809 2.971 0.905 0.846 0.925 3.577 3.586 3.236 0.526 2.689 2.036 1.317 2.498 0.44 1.534 3.199 0.2 2.879 3.405 2.75 3.378 0.603
1.918 4.127 2.703 1.863 3.367 0.633 0.0 2.222 2.632 3.737 3.375 1.102 1.562 4.208 0.243 1.557 2.348 3.172 0.957 3.384 0.879 2.063 3.939 3.68 1.481 2.593 2.725 1.362 2.473 3.129 1.618 3.675 3.033 0.928 2.355 3.367 2.664 3.387 0.637 2.694 1.369 0.412 3.884 2.385 0.537 3.568 4.446 2.638 3.404 3.054 2.302 3.539 1.127 0.485 0.917 0.955 2.93 1.498 0.038 0.927 3.523 1.951 2.29 3.269 3.013 0.856 2.594 0.846 3.987 0.698 0.877 3.397 1.36 3.553 2.914 2.316 3.044 2.964 0.344 3.416 3.562 0.89 1.366 0.494 4.05 4.048 3.234 0.829 2.733 2.669 0.708 3.13 0.631 2.166 3.63 0.589 3.435 3.478 3.111 3.522 1.234
1.28 2.686 2.713 2.515 2.82 1.593 2.222 0.0 2.688 1.792 1.759 1.501 1.816 2.738 2.436 1.502 2.057 1.062 1.934 1.892 1.562 0.423 2.326 2.058 2.754 1.097 1.128 0.87 1.007 2.709 0.784 2.348 2.366 1.47 1.699 1.918 0.765 3.862 1.725 2.15 1.138 2.059 2.668 2.349 2.018 1.688 2.825 0.504 3.554 2.018 0.606 2.194 2.394 2.679 1.537 1.556 0.837 0.84 2.251 1.531 1.374 0.797 1.092 3.18 1.299 1.722 1.43 3.047 2.44 1.916 2.764 3.048 0.937 2.202 1.891 3.296 3.184 0.749 2.565 1.276 1.494 2.014 1.06 2.391 2.5 2.546 3.556 1.738 2.999 0.513 2.869 1.012 1.845 0.293 2.313 1.653 1.555 3.519 2.188 3.316 1.028
1.415 2.277 0.077 0.84 0.913 2.512 2.632 2.688 0.0 2.757 2.102 1.757 1.159 2.364 2.83 1.369 0.638 3.632 1.684 1.947 2.912 2.265 2.374 2.244 1.481 3.741 3.798 2.34 3.631 0.661 2.058 1.873 0.88 1.992 1.037 1.886 3.452 1.189 2.129 0.738 2.999 2.222 1.866 0.342 2.098 2.562 2.718 2.629 0.889 1.312 3.243 1.828 1.598 2.994 1.936 1.873 2.648 2.11 2.62 1.929 3.065 1.893 3.624 0.64 2.128 3.049 1.493 3.226 2.318 1.951 2.218 0.81 2.149 1.843 1.284 1.175 0.505 3.18 2.752 2.978 2.893 1.742 1.947 2.26 2.359 2.298 0.869 3.037 0.346 3.136 2.676 3.582 2.936 2.916 1.838 2.334 2.498 0.901 1.189 0.891 2.629
1.964 1.244 2.732 3.115 2.285 3.173 3.737 1.792 2.757 0.0 0.663 2.711 2.612 1.25 3.976 2.387 2.231 1.835 3.08 0.849 3.273 1.725 0.804 0.669 3.641 2.596 2.539 2.447 2.567 2.35 2.125 1.194 1.962 2.824 1.864 0.916 2.128 3.848 3.122 2.019 2.913 3.445 1.493 2.533 3.356 0.2 1.168 1.291 3.363 1.468 2.251 1.114 3.425 4.221 2.855 2.837 0.961 2.251 3.756 2.846 0.672 1.787 2.748 2.913 0.758 3.445 1.381 4.581 0.958 3.202 3.992 2.6 2.392 1.108 1.473 3.815 3.108 1.46 4.05 0.687 0.4 3.181 2.371 3.726 0.993 1.081 3.503 3.456 3.097 1.737 4.254 1.808 3.523 2.046 1.194 3.152 0.31 3.248 1.633 2.899 2.722
1.489 0.928 2.074 2.517 1.637 2.87 3.375 1.759 2.102 0.663 0.0 2.293 2.085 0.979 3.618 1.906 1.605 2.158 2.614 0.206 3.05 1.54 0.589 0.316 3.081 2.75 2.727 2.202 2.693 1.69 1.833 0.659 1.3 2.447 1.268 0.271 2.303 3.186 2.741 1.366 2.776 3.041 0.993 1.895 2.939 0.48 1.106 1.328 2.702 0.806 2.322 0.531 2.908 3.857 2.462 2.433 1.081 1.963 3.388 2.453 1.15 1.462 2.829 2.253 0.461 3.226 0.828 4.203 0.685 2.774 3.51 1.949 2.101 0.531 0.818 3.186 2.446 1.71 3.664 1.105 0.902 2.715 2.028 3.29 0.747 0.787 2.841 3.232 2.44 1.892 3.82 2.12 3.263 2.048 0.639 2.812 0.468 2.591 0.972 2.249 2.517
0.818 3.025 1.816 1.207 2.352 0.77 1.102 1.501 1.757 2.711 2.293 0.0 0.598 3.106 1.343 0.47 1.325 2.56 0.434 2.29 1.156 1.187 2.846 2.592 1.271 2.294 2.392 0.746 2.17 2.133 0.727 2.573 1.978 0.238 1.265 2.269 2.167 2.757 0.469 1.643 1.296 0.747 2.786 1.449 0.648 2.53 3.349 1.778 2.622 1.956 1.851 2.437 0.895 1.575 0.2 0.149 2.013 0.663 1.11 0.19 2.604 0.947 2.083 2.385 1.964 1.297 1.496 1.912 2.889 0.491 1.315 2.436 0.591 2.451 1.814 1.927 2.237 2.228 1.372 2.495 2.592 0.519 0.441 1.015 2.951 2.947 2.52 1.287 1.959 2.012 1.543 2.51 1.208 1.587 2.527 0.617 2.403 2.655 2.023 2.611 0.938
0.672 2.68 1.22 0.702 1.808 1.357 1.562 1.816 1.159 2.612 2.085 0.598 0.0 2.766 1.786 0.314 0.786 2.863 0.619 2.03 1.753 1.421 2.578 2.35 1.042 2.756 2.837 1.247 2.636 1.574 1.058 2.22 1.477 0.833 0.868 1.994 2.553 2.186 0.992 1.138 1.868 1.155 2.382 0.858 1.031 2.417 3.051 1.95 2.026 1.568 2.279 2.103 0.824 1.988 0.778 0.716 2.105 1.064 1.559 0.771 2.658 1.072 2.585 1.79 1.858 1.89 1.257 2.282 2.592 0.864 1.443 1.861 1.061 2.118 1.442 1.48 1.64 2.468 1.757 2.552 2.583 0.708 0.86 1.301 2.651 2.629 1.934 1.879 1.368 2.32 1.808 2.812 1.787 1.976 2.175 1.185 2.305 2.058 1.59 2.022 1.501
2.29 0.088 2.309 3.013 1.569 3.757 4.208 2.738 2.364 1.25 0.979 3.106 2.766 0.0 4.449 2.667 2.091 3.046 3.359 0.871 3.979 2.506 0.454 0.69 3.646 3.71 3.678 3.134 3.66 1.755 2.755 0.546 1.491 3.291 1.899 0.868 3.255 3.201 3.571 1.745 3.738 3.841 0.516 2.289 3.729 1.202 0.368 2.298 2.661 1.202 3.296 0.67 3.565 4.679 3.292 3.253 2.025 2.882 4.216 3.282 1.915 2.381 3.803 2.238 1.44 4.155 1.62 5.007 0.309 3.558 4.204 1.863 3.014 0.655 1.324 3.537 2.531 2.627 4.468 1.912 1.639 3.456 2.912 4.05 0.261 0.193 2.876 4.158 2.645 2.845 4.569 3.014 4.171 3.027 0.591 3.674 1.291 2.509 1.229 2.118 3.46
2.16 4.369 2.903 2.04 3.586 0.843 0.243 2.436 2.83 3.976 3.618 1.343 1.786 4.449 0.0 1.794 2.572 3.362 1.173 3.627 1.013 2.294 4.181 3.922 1.602 2.741 2.876 1.584 2.624 3.345 1.855 3.916 3.261 1.171 2.591 3.609 2.842 3.533 0.88 2.922 1.522 0.631 4.122 2.596 0.755 3.808 4.688 2.863 3.578 3.292 2.48 3.78 1.282 0.247 1.16 1.197 3.16 1.732 0.233 1.169 3.752 2.191 2.429 3.464 3.254 0.95 2.836 0.614 4.23 0.923 0.91 3.606 1.593 3.794 3.153 2.435 3.227 3.173 0.206 3.645 3.796 1.098 1.606 0.606 4.292 4.29 3.397 0.923 2.912 2.87 0.611 3.321 0.728 2.364 3.87 0.824 3.675 3.66 3.346 3.72 1.429
0.424 2.584 1.421 1.015 1.892 1.228 1.557 1.502 1.369 2.387 1.906 0.47 0.314 2.667 1.794 0.0 0.872 2.549 0.709 1.878 1.585 1.108 2.434 2.191 1.322 2.455 2.532 0.976 2.337 1.681 0.751 2.128 1.509 0.697 0.799 1.851 2.242 2.458 0.933 1.176 1.63 1.176 2.327 1.04 1.062 2.197 2.927 1.646 2.255 1.498 1.973 1.997 1.045 2.017 0.669 0.617 1.817 0.768 1.561 0.66 2.382 0.765 2.296 1.976 1.63 1.738 1.084 2.34 2.466 0.891 1.61 1.993 0.786 2.012 1.359 1.794 1.868 2.158 1.802 2.276 2.326 0.81 0.582 1.392 2.526 2.516 2.189 1.731 1.618 2.006 1.919 2.498 1.668 1.666 2.082 1.085 2.078 2.269 1.557 2.187 1.26
0.802 2.003 0.657 0.934 1.029 2.094 2.348 2.057 0.638 2.231 1.605 1.325 0.786 2.091 2.572 0.872 0.0 2.994 1.402 1.488 2.457 1.635 1.989 1.807 1.555 3.123 3.175 1.789 3.016 0.81 1.471 1.553 0.697 1.561 0.408 1.435 2.821 1.826 1.763 0.366 2.467 1.941 1.657 0.323 1.817 2.032 2.412 1.992 1.498 0.904 2.623 1.463 1.501 2.771 1.522 1.464 2.023 1.54 2.345 1.514 2.469 1.268 3.024 1.15 1.547 2.609 0.891 3.056 1.969 1.65 2.15 1.124 1.601 1.479 0.817 1.584 1.128 2.543 2.538 2.377 2.319 1.486 1.408 2.07 2.021 1.981 1.506 2.602 0.971 2.499 2.557 2.944 2.533 2.294 1.51 1.94 1.951 1.475 0.867 1.335 2.101
2.277 3.022 3.646 3.555 3.586 2.541 3.172 1.062 3.632 1.835 2.158 2.56 2.863 3.046 3.362 2.549 2.994 0.0 2.991 2.349 2.387 1.442 2.593 2.374 3.815 0.93 0.821 1.883 0.969 3.531 1.846 2.817 3.149 2.511 2.601 2.4 0.557 4.821 2.745 3.005 1.881 3.07 3.151 3.306 3.043 1.845 3.002 1.008 4.46 2.71 0.902 2.682 3.454 3.594 2.582 2.606 1.102 1.897 3.205 2.577 1.175 1.805 1.211 4.052 1.774 2.513 2.211 3.953 2.738 2.956 3.795 3.856 1.983 2.684 2.617 4.338 4.11 0.471 3.516 1.148 1.436 3.068 2.12 3.405 2.786 2.861 4.498 2.535 3.962 0.549 3.854 0.051 2.689 1.013 2.795 2.64 1.758 4.401 2.899 4.146 1.939
1.128 3.275 1.754 0.973 2.414 0.906 0.957 1.934 1.684 3.08 2.614 0.434 0.619 3.359 1.173 0.709 1.402 2.991 0.0 2.585 1.336 1.618 3.141 2.899 0.867 2.685 2.79 1.147 2.56 2.173 1.16 2.816 2.095 0.522 1.465 2.556 2.586 2.544 0.485 1.757 1.602 0.545 2.993 1.429 0.42 2.893 3.629 2.206 2.491 2.171 2.26 2.691 0.47 1.369 0.442 0.4 2.43 1.095 0.95 0.443 3.017 1.356 2.453 2.324 2.325 1.438 1.792 1.665 3.168 0.267 0.913 2.441 1.013 2.706 2.039 1.6 2.119 2.662 1.138 2.908 2.989 0.101 0.875 0.691 3.228 3.213 2.348 1.421 1.816 2.444 1.213 2.942 1.288 2.009 2.77 0.708 2.77 2.551 2.204 2.572 1.275
1.474 0.807 1.915 2.414 1.439 2.905 3.384 1.892 1.947 0.849 0.206 2.29 2.03 0.871 3.627 1.878 1.488 2.349 2.585 0.0 3.112 1.637 0.557 0.324 2.999 2.91 2.893 2.266 2.848 1.503 1.888 0.473 1.12 2.459 1.184 0.067 2.47 3.006 2.747 1.219 2.867 3.035 0.807 1.762 2.929 0.677 1.062 1.486 2.515 0.637 2.469 0.333 2.851 3.863 2.468 2.433 1.261 2.017 3.396 2.458 1.357 1.514 2.973 2.065 0.607 3.288 0.796 4.202 0.609 2.761 3.468 1.753 2.15 0.335 0.677 3.057 2.27 1.895 3.662 1.311 1.108 2.685 2.059 3.27 0.672 0.688 2.662 3.292 2.28 2.061 3.797 2.31 3.311 2.184 0.447 2.834 0.674 2.399 0.789 2.052 2.589
1.789 3.908 2.972 2.299 3.47 0.431 0.879 1.562 2.912 3.273 3.05 1.156 1.753 3.979 1.013 1.585 2.457 2.387 1.336 3.112 0.0 1.55 3.638 3.366 2.129 1.728 1.863 0.848 1.611 3.265 1.224 3.486 3.065 0.92 2.314 3.111 1.851 3.871 0.854 2.743 0.514 1.002 3.75 2.603 1.063 3.133 4.156 2.042 3.772 2.943 1.49 3.336 1.721 1.225 0.98 1.043 2.367 1.097 0.917 0.987 2.932 1.598 1.417 3.541 2.626 0.176 2.384 1.575 3.717 1.11 1.707 3.578 0.969 3.348 2.795 2.923 3.389 2.254 1.197 2.831 3.026 1.336 1.105 1.286 3.781 3.8 3.656 0.184 3.103 1.929 1.585 2.349 0.303 1.425 3.442 0.631 2.995 3.81 3.049 3.764 0.551
0.858 2.445 2.291 2.114 2.427 1.465 2.063 0.423 2.265 1.725 1.54 1.187 1.421 2.506 2.294 1.108 1.635 1.442 1.618 1.637 1.55 0.0 2.127 1.853 2.398 1.501 1.543 0.726 1.401 2.304 0.469 2.066 1.974 1.211 1.284 1.652 1.188 3.439 1.496 1.741 1.236 1.833 2.371 1.926 1.771 1.582 2.641 0.595 3.133 1.662 1.001 1.911 2.061 2.541 1.265 1.27 0.867 0.572 2.087 1.258 1.462 0.375 1.45 2.763 1.093 1.724 1.062 2.907 2.223 1.646 2.493 2.643 0.705 1.921 1.527 2.897 2.762 1.057 2.395 1.354 1.506 1.707 0.758 2.151 2.285 2.318 3.133 1.734 2.576 0.904 2.657 1.391 1.798 0.67 2.027 1.475 1.445 3.101 1.821 2.906 1.001
2.031 0.44 2.33 2.922 1.701 3.449 3.939 2.326 2.374 0.804 0.589 2.846 2.578 0.454 4.181 2.434 1.989 2.593 3.141 0.557 3.638 2.127 0.0 0.274 3.527 3.271 3.234 2.79 3.224 1.835 2.419 0.527 1.5 3.012 1.721 0.585 2.812 3.336 3.302 1.681 3.363 3.592 0.741 2.235 3.486 0.748 0.518 1.869 2.813 1.09 2.868 0.545 3.397 4.418 3.022 2.989 1.584 2.549 3.951 3.013 1.464 2.046 3.375 2.369 1.038 3.814 1.353 4.758 0.154 3.318 4.019 2.015 2.685 0.531 1.174 3.522 2.624 2.177 4.218 1.459 1.188 3.241 2.605 3.826 0.193 0.277 2.998 3.82 2.686 2.404 4.353 2.561 3.848 2.61 0.552 3.384 0.84 2.675 1.185 2.297 3.106
1.78 0.653 2.207 2.735 1.658 3.182 3.68 2.058 2.244 0.669 0.316 2.592 2.35 0.69 3.922 2.191 1.807 2.374 2.899 0.324 3.366 1.853 0.274 0.0 3.322 3.02 2.988 2.518 2.969 1.757 2.148 0.526 1.391 2.752 1.507 0.371 2.565 3.266 3.044 1.525 3.09 3.339 0.828 2.074 3.235 0.555 0.79 1.609 2.759 0.934 2.607 0.464 3.173 4.16 2.765 2.733 1.335 2.278 3.692 2.755 1.284 1.776 3.115 2.31 0.765 3.542 1.107 4.504 0.384 3.068 3.786 1.976 2.415 0.455 0.991 3.368 2.538 1.945 3.964 1.263 1.013 3.0 2.339 3.58 0.442 0.498 2.923 3.548 2.569 2.155 4.109 2.34 3.578 2.344 0.529 3.12 0.618 2.633 1.063 2.269 2.832
1.713 3.558 1.558 0.657 2.376 1.705 1.481 2.754 1.481 3.641 3.081 1.271 1.042 3.646 1.602 1.322 1.555 3.815 0.867 2.999 2.129 2.398 3.527 3.322 0.0 3.552 3.655 2.009 3.426 2.118 1.969 3.108 2.202 1.389 1.816 2.954 3.438 1.943 1.295 1.906 2.454 1.154 3.201 1.393 1.071 3.443 3.965 2.961 2.058 2.455 3.12 3.013 0.412 1.692 1.309 1.265 3.138 1.926 1.454 1.31 3.698 2.081 3.32 2.048 2.892 2.197 2.266 1.841 3.518 1.029 0.789 2.288 1.862 3.029 2.355 0.836 1.751 3.455 1.459 3.592 3.624 0.824 1.701 0.998 3.572 3.535 1.843 2.175 1.438 3.266 1.265 3.765 2.007 2.857 3.064 1.508 3.336 2.168 2.42 2.318 2.139
2.327 3.67 3.773 3.452 3.916 2.006 2.593 1.097 3.741 2.596 2.75 2.294 2.756 3.71 2.741 2.455 3.123 0.93 2.685 2.91 1.728 1.501 3.271 3.02 3.552 0.0 0.142 1.548 0.126 3.803 1.707 3.38 3.463 2.164 2.784 2.947 0.467 4.894 2.32 3.241 1.225 2.601 3.71 3.399 2.61 2.554 3.734 1.424 4.62 3.106 0.501 3.231 3.152 2.949 2.243 2.287 1.687 1.692 2.63 2.242 1.992 1.856 0.331 4.261 2.303 1.812 2.525 3.287 3.403 2.571 3.347 4.142 1.714 3.236 2.983 4.209 4.244 1.144 2.922 1.934 2.217 2.738 1.904 2.929 3.458 3.518 4.602 1.837 4.036 0.868 3.3 0.922 2.02 0.831 3.349 2.157 2.44 4.596 3.28 4.407 1.439
2.383 3.64 3.828 3.536 3.942 2.132 2.725 1.128 3.798 2.539 2.727 2.392 2.837 3.678 2.876 2.532 3.175 0.821 2.79 2.893 1.863 1.543 3.234 2.988 3.655 0.142 0.0 1.647 0.252 3.837 1.782 3.365 3.489 2.27 2.826 2.932 0.424 4.959 2.436 3.277 1.357 2.723 3.697 3.457 2.728 2.508 3.688 1.41 4.673 3.117 0.56 3.217 3.258 3.086 2.349 2.391 1.653 1.776 2.761 2.348 1.92 1.907 0.473 4.306 2.287 1.95 2.545 3.426 3.369 2.684 3.468 4.175 1.806 3.222 2.999 4.299 4.299 1.08 3.055 1.868 2.154 2.846 1.992 3.052 3.423 3.486 4.662 1.975 4.099 0.834 3.431 0.817 2.157 0.882 3.336 2.278 2.398 4.643 3.295 4.444 1.556
1.027 3.065 2.387 1.924 2.75 0.745 1.362 0.87 2.34 2.447 2.202 0.746 1.247 3.134 1.584 0.976 1.789 1.883 1.147 2.266 0.848 0.726 2.79 2.518 2.009 1.548 1.647 0.0 1.424 2.572 0.385 2.65 2.319 0.637 1.563 2.267 1.444 3.429 0.863 2.019 0.684 1.193 2.924 2.004 1.16 2.298 3.308 1.279 3.228 2.136 1.113 2.498 1.617 1.83 0.713 0.749 1.582 0.268 1.389 0.71 2.17 0.755 1.346 2.93 1.78 1.025 1.557 2.198 2.87 1.076 1.912 2.902 0.191 2.51 1.989 2.667 2.841 1.619 1.701 2.064 2.23 1.211 0.394 1.527 2.933 2.954 3.164 1.031 2.594 1.349 1.999 1.837 1.077 0.877 2.607 0.785 2.161 3.235 2.258 3.124 0.337
