Number of customers: 25
Vehicle capacity     50
Alpha:               0.75
Number of scenarios: 100

Location coordinates:
0 0.0 0.0
1 -1.27863 -1.34861
2 -1.86823 1.44534
3 -0.46733 1.19756
4 0.30574 1.80625
5 1.86478 1.12382
6 0.58987 -1.91806
7 1.39894 0.91262
8 -0.87886 0.79379
9 1.80047 -1.72509
10 -1.61131 -0.30079
11 1.73061 0.37322
12 0.30273 -0.80916
13 0.70478 1.14047
14 -1.28101 -0.09656
15 -1.20009 -1.95778
16 -1.89638 1.62401
17 -1.74406 0.48424
18 0.95217 -0.58353
19 0.36937 -1.38017
20 -0.06272 0.62033
21 1.4465 -1.45414
22 1.45862 0.11521
23 1.87808 0.43502
24 -0.38238 -0.70414
25 -1.87486 -1.74563

Demand per scenario:
1 5 5 6 7 5 4 6 5 7 4 7 6 6 5 6 6 6 6 4 5 6 6 7 7 5 5 3 5 6 4 6 5 5 6 6 7 6 5 6 5 5 4 5 5 4 3 7 4 6 6 6 6 4 6 5 7 4 8 4 7 6 6 5 7 6 7 5 6 5 5 6 5 6 5 7 6 6 6 6 5 6 3 7 7 8 7 6 6 6 5 4 6 6 5 6 7 6 6 7 5
2 3 3 2 4 3 2 3 3 3 1 2 3 4 2 3 3 3 1 4 3 2 2 4 2 3 3 3 2 5 3 2 1 2 4 4 3 4 3 2 5 1 2 2 1 2 4 5 1 4 5 3 3 3 1 5 1 2 3 2 4 2 3 3 3 3 2 2 2 4 1 3 2 3 3 5 3 2 4 3 1 3 5 2 2 2 5 2 4 4 3 3 2 2 4 2 1 2 3 2 3
3 6 5 6 7 7 5 6 7 5 5 5 5 6 6 7 6 5 7 7 4 6 6 6 4 5 8 8 6 6 6 4 5 6 3 5 6 5 7 6 7 5 5 7 7 5 4 9 5 6 5 5 7 5 6 6 7 5 6 7 8 5 7 8 8 5 7 7 6 6 7 6 7 5 8 7 5 7 7 6 5 7 8 5 5 6 7 4 6 7 6 8 6 5 6 6 8 8 7 8 5
4 4 4 6 7 4 7 6 3 5 6 6 5 8 5 7 5 3 6 7 7 5 6 7 7 5 4 7 6 7 4 5 7 4 4 6 5 7 5 6 7 5 6 5 6 5 5 2 4 6 4 5 5 6 6 7 4 4 6 5 8 7 6 7 6 6 3 5 7 8 7 4 5 5 7 8 6 5 6 5 6 8 6 6 7 7 9 7 6 7 5 5 5 7 8 4 6 6 8 5 6
5 8 5 7 6 8 7 8 7 8 9 8 7 10 7 8 6 7 7 5 6 6 9 6 8 7 8 9 5 9 10 8 6 6 7 6 9 8 6 7 7 8 7 8 7 8 7 8 7 7 7 7 7 9 8 7 8 6 10 6 7 5 5 6 7 6 7 6 8 5 8 6 4 7 6 6 8 7 7 6 8 8 7 7 8 7 7 8 7 8 7 7 8 8 5 7 6 7 6 6 7
6 9 7 6 6 6 6 9 8 8 8 8 7 5 7 8 7 9 4 7 5 8 8 6 8 6 7 9 6 6 10 6 8 9 8 8 7 7 5 7 4 8 7 6 5 7 9 7 7 8 6 9 6 7 6 6 8 8 7 5 7 8 5 8 8 7 8 8 8 7 7 7 8 6 9 5 9 7 8 9 8 7 7 8 8 7 7 7 8 7 5 6 10 7 7 7 7 7 9 7 7
7 8 5 6 6 9 10 8 9 6 7 7 8 5 6 8 7 8 7 7 6 5 8 9 9 8 8 6 10 8 7 7 6 7 6 7 7 8 7 7 7 10 8 7 10 7 9 7 7 5 7 10 9 7 7 7 7 9 6 7 7 7 7 6 8 5 6 8 6 8 9 7 9 9 6 7 8 11 8 8 5 7 6 6 8 8 7 10 8 7 7 6 7 8 6 8 7 8 7 5 8
8 7 8 5 8 8 8 8 7 6 8 9 9 7 7 7 6 6 8 7 8 7 7 6 6 7 4 9 6 11 7 8 8 5 10 8 4 9 6 8 5 8 10 7 7 7 8 7 6 7 7 5 6 5 11 7 7 7 9 7 7 5 8 8 8 9 7 6 7 7 6 9 9 9 7 6 9 7 6 6 6 5 9 7 7 9 7 7 6 8 7 9 8 8 7 4 6 6 5 6 8
9 8 7 7 5 5 5 6 7 6 5 5 5 5 6 6 6 8 4 5 4 8 6 8 7 6 6 5 6 5 7 4 8 6 5 8 5 5 5 6 8 8 7 5 7 4 6 3 3 8 6 4 8 7 7 6 7 7 5 8 6 8 6 7 5 6 8 7 4 5 8 6 6 10 4 5 6 7 4 6 4 6 6 5 8 5 6 6 8 6 4 5 6 5 4 6 9 6 6 6 6
10 6 6 5 6 5 4 2 4 5 5 5 5 6 5 3 5 5 2 6 5 5 4 4 7 6 4 4 5 7 5 6 5 4 6 5 5 9 5 5 7 7 6 5 6 5 4 4 6 4 5 5 6 6 5 5 4 6 5 5 4 7 6 5 6 5 6 7 3 1 4 6 5 7 6 4 5 4 8 4 6 5 6 6 6 7 5 7 5 3 5 4 4 5 4 6 5 4 5 6 5
11 5 5 4 5 5 6 2 3 4 6 2 4 3 5 6 1 5 3 3 5 3 3 4 2 5 3 4 4 3 4 4 3 4 2 4 6 2 3 5 6 5 2 4 4 3 3 5 5 6 4 2 5 3 2 4 5 4 3 4 6 5 7 5 3 4 5 4 2 6 3 4 4 5 2 4 4 5 3 4 4 2 2 4 4 4 5 3 6 2 5 6 4 2 5 4 5 2 3 4 6
12 5 4 5 6 8 10 6 7 5 5 7 6 7 9 6 9 7 8 7 7 6 5 8 8 5 5 5 5 5 6 6 7 6 8 8 5 6 9 8 9 6 6 6 6 6 8 4 8 6 7 5 7 4 8 6 7 7 5 5 4 5 8 6 8 6 7 7 6 5 6 6 6 5 6 8 8 6 6 4 5 5 9 8 8 8 5 6 5 7 6 7 6 6 5 7 3 6 7 5 7
13 4 6 4 2 2 3 5 5 1 4 5 3 4 6 3 4 4 5 2 5 5 5 4 5 4 3 3 3 6 3 4 5 3 5 4 4 4 4 4 2 5 5 5 4 4 3 5 3 2 4 3 5 3 3 3 3 3 3 3 1 6 4 5 3 4 3 2 3 5 5 6 2 3 3 2 3 3 3 3 4 5 4 3 1 4 4 4 3 4 6 6 3 3 5 5 5 4 4 4 5
14 5 9 4 7 7 8 7 4 6 6 6 7 6 7 6 6 5 7 7 6 7 5 7 5 4 4 7 6 4 6 4 5 6 5 6 5 5 6 5 5 7 4 5 6 4 8 7 5 4 7 4 6 7 6 6 5 5 7 7 6 7 6 6 6 5 4 4 5 8 8 6 6 5 6 4 5 7 8 5 6 5 5 8 6 8 5 6 6 3 6 7 9 5 6 5 6 7 7 6 6
15 6 4 6 2 2 5 6 4 3 3 4 6 5 3 5 5 4 7 6 3 5 6 5 4 4 4 6 5 4 6 2 5 5 3 5 6 5 5 4 5 5 4 5 3 6 5 4 4 6 5 4 5 5 5 4 2 4 4 5 4 4 5 4 5 3 5 4 6 4 6 4 4 5 2 4 3 5 6 5 5 5 7 3 7 3 4 5 1 3 4 8 4 4 5 3 5 5 4 6 4
16 6 5 3 5 3 2 4 3 2 3 3 3 5 3 3 5 3 4 4 3 3 3 3 4 4 5 3 3 4 5 7 1 3 2 4 4 4 5 4 3 5 5 5 3 4 4 5 2 1 4 5 4 5 3 3 4 2 5 4 4 4 5 5 5 6 5 5 3 7 2 4 4 4 4 5 4 4 3 3 4 4 3 6 4 4 4 3 4 2 2 3 3 2 4 5 4 2 3 3 5
17 3 6 4 6 3 3 5 5 4 5 2 5 5 3 5 3 5 4 3 2 4 3 4 1 3 2 4 7 3 4 5 3 4 1 4 3 4 5 4 4 3 4 3 4 5 4 5 6 4 3 5 4 5 5 2 4 2 3 5 5 5 4 5 3 6 3 5 2 3 4 3 3 5 2 2 2 4 6 3 4 6 4 3 7 4 3 3 4 4 2 2 5 5 3 5 3 3 3 4 4
18 4 2 3 6 7 5 5 4 6 2 5 3 6 5 6 4 5 6 6 6 3 4 3 5 2 5 3 3 2 5 2 6 3 1 7 3 7 5 5 6 3 5 3 5 4 3 5 7 6 5 4 4 5 6 5 8 4 6 6 3 4 7 6 5 4 5 5 5 7 6 3 5 4 2 6 2 4 5 4 4 3 6 4 7 3 5 2 5 4 7 7 5 5 4 4 5 6 5 6 4
19 4 4 2 6 4 5 7 3 5 4 3 4 2 3 3 4 5 5 5 5 3 5 3 5 4 1 6 3 2 4 8 4 4 4 4 5 3 4 4 6 7 5 2 4 4 5 4 6 4 3 3 5 2 4 5 3 4 5 4 4 4 5 5 5 4 3 4 3 4 7 5 2 1 2 3 5 4 4 5 2 4 5 2 2 3 4 3 4 4 3 5 5 2 3 4 3 5 3 3 5
20 2 4 4 2 3 5 3 4 4 5 5 3 2 2 2 5 4 2 4 3 4 3 5 5 4 2 3 1 4 4 4 1 4 1 5 5 4 5 3 3 6 5 3 2 1 2 3 2 2 4 5 3 4 1 4 3 3 4 3 3 3 4 1 3 3 4 3 3 3 2 2 3 5 2 2 1 4 1 3 4 5 3 2 4 3 4 3 5 3 3 4 1 2 5 3 6 2 4 4 4
21 3 4 5 4 1 6 5 5 4 5 3 5 5 3 7 4 5 4 4 5 4 4 3 2 3 5 3 6 5 5 4 5 5 3 5 4 4 6 6 5 4 5 5 5 5 3 4 6 4 4 4 8 6 6 5 6 3 6 6 6 4 4 6 4 3 7 5 3 3 7 3 4 6 5 3 5 6 4 5 4 6 5 7 4 2 3 7 2 5 5 5 3 2 4 4 4 4 5 4 5
22 3 5 3 3 4 4 5 3 5 4 4 2 3 5 4 1 5 4 4 4 4 4 4 4 2 4 3 3 3 4 5 4 1 5 4 4 2 3 4 6 4 5 4 3 4 4 5 4 4 5 3 2 4 2 4 4 4 3 4 4 2 3 5 4 3 3 3 5 2 3 2 3 5 5 4 4 3 4 3 4 4 1 4 5 3 4 3 4 4 4 3 2 4 5 5 2 3 5 5 3
23 7 6 8 5 9 4 4 4 6 8 4 5 5 7 3 5 5 7 6 6 6 5 7 7 7 6 7 6 5 7 6 8 7 5 8 6 6 7 6 6 6 5 5 9 4 4 7 6 5 7 6 7 5 5 6 8 5 6 5 5 7 6 4 7 5 6 8 9 6 8 5 6 7 4 6 6 5 6 6 8 5 5 6 5 7 6 6 6 8 5 6 6 6 5 8 4 5 7 5 6
24 11 9 7 7 7 7 7 9 8 9 8 8 8 7 9 7 6 9 11 7 7 5 8 7 9 8 8 7 7 6 9 10 7 9 7 8 7 7 7 8 4 8 10 10 8 7 8 8 7 7 8 9 10 8 8 7 9 6 9 10 8 8 8 9 7 7 9 6 7 7 9 7 7 7 10 6 6 8 8 9 7 6 8 8 7 9 9 8 6 7 7 7 7 8 6 8 6 8 7 6
25 8 9 9 7 10 7 7 6 7 7 7 7 8 8 7 6 5 8 10 4 8 8 4 6 6 6 7 7 4 8 8 9 6 7 6 8 7 8 7 5 6 4 6 8 9 7 8 8 5 6 8 5 6 5 7 5 8 7 6 6 6 6 8 5 7 8 6 7 7 8 7 5 5 6 8 6 8 6 9 8 5 7 7 6 8 7 7 7 7 7 6 6 6 7 7 7 6 8 5 9

Probability of each scenario occurring:
0.01 0.01 0.01 0.01 0.01 0.01 0.01 0.01 0.01 0.01 0.01 0.01 0.01 0.01 0.01 0.01 0.01 0.01 0.01 0.01 0.01 0.01 0.01 0.01 0.01 0.01 0.01 0.01 0.01 0.01 0.01 0.01 0.01 0.01 0.01 0.01 0.01 0.01 0.01 0.01 0.01 0.01 0.01 0.01 0.01 0.01 0.01 0.01 0.01 0.01 0.01 0.01 0.01 0.01 0.01 0.01 0.01 0.01 0.01 0.01 0.01 0.01 0.01 0.01 0.01 0.01 0.01 0.01 0.01 0.01 0.01 0.01 0.01 0.01 0.01 0.01 0.01 0.01 0.01 0.01 0.01 0.01 0.01 0.01 0.01 0.01 0.01 0.01 0.01 0.01 0.01 0.01 0.01 0.01 0.01 0.01 0.01 0.01 0.01 0.01

Travel costs:
0.0 1.858 2.362 1.286 1.832 2.177 2.007 1.67 1.184 2.494 1.639 1.77 0.864 1.341 1.285 2.296 2.497 1.81 1.117 1.429 0.623 2.051 1.463 1.928 0.801 2.562
1.858 0.0 2.855 2.672 3.53 3.999 1.953 3.505 2.179 3.102 1.099 3.467 1.671 3.183 1.252 0.614 3.036 1.891 2.358 1.648 2.314 2.727 3.104 3.626 1.104 0.716
2.362 2.855 0.0 1.423 2.204 3.747 4.166 3.31 1.185 4.849 1.765 3.755 3.13 2.591 1.65 3.468 0.181 0.969 3.474 3.604 1.985 4.404 3.583 3.88 2.613 3.191
1.286 2.672 1.423 0.0 0.984 2.333 3.29 1.888 0.577 3.699 1.885 2.347 2.149 1.174 1.529 3.239 1.491 1.462 2.278 2.71 0.705 3.27 2.209 2.466 1.904 3.262
1.832 3.53 2.204 0.984 0.0 1.702 3.735 1.412 1.558 3.835 2.849 2.021 2.615 0.776 2.478 4.054 2.21 2.439 2.476 3.187 1.242 3.454 2.047 2.086 2.603 4.168
2.177 3.999 3.747 2.333 1.702 0.0 3.298 0.511 2.763 2.85 3.757 0.762 2.485 1.16 3.374 4.346 3.794 3.665 1.936 2.917 1.992 2.612 1.087 0.689 2.897 4.714
2.007 1.953 4.166 3.29 3.735 3.298 0.0 2.944 3.084 1.226 2.731 2.56 1.145 3.061 2.611 1.79 4.328 3.349 1.383 0.581 2.621 0.974 2.211 2.683 1.555 2.471
1.67 3.505 3.31 1.888 1.412 0.511 2.944 0.0 2.281 2.668 3.246 0.633 2.041 0.731 2.864 3.872 3.371 3.172 1.561 2.513 1.491 2.367 0.8 0.677 2.406 4.217
1.184 2.179 1.185 0.577 1.558 2.763 3.084 2.281 0.0 3.677 1.317 2.643 1.991 1.621 0.977 2.77 1.313 0.919 2.291 2.507 0.834 3.234 2.434 2.78 1.578 2.728
2.494 3.102 4.849 3.699 3.835 2.85 1.226 2.668 3.677 0.0 3.697 2.099 1.756 3.068 3.485 3.01 4.988 4.177 1.422 1.472 2.995 0.446 1.872 2.162 2.41 3.675
1.639 1.099 1.765 1.885 2.849 3.757 2.731 3.246 1.317 3.697 0.0 3.409 1.98 2.728 0.388 1.707 1.946 0.796 2.579 2.256 1.802 3.268 3.098 3.566 1.293 1.469
1.77 3.467 3.755 2.347 2.021 0.762 2.56 0.633 2.643 2.099 3.409 0.0 1.854 1.281 3.048 3.745 3.837 3.476 1.233 2.22 1.81 1.849 0.375 0.16 2.372 4.182
0.864 1.671 3.13 2.149 2.615 2.485 1.145 2.041 1.991 1.756 1.98 1.854 0.0 1.991 1.737 1.892 3.28 2.421 0.688 0.575 1.475 1.313 1.48 2.007 0.693 2.37
1.341 3.183 2.591 1.174 0.776 1.16 3.061 0.731 1.621 3.068 2.728 1.281 1.991 0.0 2.34 3.637 2.646 2.535 1.742 2.543 0.927 2.699 1.273 1.369 2.141 3.871
1.285 1.252 1.65 1.529 2.478 3.374 2.611 2.864 0.977 3.485 0.388 3.048 1.737 2.34 0.0 1.863 1.827 0.743 2.286 2.091 1.414 3.047 2.748 3.204 1.085 1.753
2.296 0.614 3.468 3.239 4.054 4.346 1.79 3.872 2.77 3.01 1.707 3.745 1.892 3.637 1.863 0.0 3.649 2.502 2.554 1.672 2.818 2.694 3.371 3.899 1.497 0.707
2.497 3.036 0.181 1.491 2.21 3.794 4.328 3.371 1.313 4.988 1.946 3.837 3.28 2.646 1.827 3.649 0.0 1.15 3.604 3.763 2.09 4.544 3.679 3.957 2.777 3.37
1.81 1.891 0.969 1.462 2.439 3.665 3.349 3.172 0.919 4.177 0.796 3.476 2.421 2.535 0.743 2.502 1.15 0.0 2.9 2.818 1.687 3.733 3.224 3.622 1.807 2.234
1.117 2.358 3.474 2.278 2.476 1.936 1.383 1.561 2.291 1.422 2.579 1.233 0.688 1.742 2.286 2.554 3.604 2.9 0.0 0.987 1.575 1.001 0.863 1.377 1.34 3.057
1.429 1.648 3.604 2.71 3.187 2.917 0.581 2.513 2.507 1.472 2.256 2.22 0.575 2.543 2.091 1.672 3.763 2.818 0.987 0.0 2.047 1.08 1.85 2.36 1.011 2.274
0.623 2.314 1.985 0.705 1.242 1.992 2.621 1.491 0.834 2.995 1.802 1.81 1.475 0.927 1.414 2.818 2.09 1.687 1.575 2.047 0.0 2.565 1.603 1.95 1.362 2.98
2.051 2.727 4.404 3.27 3.454 2.612 0.974 2.367 3.234 0.446 3.268 1.849 1.313 2.699 3.047 2.694 4.544 3.733 1.001 1.08 2.565 0.0 1.569 1.938 1.977 3.334
1.463 3.104 3.583 2.209 2.047 1.087 2.211 0.8 2.434 1.872 3.098 0.375 1.48 1.273 2.748 3.371 3.679 3.224 0.863 1.85 1.603 1.569 0.0 0.527 2.015 3.818
1.928 3.626 3.88 2.466 2.086 0.689 2.683 0.677 2.78 2.162 3.566 0.16 2.007 1.369 3.204 3.899 3.957 3.622 1.377 2.36 1.95 1.938 0.527 0.0 2.531 4.34
0.801 1.104 2.613 1.904 2.603 2.897 1.555 2.406 1.578 2.41 1.293 2.372 0.693 2.141 1.085 1.497 2.777 1.807 1.34 1.011 1.362 1.977 2.015 2.531 0.0 1.82
2.562 0.716 3.191 3.262 4.168 4.714 2.471 4.217 2.728 3.675 1.469 4.182 2.37 3.871 1.753 0.707 3.37 2.234 3.057 2.274 2.98 3.334 3.818 4.34 1.82 0.0
