Number of customers: 10
Vehicle capacity     50
Alpha:               0.75
Number of scenarios: 100

Location coordinates:
0 0.0 0.0
1 -1.74255 1.57712
2 -0.21652 -0.90264
3 -0.46898 0.35691
4 -1.52873 0.88267
5 1.77086 0.26427
6 -0.19832 -1.29019
7 -0.14202 -0.855
8 0.33302 -0.39357
9 -1.11179 -0.65976
10 -1.77956 -0.68373

Demand per scenario:
1 3 5 5 5 3 5 5 5 5 5 4 4 4 3 5 5 3 5 2 3 3 4 2 5 5 4 5 6 5 4 3 3 7 3 3 4 5 4 3 6 3 4 5 2 4 3 3 4 4 5 4 6 6 5 4 4 6 3 4 4 5 2 5 2 5 5 3 6 6 6 5 4 3 6 3 4 4 4 4 4 6 3 6 4 4 4 1 5 3 5 2 3 5 5 3 2 2 5 6 4
2 6 7 8 6 6 5 7 8 5 7 4 4 7 5 8 6 8 6 5 6 7 6 7 6 6 6 5 7 5 5 7 7 6 4 8 5 8 7 5 4 7 6 7 6 8 7 7 6 6 6 6 2 8 7 5 6 7 5 8 4 7 6 6 6 5 5 6 6 7 4 6 4 4 5 4 5 4 7 7 8 5 6 6 7 6 8 3 5 6 7 6 5 6 6 8 5 5 7 4 8
3 5 4 7 7 4 6 6 6 3 4 8 5 6 6 7 5 5 5 5 7 3 7 7 4 5 6 4 3 6 5 7 8 7 6 4 3 5 4 4 6 7 6 5 5 5 5 4 4 6 6 5 7 4 5 6 5 5 6 4 6 6 4 6 5 7 5 6 6 2 6 8 5 3 5 6 8 5 6 5 5 6 5 5 6 5 6 5 6 6 5 6 6 5 4 5 4 5 5 3 5
4 5 2 5 5 6 5 4 6 4 6 5 6 5 4 7 4 4 7 6 6 6 3 6 5 5 5 4 5 6 5 6 7 5 4 6 6 6 4 4 6 5 5 3 4 5 6 6 3 5 6 5 4 5 5 6 5 5 5 5 3 5 3 4 3 6 4 7 6 4 4 5 5 5 7 5 4 6 4 5 5 7 6 3 5 5 6 7 6 7 4 4 3 4 4 4 5 6 5 6 6
5 7 6 5 6 6 5 7 3 5 3 6 8 8 6 5 4 8 5 7 7 6 6 5 5 5 5 5 5 4 6 5 5 7 4 4 5 5 6 5 6 7 5 6 7 3 5 7 5 5 6 7 5 8 7 10 6 6 6 5 5 6 4 7 7 7 5 5 5 6 7 8 7 5 6 6 6 7 8 6 7 8 5 5 5 7 6 7 6 5 7 6 3 4 5 7 4 6 7 9 3
6 3 7 6 4 5 5 7 6 4 7 7 6 7 4 5 5 5 4 5 4 4 4 5 6 4 4 6 5 6 4 4 4 4 2 3 4 4 6 6 6 4 5 6 8 5 5 4 3 5 6 6 6 3 6 4 6 4 6 5 4 4 4 6 5 2 5 6 4 4 2 4 4 4 5 6 4 6 4 4 4 3 5 6 5 5 5 4 5 6 6 4 5 6 6 5 7 4 7 7 6
7 6 5 5 4 4 2 3 3 4 3 4 5 3 4 3 5 5 5 4 5 3 4 4 5 4 5 4 4 6 6 4 5 3 1 4 7 4 4 3 2 2 4 5 4 4 5 6 4 2 8 5 4 4 5 5 4 5 5 5 5 3 4 4 2 3 5 3 6 4 4 2 6 7 3 4 6 4 3 7 3 4 6 4 5 2 5 4 6 4 5 5 3 4 4 7 5 4 4 4 4
8 2 2 5 3 4 4 4 3 2 2 4 3 5 3 3 5 4 3 2 4 4 4 2 3 2 4 5 1 2 3 3 3 5 3 5 5 1 4 5 5 2 4 3 3 3 4 3 2 3 4 3 4 6 4 3 4 4 5 4 3 2 2 1 5 4 3 4 3 2 3 3 5 3 2 3 3 2 1 3 3 4 6 4 5 4 6 3 3 5 2 4 2 5 4 3 4 3 2 3 2
9 4 3 3 2 2 6 3 5 3 5 6 3 4 5 5 3 6 5 5 5 5 5 5 1 5 4 6 5 4 3 6 5 4 2 3 5 4 5 3 5 2 5 3 4 4 2 6 5 4 5 5 3 4 3 5 4 3 4 6 3 3 5 3 4 4 6 5 4 3 5 3 4 5 4 3 4 2 5 2 3 1 6 4 2 4 4 4 5 4 3 4 2 6 4 3 5 2 4 3 3
10 8 6 5 6 5 8 7 7 4 6 6 8 11 8 8 6 6 5 6 5 7 6 4 7 6 6 5 8 6 8 4 6 5 6 7 6 8 5 5 8 6 8 7 8 7 7 8 5 7 8 4 8 5 8 5 8 5 6 7 5 9 6 5 7 6 6 8 8 8 5 6 7 6 7 7 6 8 7 7 6 7 6 6 3 5 5 5 7 8 5 6 7 7 6 4 8 8 5 4 7

Probability of each scenario occurring:
0.01 0.01 0.01 0.01 0.01 0.01 0.01 0.01 0.01 0.01 0.01 0.01 0.01 0.01 0.01 0.01 0.01 0.01 0.01 0.01 0.01 0.01 0.01 0.01 0.01 0.01 0.01 0.01 0.01 0.01 0.01 0.01 0.01 0.01 0.01 0.01 0.01 0.01 0.01 0.01 0.01 0.01 0.01 0.01 0.01 0.01 0.01 0.01 0.01 0.01 0.01 0.01 0.01 0.01 0.01 0.01 0.01 0.01 0.01 0.01 0.01 0.01 0.01 0.01 0.01 0.01 0.01 0.01 0.01 0.01 0.01 0.01 0.01 0.01 0.01 0.01 0.01 0.01 0.01 0.01 0.01 0.01 0.01 0.01 0.01 0.01 0.01 0.01 0.01 0.01 0.01 0.01 0.01 0.01 0.01 0.01 0.01 0.01 0.01 0.01

Travel costs:
0.0 2.35 0.928 0.589 1.765 1.79 1.305 0.867 0.516 1.293 1.906
2.35 0.0 2.912 1.764 0.727 3.751 3.257 2.912 2.862 2.324 2.261
0.928 2.912 0.0 1.285 2.216 2.305 0.388 0.088 0.749 0.928 1.578
0.589 1.764 1.285 0.0 1.183 2.242 1.669 1.255 1.098 1.203 1.673
1.765 0.727 2.216 1.183 0.0 3.357 2.548 2.223 2.257 1.598 1.586
1.79 3.751 2.305 2.242 3.357 0.0 2.509 2.216 1.581 3.027 3.675
1.305 3.257 0.388 1.669 2.548 2.509 0.0 0.439 1.042 1.11 1.694
0.867 2.912 0.088 1.255 2.223 2.216 0.439 0.0 0.662 0.989 1.646
0.516 2.862 0.749 1.098 2.257 1.581 1.042 0.662 0.0 1.469 2.132
1.293 2.324 0.928 1.203 1.598 3.027 1.11 0.989 1.469 0.0 0.668
1.906 2.261 1.578 1.673 1.586 3.675 1.694 1.646 2.132 0.668 0.0
