Number of customers: 10
Vehicle capacity     50
Alpha:               0.75
Number of scenarios: 10

Location coordinates:
0 0.0 0.0
1 0.50296 1.65551
2 0.05492 -0.6847
3 1.56274 0.66843
4 -0.07769 0.85622
5 -1.17267 0.48786
6 1.50347 -0.66347
7 -0.88444 0.6427
8 -0.58884 -0.96974
9 1.94528 0.77294
10 0.71268 -0.49195

Demand per scenario:
1 6 6 5 6 7 3 6 5 7 5
2 5 4 5 3 5 6 4 5 3 5
3 7 6 4 5 7 7 5 5 6 5
4 5 6 4 5 6 5 5 6 3 5
5 4 5 5 6 5 7 6 4 5 3
6 6 6 4 8 5 4 6 3 1 3
7 7 8 4 4 5 5 6 5 7 4
8 3 4 1 4 2 3 2 2 4 3
9 4 5 6 8 4 5 7 5 8 7
10 7 6 6 7 6 5 7 8 5 5

Probability of each scenario occurring:
0.1 0.1 0.1 0.1 0.1 0.1 0.1 0.1 0.1 0.1

Travel costs:
0.0 1.73 0.687 1.7 0.86 1.27 1.643 1.093 1.135 2.093 0.866
1.73 0.0 2.383 1.448 0.988 2.042 2.526 1.718 2.843 1.691 2.158
0.687 2.383 0.0 2.026 1.547 1.698 1.449 1.626 0.704 2.387 0.685
1.7 1.448 2.026 0.0 1.651 2.741 1.333 2.447 2.704 0.397 1.438
0.86 0.988 1.547 1.651 0.0 1.155 2.193 0.835 1.896 2.025 1.563
1.27 2.042 1.698 2.741 1.155 0.0 2.913 0.327 1.57 3.131 2.125
1.643 2.526 1.449 1.333 2.193 2.913 0.0 2.722 2.115 1.503 0.809
1.093 1.718 1.626 2.447 0.835 0.327 2.722 0.0 1.639 2.833 1.959
1.135 2.843 0.704 2.704 1.896 1.57 2.115 1.639 0.0 3.076 1.386
2.093 1.691 2.387 0.397 2.025 3.131 1.503 2.833 3.076 0.0 1.766
0.866 2.158 0.685 1.438 1.563 2.125 0.809 1.959 1.386 1.766 0.0
