Number of customers: 50
Vehicle capacity     50
Alpha:               0.75
Number of scenarios: 100

Location coordinates:
0 0.0 0.0
1 1.81178 0.53088
2 -0.60309 0.28758
3 1.99554 -1.2874
4 -1.24201 -1.44439
5 0.3014 0.38982
6 1.63494 0.09308
7 0.61776 0.35552
8 -1.43206 1.95
9 0.57425 -1.25884
10 0.15875 -1.0629
11 -1.93164 1.95851
12 0.25397 1.60705
13 1.8506 1.24732
14 -0.57811 -0.20155
15 0.78683 0.55662
16 -0.63413 0.70718
17 1.57612 0.15659
18 -1.60865 1.35294
19 0.06478 0.13605
20 -0.04136 0.45909
21 1.63783 -1.51845
22 1.57393 -1.29757
23 -1.49954 0.81329
24 1.14457 1.74194
25 0.56727 0.6922
26 0.3856 0.20694
27 1.53035 -0.97568
28 -0.64752 -0.52126
29 -0.64562 1.05401
30 1.69328 -1.43642
31 0.42094 -0.79127
32 -0.94466 -0.58939
33 -1.3068 -1.10033
34 -0.93927 0.98302
35 -0.41486 -1.1884
36 1.07777 -1.71883
37 -0.49583 -0.47221
38 -0.99269 -0.96064
39 0.16954 0.43815
40 -1.60788 0.7136
41 1.53481 -1.99804
42 -1.73222 -0.17453
43 1.41896 -1.96894
44 -1.11332 1.91774
45 1.5561 -0.31582
46 0.8339 0.20376
47 0.79841 1.37435
48 -0.31165 -1.39117
49 -1.11788 -1.62142
50 1.42363 -1.8992

Demand per scenario:
1 3 5 6 2 5 5 3 5 1 4 6 4 4 3 4 5 4 5 3 2 2 3 4 5 5 4 3 4 3 3 4 4 4 6 4 3 4 5 4 7 5 3 5 3 2 4 2 2 3 3 2 3 2 4 4 3 2 3 2 5 4 5 4 4 3 2 6 5 6 5 3 2 4 2 5 4 4 5 5 6 3 2 5 7 4 5 4 3 6 4 4 2 2 4 5 4 5 6 3 4
2 5 4 5 6 4 6 5 4 6 5 3 5 5 5 4 5 6 6 5 6 6 6 5 5 6 8 4 7 6 5 7 4 4 2 4 4 6 6 5 8 7 6 5 7 6 5 6 5 5 6 4 5 6 3 3 4 5 5 5 4 5 4 4 8 6 4 3 6 5 4 4 6 4 8 6 3 5 4 5 5 5 4 4 6 4 4 6 6 4 6 5 7 4 4 6 4 5 5 4 4
3 1 5 7 4 5 4 4 5 5 5 6 4 8 5 7 5 3 4 4 4 6 3 6 8 7 6 5 5 4 5 5 4 4 5 5 5 2 8 5 5 4 5 3 2 4 3 5 5 6 6 4 4 5 6 6 3 3 5 3 4 7 5 4 5 5 7 7 7 2 5 4 6 7 5 5 5 4 4 7 5 5 5 5 6 4 3 6 6 10 9 6 4 4 5 6 5 3 4 4 4
4 1 4 2 4 4 3 2 2 3 4 3 4 3 2 1 3 2 4 3 2 2 2 3 5 3 2 1 4 1 3 2 3 1 3 2 5 3 1 5 2 1 1 2 3 5 1 5 4 2 2 3 4 4 5 3 6 3 4 3 4 3 4 3 3 4 4 1 4 4 2 3 2 2 3 4 4 1 4 5 6 5 4 2 2 4 3 1 2 3 1 4 2 2 4 5 3 2 5 2 3
5 8 5 3 6 5 3 5 7 5 8 5 5 7 4 4 5 7 4 5 5 4 6 5 5 7 6 4 5 6 7 5 7 6 4 6 6 5 4 5 7 5 5 5 6 7 3 2 5 3 3 4 5 6 3 6 6 5 5 8 3 6 5 5 3 4 4 5 3 6 5 5 5 5 4 5 5 4 3 4 4 6 6 5 4 5 4 7 5 6 5 4 5 7 6 5 6 5 5 5 6
6 9 7 6 5 7 4 2 6 6 6 5 5 6 5 7 5 4 4 6 6 7 6 6 4 8 7 5 6 8 4 3 6 4 7 7 6 8 5 5 7 5 5 4 3 7 6 6 7 5 4 5 9 6 5 7 6 6 5 5 9 7 9 5 6 6 7 8 5 6 4 5 7 6 6 5 6 7 5 6 6 4 7 7 6 4 3 8 4 5 5 4 4 5 5 6 8 4 5 6 5
7 5 4 3 3 4 3 4 5 5 3 6 4 6 5 4 6 5 5 4 5 3 6 3 4 4 3 5 5 6 5 4 4 6 5 4 4 5 4 3 5 4 4 5 2 6 3 5 4 5 3 4 6 5 6 4 3 4 7 6 5 5 6 5 4 6 3 7 5 5 5 6 4 6 5 4 3 3 7 4 5 2 3 3 2 6 5 4 2 4 4 5 5 5 5 6 5 4 5 3 4
8 4 4 3 5 4 3 3 3 4 6 6 3 3 3 5 4 4 3 5 5 3 8 2 3 3 5 5 4 3 3 5 4 3 3 5 4 4 2 5 6 4 4 4 3 5 5 3 6 2 4 4 3 4 5 5 4 4 3 3 4 4 5 5 5 4 4 4 5 2 3 5 5 4 2 3 7 4 6 5 5 4 5 5 4 5 5 4 4 5 6 6 4 3 4 6 4 4 5 5 6
9 10 6 5 6 6 5 8 7 8 9 7 8 6 6 8 6 8 8 5 5 9 7 8 8 7 6 8 5 7 7 7 5 8 7 6 6 5 7 3 6 6 7 8 5 6 7 8 5 6 6 5 7 6 7 8 7 6 6 6 7 7 6 6 6 6 6 7 6 8 9 6 7 6 5 6 8 7 6 6 5 6 6 7 7 9 8 4 7 8 6 6 6 6 5 4 9 6 5 6 7
10 4 2 4 4 5 5 4 2 2 2 3 3 4 5 2 2 4 3 3 6 2 5 4 2 1 3 4 4 4 6 4 4 5 3 4 5 3 3 1 4 6 2 2 2 4 3 2 3 3 4 4 4 3 2 3 4 5 2 1 2 3 3 2 2 1 5 3 4 2 5 4 3 2 2 1 1 2 2 2 3 2 1 3 5 5 4 4 2 3 1 3 3 4 3 3 2 4 6 3 4
11 4 6 5 7 5 4 5 5 5 7 5 5 4 7 5 6 5 4 2 6 5 5 5 7 7 4 3 3 5 4 5 4 5 8 3 6 6 5 5 8 5 3 5 4 6 7 7 5 3 5 4 4 5 6 4 4 7 5 6 7 3 5 5 5 6 5 3 6 8 6 3 3 5 4 4 3 5 4 7 7 4 4 8 4 3 4 5 4 7 4 5 4 6 8 6 5 4 3 5 6
12 5 4 8 5 4 6 8 8 5 5 7 6 5 6 8 6 7 9 6 6 6 5 5 6 7 5 4 4 9 7 7 6 5 4 4 4 5 4 5 6 6 4 6 6 6 7 4 3 6 8 6 5 7 5 6 5 6 7 7 5 6 7 4 5 6 5 7 6 5 6 7 7 6 6 5 8 4 5 6 6 5 5 6 5 7 5 7 3 6 6 8 8 5 7 6 6 4 5 8 5
13 8 5 9 9 3 6 8 6 3 6 8 4 5 7 7 7 5 6 8 6 7 6 6 6 8 6 6 4 5 6 6 7 6 5 5 6 4 7 7 7 7 4 7 6 5 7 7 6 3 4 8 6 8 6 6 7 5 6 9 5 6 7 6 6 7 7 5 4 6 4 4 8 6 7 6 7 6 8 6 6 4 7 6 5 7 4 6 5 5 5 6 4 5 6 6 5 5 6 6 8
14 6 4 7 4 5 6 5 7 4 6 5 4 6 5 7 6 6 5 7 7 7 5 4 4 5 7 6 4 5 6 7 4 4 6 8 9 4 6 5 5 6 7 7 6 5 6 7 4 5 5 5 8 7 4 5 7 5 5 7 6 6 6 4 6 6 7 6 8 2 5 3 5 7 6 6 4 5 6 8 6 6 6 6 7 6 6 6 6 5 5 7 8 5 5 5 7 6 5 6 8
15 4 3 4 3 4 5 6 7 4 5 4 5 5 5 3 5 4 4 3 3 3 2 5 3 4 2 6 2 2 5 5 4 4 3 5 4 4 2 4 3 2 4 4 2 2 5 6 5 4 3 3 4 4 5 5 6 4 7 5 5 4 5 5 7 6 4 6 3 3 4 3 6 4 3 4 5 3 2 4 3 7 5 4 5 4 6 3 5 6 2 7 3 6 6 2 4 5 4 2 2
16 8 7 10 6 8 7 8 5 6 8 6 6 4 6 6 6 6 7 9 4 8 8 8 8 5 10 9 8 6 10 5 9 7 7 6 7 8 6 7 8 7 6 6 4 6 6 6 5 9 9 8 7 8 5 5 5 7 7 7 5 7 7 6 8 8 7 4 7 8 6 8 8 8 9 8 5 4 8 7 8 6 8 9 8 6 5 8 7 8 8 5 4 5 7 5 5 5 6 7 8
17 6 7 6 6 6 7 3 7 4 6 6 7 7 6 6 6 5 4 6 6 5 6 4 5 6 4 6 6 6 7 6 5 5 6 5 6 7 4 4 5 4 7 5 6 6 5 5 5 6 6 6 6 4 5 6 5 5 8 6 4 5 5 4 6 6 5 6 7 6 6 5 5 6 5 6 6 5 7 5 6 9 7 7 5 4 6 6 6 4 6 6 5 4 5 4 5 5 6 5 6
18 3 4 5 4 4 6 4 6 4 5 5 7 5 5 3 5 4 6 2 4 5 5 2 5 5 4 3 3 7 6 4 4 7 6 3 4 6 5 4 6 6 5 5 6 6 5 4 5 4 5 5 7 7 6 6 4 6 6 7 5 3 6 5 5 4 4 6 5 5 5 4 4 7 3 8 7 5 7 7 4 5 4 5 5 7 5 4 7 5 5 6 4 5 6 5 3 5 6 4 6
19 4 2 4 3 2 5 1 3 2 2 3 1 1 3 1 2 1 5 1 4 2 3 2 1 2 3 2 3 3 2 6 2 1 4 2 4 3 3 4 2 4 2 1 3 3 1 4 3 3 3 2 2 3 3 4 2 4 2 2 3 4 2 2 1 2 2 1 1 3 3 3 3 1 1 4 2 2 2 2 3 5 3 1 2 3 6 2 4 4 3 4 3 5 2 3 3 2 3 1 1
20 5 2 6 3 4 3 3 4 6 5 5 4 4 4 3 6 3 4 4 4 5 3 3 6 5 3 4 4 4 5 4 5 4 4 2 5 4 7 4 3 5 4 5 3 6 6 3 4 3 4 6 2 6 5 5 6 3 5 4 5 3 5 2 4 4 4 4 3 6 4 4 5 5 4 5 1 5 6 5 5 4 4 5 4 5 6 3 5 4 5 5 3 3 4 4 5 6 4 7 4
21 7 6 6 6 6 5 4 6 5 8 8 6 5 6 8 6 5 5 7 6 7 3 5 4 5 5 6 6 7 6 6 8 8 6 4 7 8 6 6 6 8 5 8 8 3 7 6 6 4 6 7 5 8 6 7 8 6 5 8 6 5 6 6 6 7 7 6 6 6 7 7 8 7 7 7 8 6 8 8 5 8 8 6 9 8 4 6 7 8 6 5 6 9 6 10 5 6 6 7 9
22 5 2 3 3 3 1 4 2 5 5 3 4 4 3 2 4 5 4 5 4 4 3 5 4 5 3 3 4 4 3 4 3 2 4 3 3 2 3 3 4 5 2 5 3 3 4 1 7 5 4 4 2 6 1 2 4 5 2 1 2 4 4 2 5 5 3 5 2 3 4 4 4 3 4 4 5 3 4 3 5 2 6 3 3 4 5 5 2 3 3 3 3 5 3 3 3 3 4 5 5
23 4 3 5 5 6 6 5 4 6 7 5 7 6 6 4 5 6 6 5 4 6 4 6 4 6 5 6 5 4 5 5 6 6 5 6 5 5 3 3 4 5 7 4 4 6 5 5 6 6 3 4 5 5 3 5 6 3 7 6 4 4 8 3 4 6 6 7 7 4 5 6 4 7 5 5 3 9 4 6 7 5 7 4 4 5 5 4 4 5 5 7 4 7 6 4 6 5 6 5 5
24 2 3 3 2 4 2 4 4 4 2 6 3 2 4 4 3 6 4 4 4 5 2 5 2 3 4 3 1 2 4 3 3 4 2 3 3 3 3 2 3 3 4 5 2 4 4 3 4 2 2 4 4 2 2 4 1 2 6 3 4 1 4 3 4 3 4 5 4 5 4 3 4 5 3 2 2 3 3 3 4 3 4 1 3 5 4 3 3 2 3 4 3 4 3 3 4 3 2 4 4
25 4 4 6 4 5 6 6 2 7 5 3 6 4 6 4 3 5 5 5 5 7 4 7 5 5 5 5 4 5 4 6 6 3 5 3 3 4 5 7 5 7 6 5 4 5 3 2 5 5 4 6 5 5 6 6 5 5 4 5 4 2 3 7 5 8 3 6 5 5 5 6 7 7 5 6 5 3 4 5 7 6 4 4 4 4 4 7 6 6 3 5 6 5 6 7 4 5 4 4 5
26 6 6 7 5 6 5 5 6 7 6 8 3 5 5 4 7 8 6 6 6 6 7 7 5 8 4 5 6 6 6 5 6 6 8 7 6 4 4 4 6 5 7 4 8 5 6 7 5 4 5 4 6 4 7 5 5 6 6 4 5 5 6 5 3 7 5 5 4 8 4 5 7 6 7 7 5 6 5 6 6 5 4 5 7 6 4 4 4 5 4 5 6 6 6 7 6 6 6 5 5
27 4 6 7 5 7 7 5 4 5 4 4 5 4 3 4 4 4 5 3 5 4 3 6 2 4 4 4 7 4 6 5 5 5 5 4 6 5 3 6 4 5 3 5 6 6 4 4 8 6 7 4 6 5 4 5 4 6 5 5 7 4 7 5 4 4 4 4 6 6 6 3 4 4 5 4 3 6 5 5 5 5 6 5 5 4 5 4 6 5 5 4 5 4 8 6 5 5 5 6 5
28 1 5 5 4 3 1 1 3 5 4 3 1 2 3 2 4 4 2 4 2 3 2 3 3 3 6 4 5 3 3 3 4 4 2 3 3 5 2 3 1 3 4 2 2 3 6 4 3 5 1 4 4 1 2 2 1 2 3 4 2 1 3 4 3 1 1 2 3 2 2 3 2 3 3 5 3 3 4 3 3 3 1 2 2 2 4 1 3 2 4 4 2 3 3 3 3 1 3 4 2
29 6 7 8 6 8 7 6 7 7 6 6 7 6 7 6 7 7 6 7 9 7 6 8 6 7 8 6 7 8 10 5 7 7 5 5 6 5 6 6 8 5 6 6 7 5 10 6 6 8 7 8 6 6 8 6 6 7 7 8 6 5 7 7 8 7 5 5 7 4 9 7 4 9 7 5 8 7 8 8 5 7 5 8 7 8 9 7 4 8 6 6 8 7 7 5 8 8 7 8 5
30 4 5 4 4 5 4 6 4 2 3 3 4 2 3 5 4 3 3 3 5 2 2 4 5 8 3 4 4 6 5 4 4 4 4 4 4 4 3 3 8 3 3 5 3 4 3 6 4 4 2 3 5 4 2 6 6 3 3 4 4 4 3 3 5 5 5 3 3 4 2 5 4 5 6 2 2 6 4 4 3 4 2 5 4 3 4 2 3 5 4 2 5 2 6 3 4 4 4 3 2
31 7 7 6 5 9 7 8 6 7 6 7 7 7 6 11 7 9 8 6 5 7 8 8 9 10 8 7 6 7 6 7 6 8 8 5 7 6 9 6 8 4 6 9 6 8 7 7 8 7 8 8 5 9 7 7 6 7 7 5 9 7 6 9 10 8 8 6 7 7 7 6 10 7 7 7 6 11 7 9 7 9 9 5 6 8 8 7 7 8 5 6 6 6 5 9 7 7 8 9 6
32 8 7 8 7 7 7 6 8 8 5 9 6 7 7 7 7 11 10 7 9 5 9 7 5 6 7 5 6 7 6 8 8 8 7 6 7 8 9 5 8 10 6 6 6 9 7 7 8 10 7 7 8 7 8 9 8 8 9 8 6 8 5 6 8 6 6 7 5 7 5 8 8 7 9 7 7 5 6 8 6 8 6 8 8 5 7 7 8 11 8 5 7 7 8 7 8 6 5 9 8
33 4 1 5 4 3 5 4 5 4 4 3 3 6 3 6 4 2 4 3 3 5 4 4 2 4 4 4 6 5 6 6 6 4 6 5 5 4 3 4 3 5 5 4 4 3 6 6 4 2 3 5 5 4 5 6 4 4 4 4 7 6 6 4 3 7 4 3 3 5 6 3 4 4 6 5 5 4 5 4 3 5 5 6 4 1 2 5 3 6 2 6 4 5 4 1 4 5 4 5 5
34 5 6 4 4 3 5 6 4 4 5 5 6 4 2 4 5 5 4 5 4 5 3 4 2 5 5 5 4 5 5 5 4 4 1 4 4 6 6 4 5 3 4 3 6 4 3 3 3 5 4 3 4 6 5 4 5 5 4 5 5 5 6 3 6 2 4 4 2 4 5 1 2 5 5 4 4 4 3 4 3 4 5 2 4 4 4 4 4 6 5 9 5 4 3 5 5 4 3 5 3
35 7 5 8 7 6 7 6 5 7 6 8 8 9 8 6 8 9 6 6 7 8 6 8 8 8 9 7 6 7 8 7 8 7 7 6 8 6 7 5 11 8 9 7 8 9 5 7 10 8 8 7 8 7 6 7 7 4 8 8 8 7 7 8 7 10 8 8 8 9 7 7 8 7 5 7 8 7 5 7 8 8 7 8 7 8 7 10 5 5 8 8 6 9 7 9 9 6 10 7 8
36 5 3 5 7 8 3 6 3 6 5 4 7 4 5 5 5 7 4 6 6 7 7 5 5 6 5 5 7 5 6 6 6 6 6 5 5 7 6 5 5 7 7 6 8 4 8 6 4 6 5 4 7 6 5 5 7 6 5 7 7 7 6 6 4 6 6 4 6 5 7 5 2 5 4 6 6 6 6 7 5 7 5 3 6 7 6 7 6 6 5 3 4 6 8 6 7 5 6 7 5
37 4 5 5 4 4 6 4 7 5 4 5 6 3 3 4 5 4 4 6 5 5 4 3 5 4 4 5 7 6 4 5 6 4 3 5 4 4 5 2 3 6 3 4 6 4 7 4 5 4 4 4 4 7 7 5 4 4 4 6 5 3 4 6 4 5 4 6 5 5 6 5 6 4 6 4 2 5 5 5 5 4 5 6 6 5 4 5 7 5 6 4 4 4 8 4 2 4 3 5 4
38 6 5 6 4 6 6 4 5 6 4 4 6 6 7 5 2 7 4 6 5 9 6 6 6 7 7 5 5 8 5 6 8 5 6 6 6 6 7 5 5 7 8 7 4 6 3 7 6 5 7 7 6 6 7 6 4 5 5 5 5 6 6 6 4 6 6 5 5 6 7 8 6 5 7 7 6 5 5 7 6 6 5 6 6 7 6 8 6 6 5 6 6 8 5 4 6 5 7 3 6
39 8 6 6 6 6 6 8 5 5 6 4 5 5 5 5 5 5 6 6 6 5 5 6 6 8 6 7 8 9 7 6 6 6 7 7 6 8 7 9 8 8 7 7 6 7 6 5 6 5 6 5 8 6 5 7 6 8 7 6 5 6 5 6 5 8 6 5 5 5 6 9 6 5 5 5 7 6 5 6 7 6 7 7 4 7 5 7 7 6 8 8 9 5 9 6 8 9 7 5 5
40 6 6 5 7 7 5 6 8 5 5 6 5 4 6 4 5 4 4 6 7 7 6 6 6 5 5 7 7 4 6 4 5 5 7 5 5 8 6 7 6 4 8 4 6 3 6 4 6 3 4 2 8 4 7 8 6 7 5 4 6 5 6 6 6 6 4 5 6 3 5 5 5 5 7 5 4 8 4 5 5 7 7 6 4 7 5 5 2 6 5 7 6 7 8 4 7 6 8 4 4
41 1 3 3 6 5 4 4 4 3 1 3 4 4 5 4 3 6 4 4 3 2 4 3 3 5 6 6 5 4 5 5 2 4 4 4 4 3 3 4 2 3 2 6 3 4 5 3 4 6 5 5 4 3 4 3 5 3 4 7 3 4 2 4 5 2 7 5 2 3 4 5 3 3 2 4 6 4 6 2 5 3 4 6 3 4 2 4 5 3 6 5 3 4 1 5 5 3 1 2 5
42 5 6 4 5 6 6 5 4 4 4 5 4 5 4 6 5 5 3 5 4 5 6 6 5 6 3 5 5 6 3 6 4 6 7 5 6 6 6 5 2 5 3 3 6 5 1 5 6 4 5 5 4 4 4 5 5 6 4 4 4 4 4 4 5 5 7 7 5 4 3 6 5 6 5 4 5 2 5 4 5 3 4 6 4 4 5 4 7 4 4 5 5 4 5 4 4 4 5 5 6
43 7 6 4 6 6 5 6 5 2 6 6 5 6 6 5 7 5 8 5 6 6 5 8 5 4 5 5 6 5 4 4 6 5 3 5 5 4 5 5 5 3 6 6 6 6 7 4 7 4 6 5 7 4 5 5 7 4 5 5 5 5 4 5 2 5 6 6 6 5 5 4 5 3 3 7 5 5 4 5 5 4 8 6 4 6 5 6 5 5 5 4 5 5 6 5 3 6 2 7 8
44 7 5 6 6 5 8 6 5 6 8 3 4 5 6 6 5 5 8 3 4 5 6 6 5 4 7 6 7 7 5 9 5 4 5 6 5 2 8 5 7 4 6 5 6 6 3 7 3 8 5 4 5 6 6 4 6 8 6 4 4 7 7 6 8 7 5 6 5 7 7 6 7 5 7 8 6 6 6 6 5 6 6 4 7 7 4 6 4 6 6 5 6 6 4 5 5 4 5 6 5
45 5 7 6 5 5 5 4 7 7 7 5 6 6 6 5 6 6 8 4 6 6 6 5 5 6 7 5 4 8 5 6 7 7 5 7 8 6 6 6 6 6 6 7 4 7 4 7 7 7 3 5 5 6 5 6 5 5 6 7 8 6 6 7 6 5 7 7 3 6 6 6 5 5 7 5 6 6 5 4 5 5 5 6 5 8 4 8 6 7 6 7 6 6 7 7 7 7 6 4 6
46 5 6 5 7 8 7 7 5 4 7 5 6 2 7 6 5 5 7 5 6 6 7 6 7 6 5 4 4 3 6 5 4 4 7 8 8 6 5 7 6 5 7 7 5 7 6 8 7 7 7 6 6 4 5 8 4 6 7 6 4 5 7 6 9 9 5 6 6 7 5 6 7 4 7 6 5 9 4 6 2 6 8 5 4 6 5 6 7 5 4 5 5 7 4 5 5 5 4 6 6
47 8 4 4 5 5 6 5 9 4 6 6 6 7 8 6 7 6 5 7 5 7 7 8 5 8 6 7 6 7 7 7 7 6 8 6 5 7 7 5 7 6 4 8 6 4 6 7 7 4 4 6 9 8 7 7 7 7 7 8 6 6 7 7 7 4 8 7 7 7 5 7 6 7 5 7 5 4 4 6 8 4 7 5 5 8 4 5 7 6 8 6 7 6 5 6 6 7 6 7 6
48 4 5 6 3 5 2 5 5 2 4 4 1 5 5 4 4 3 4 6 2 2 3 6 4 3 4 3 5 4 6 4 3 3 3 5 4 4 3 7 6 6 2 4 4 3 3 4 4 4 3 4 4 4 1 6 8 4 2 4 3 2 3 3 3 5 3 4 6 4 3 6 2 5 2 4 1 3 5 4 4 4 4 4 4 4 4 4 5 4 5 4 6 4 2 4 4 5 3 2 4
49 4 6 6 4 2 4 6 3 3 4 2 5 3 3 2 4 4 4 4 3 2 5 1 5 1 5 2 4 3 5 5 4 4 5 3 2 3 2 1 6 2 4 2 3 4 4 4 3 4 5 4 4 2 4 2 3 2 4 4 3 7 4 4 2 3 4 3 2 4 5 5 4 3 3 3 3 3 7 3 2 2 2 2 5 5 4 4 2 4 5 4 1 1 2 3 3 3 2 3 3
50 2 1 3 2 1 4 2 2 4 5 2 4 2 5 2 2 4 2 1 3 4 4 3 2 2 1 2 5 4 2 4 3 2 3 2 3 3 3 1 3 2 3 2 4 4 4 3 3 5 2 1 6 4 3 2 5 2 3 3 3 4 4 1 4 3 4 4 2 4 3 1 1 2 3 4 1 4 1 1 2 3 4 1 3 2 1 2 3 2 1 5 2 3 4 1 4 3 3 2 3

Probability of each scenario occurring:
0.01 0.01 0.01 0.01 0.01 0.01 0.01 0.01 0.01 0.01 0.01 0.01 0.01 0.01 0.01 0.01 0.01 0.01 0.01 0.01 0.01 0.01 0.01 0.01 0.01 0.01 0.01 0.01 0.01 0.01 0.01 0.01 0.01 0.01 0.01 0.01 0.01 0.01 0.01 0.01 0.01 0.01 0.01 0.01 0.01 0.01 0.01 0.01 0.01 0.01 0.01 0.01 0.01 0.01 0.01 0.01 0.01 0.01 0.01 0.01 0.01 0.01 0.01 0.01 0.01 0.01 0.01 0.01 0.01 0.01 0.01 0.01 0.01 0.01 0.01 0.01 0.01 0.01 0.01 0.01 0.01 0.01 0.01 0.01 0.01 0.01 0.01 0.01 0.01 0.01 0.01 0.01 0.01 0.01 0.01 0.01 0.01 0.01 0.01 0.01

Travel costs:
0.0 1.888 0.668 2.375 1.905 0.493 1.638 0.713 2.419 1.384 1.075 2.751 1.627 2.232 0.612 0.964 0.95 1.584 2.102 0.151 0.461 2.233 2.04 1.706 2.084 0.895 0.438 1.815 0.831 1.236 2.22 0.896 1.113 1.708 1.36 1.259 2.029 0.685 1.381 0.47 1.759 2.519 1.741 2.427 2.217 1.588 0.858 1.589 1.426 1.969 2.374
1.888 0.0 2.427 1.828 3.637 1.517 0.472 1.207 3.541 2.176 2.296 4.006 1.893 0.717 2.5 1.025 2.452 0.442 3.518 1.791 1.855 2.057 1.844 3.323 1.383 1.255 1.462 1.533 2.675 2.512 1.971 1.919 2.975 3.519 2.788 2.813 2.366 2.516 3.176 1.645 3.425 2.544 3.614 2.53 3.237 0.884 1.031 1.318 2.864 3.635 2.461
0.668 2.427 0.0 3.039 1.846 0.91 2.246 1.223 1.858 1.944 1.551 2.135 1.573 2.635 0.49 1.416 0.421 2.183 1.465 0.685 0.587 2.878 2.693 1.039 2.274 1.238 0.992 2.479 0.81 0.768 2.871 1.487 0.941 1.556 0.772 1.488 2.617 0.767 1.308 0.787 1.091 3.13 1.22 3.03 1.708 2.242 1.439 1.773 1.704 1.977 2.982
2.375 1.828 3.039 0.0 3.241 2.384 1.427 2.144 4.715 1.422 1.85 5.095 3.378 2.539 2.793 2.205 3.301 1.504 4.468 2.399 2.683 0.426 0.422 4.078 3.147 2.441 2.197 0.56 2.752 3.53 0.337 1.651 3.022 3.308 3.711 2.412 1.014 2.621 3.006 2.512 4.122 0.847 3.89 0.893 4.465 1.066 1.89 2.919 2.31 3.131 0.837
1.905 3.637 1.846 3.241 0.0 2.397 3.262 2.588 3.4 1.826 1.452 3.472 3.398 4.1 1.409 2.85 2.236 3.241 2.821 2.051 2.251 2.881 2.82 2.272 3.981 2.8 2.319 2.812 1.098 2.569 2.935 1.787 0.905 0.35 2.446 0.866 2.336 1.226 0.544 2.353 2.189 2.831 1.361 2.712 3.365 3.017 2.651 3.48 0.932 0.216 2.704
0.493 1.517 0.91 2.384 2.397 0.0 1.366 0.318 2.332 1.671 1.46 2.729 1.218 1.771 1.06 0.513 0.988 1.296 2.139 0.347 0.35 2.33 2.113 1.85 1.593 0.403 0.201 1.837 1.315 1.157 2.296 1.187 1.585 2.192 1.375 1.733 2.247 1.174 1.87 0.14 1.937 2.688 2.11 2.61 2.082 1.44 0.564 1.103 1.884 2.462 2.549
1.638 0.472 2.246 1.427 3.262 1.366 0.0 1.05 3.585 1.718 1.875 4.025 2.049 1.174 2.233 0.967 2.351 0.087 3.48 1.571 1.716 1.612 1.392 3.216 1.72 1.224 1.255 1.074 2.364 2.475 1.531 1.502 2.668 3.175 2.724 2.417 1.896 2.204 2.831 1.505 3.302 2.094 3.378 2.073 3.299 0.416 0.809 1.53 2.448 3.243 2.003
0.713 1.207 1.223 2.144 2.588 0.318 1.05 0.0 2.597 1.615 1.491 3.011 1.303 1.522 1.319 0.263 1.3 0.979 2.44 0.595 0.667 2.134 1.91 2.166 1.483 0.34 0.276 1.614 1.539 1.444 2.09 1.164 1.826 2.413 1.679 1.857 2.125 1.388 2.08 0.456 2.254 2.526 2.409 2.459 2.332 1.154 0.264 1.035 1.979 2.631 2.394
2.419 3.541 1.858 4.715 3.4 2.332 3.585 2.597 0.0 3.784 3.407 0.5 1.721 3.357 2.315 2.62 1.477 3.502 0.623 2.352 2.039 4.632 4.425 1.139 2.585 2.362 2.518 4.164 2.593 1.192 4.608 3.309 2.586 3.053 1.085 3.299 4.445 2.597 2.944 2.202 1.249 4.939 2.146 4.846 0.32 3.75 2.861 2.304 3.524 3.585 4.793
1.384 2.176 1.944 1.422 1.826 1.671 1.718 1.615 3.784 0.0 0.459 4.078 2.884 2.812 1.564 1.828 2.308 1.734 3.404 1.485 1.825 1.095 1.0 2.932 3.055 1.951 1.478 0.997 1.427 2.615 1.133 0.492 1.66 1.888 2.705 0.992 0.682 1.328 1.595 1.745 2.941 1.212 2.549 1.104 3.597 1.361 1.485 2.643 0.896 1.731 1.064
1.075 2.296 1.551 1.85 1.452 1.46 1.875 1.491 3.407 0.459 0.0 3.674 2.672 2.863 1.134 1.737 1.94 1.87 2.993 1.203 1.535 1.548 1.435 2.504 2.973 1.802 1.29 1.374 0.971 2.265 1.579 0.378 1.201 1.466 2.322 0.587 1.129 0.882 1.156 1.501 2.505 1.664 2.089 1.552 3.241 1.585 1.435 2.52 0.574 1.393 1.516
2.751 4.006 2.135 5.095 3.472 2.729 4.025 3.011 0.5 4.078 3.674 0.0 2.214 3.849 2.549 3.059 1.803 3.944 0.686 2.703 2.413 4.983 4.784 1.224 3.084 2.801 2.905 4.538 2.793 1.572 4.966 3.619 2.732 3.122 1.392 3.493 4.752 2.823 3.066 2.594 1.286 5.26 2.142 5.162 0.819 4.164 3.275 2.792 3.721 3.671 5.113
1.627 1.893 1.573 3.378 3.398 1.218 2.049 1.303 1.721 2.884 2.672 2.214 0.0 1.637 1.991 1.178 1.264 1.963 1.88 1.483 1.185 3.418 3.19 1.925 0.901 0.967 1.406 2.881 2.311 1.056 3.367 2.404 2.502 3.125 1.347 2.874 3.426 2.21 2.854 1.172 2.065 3.826 2.668 3.761 1.402 2.322 1.518 0.592 3.051 3.508 3.696
2.232 0.717 2.635 2.539 4.1 1.771 1.174 1.522 3.357 2.812 2.863 3.849 1.637 0.0 2.828 1.268 2.543 1.125 3.461 2.103 2.05 2.774 2.56 3.378 0.862 1.398 1.797 2.246 3.061 2.504 2.688 2.49 3.345 3.935 2.802 3.326 3.065 2.909 3.6 1.866 3.499 3.261 3.855 3.245 3.039 1.591 1.457 1.06 3.411 4.128 3.175
0.612 2.5 0.49 2.793 1.409 1.06 2.233 1.319 2.315 1.564 1.134 2.549 1.991 2.828 0.0 1.561 0.91 2.184 1.865 0.726 0.851 2.578 2.415 1.371 2.597 1.453 1.047 2.246 0.327 1.257 2.585 1.16 0.534 1.157 1.238 1.0 2.246 0.283 0.865 0.984 1.378 2.773 1.154 2.667 2.186 2.137 1.469 2.092 1.219 1.519 2.625
0.964 1.025 1.416 2.205 2.85 0.513 0.967 0.263 2.62 1.828 1.737 3.059 1.178 1.268 1.561 0.0 1.429 0.885 2.524 0.836 0.834 2.243 2.014 2.301 1.238 0.258 0.532 1.703 1.794 1.516 2.189 1.397 2.076 2.67 1.778 2.119 2.294 1.644 2.339 0.629 2.4 2.662 2.623 2.603 2.337 1.163 0.356 0.818 2.236 2.893 2.537
0.95 2.452 0.421 3.301 2.236 0.988 2.351 1.3 1.477 2.308 1.94 1.803 1.264 2.543 0.91 1.429 0.0 2.278 1.169 0.903 0.643 3.18 2.982 0.872 2.058 1.201 1.136 2.742 1.229 0.347 3.164 1.833 1.333 1.929 0.411 1.908 2.969 1.187 1.706 0.848 0.974 3.467 1.408 3.373 1.302 2.417 1.552 1.58 2.123 2.378 3.321
1.584 0.442 2.183 1.504 3.241 1.296 0.087 0.979 3.502 1.734 1.87 3.944 1.963 1.125 2.184 0.885 2.278 0.0 3.402 1.511 1.646 1.676 1.454 3.145 1.643 1.142 1.192 1.133 2.325 2.396 1.597 1.494 2.629 3.145 2.648 2.403 1.941 2.165 2.801 1.434 3.232 2.155 3.325 2.131 3.215 0.473 0.744 1.445 2.441 3.228 2.061
2.102 3.518 1.465 4.468 2.821 2.139 3.48 2.44 0.623 3.404 2.993 0.686 1.88 3.461 1.865 2.524 1.169 3.402 0.0 2.069 1.804 4.334 4.142 0.551 2.781 2.274 2.3 3.908 2.106 1.008 4.322 2.952 2.053 2.472 0.765 2.808 4.081 2.138 2.394 2.0 0.639 4.595 1.532 4.495 0.751 3.578 2.699 2.407 3.035 3.015 4.446
0.151 1.791 0.685 2.399 2.051 0.347 1.571 0.595 2.352 1.485 1.203 2.703 1.483 2.103 0.726 0.836 0.903 1.511 2.069 0.0 0.34 2.283 2.082 1.705 1.935 0.75 0.329 1.84 0.969 1.161 2.264 0.993 1.243 1.847 1.314 1.409 2.113 0.827 1.523 0.32 1.77 2.591 1.824 2.503 2.136 1.558 0.772 1.439 1.573 2.118 2.447
0.461 1.855 0.587 2.683 2.251 0.35 1.716 0.667 2.039 1.825 1.535 2.413 1.185 2.05 0.851 0.834 0.643 1.646 1.804 0.34 0.0 2.594 2.386 1.501 1.747 0.652 0.496 2.128 1.153 0.848 2.569 1.333 1.384 2.008 1.04 1.689 2.449 1.036 1.709 0.212 1.587 2.919 1.806 2.833 1.81 1.775 0.912 1.242 1.87 2.343 2.776
2.233 2.057 2.878 0.426 2.881 2.33 1.612 2.134 4.632 1.095 1.548 4.983 3.418 2.774 2.578 2.243 3.18 1.676 4.334 2.283 2.594 0.0 0.23 3.909 3.297 2.456 2.132 0.553 2.493 3.44 0.099 1.418 2.745 2.974 3.591 2.079 0.595 2.376 2.689 2.446 3.939 0.491 3.628 0.501 4.402 1.205 1.901 3.012 1.954 2.758 0.437
2.04 1.844 2.693 0.422 2.82 2.113 1.392 1.91 4.425 1.0 1.435 4.784 3.19 2.56 2.415 2.014 2.982 1.454 4.142 2.082 2.386 0.23 0.0 3.729 3.07 2.23 1.917 0.325 2.353 3.234 0.183 1.259 2.616 2.887 3.394 1.992 0.651 2.228 2.589 2.233 3.764 0.702 3.492 0.689 4.19 0.982 1.674 2.782 1.888 2.711 0.62
1.706 3.323 1.039 4.078 2.272 1.85 3.216 2.166 1.139 2.932 2.504 1.224 1.925 3.378 1.371 2.301 0.872 3.145 0.551 1.705 1.501 3.909 3.729 0.0 2.802 2.07 1.98 3.519 1.583 0.887 3.906 2.503 1.508 1.923 0.585 2.277 3.613 1.631 1.845 1.711 0.147 4.137 1.015 4.032 1.17 3.258 2.412 2.365 2.504 2.464 3.988
2.084 1.383 2.274 3.147 3.981 1.593 1.72 1.483 2.585 3.055 2.973 3.084 0.901 0.862 2.597 1.238 2.058 1.643 2.781 1.935 1.747 3.297 3.07 2.802 0.0 1.198 1.712 2.745 2.887 1.918 3.225 2.635 3.13 3.753 2.218 3.319 3.461 2.756 3.446 1.628 2.938 3.76 3.457 3.721 2.265 2.099 1.569 0.505 3.455 4.054 3.652
0.895 1.255 1.238 2.441 2.8 0.403 1.224 0.34 2.362 1.951 1.802 2.801 0.967 1.398 1.453 0.258 1.201 1.142 2.274 0.75 0.652 2.456 2.23 2.07 1.198 0.0 0.518 1.926 1.717 1.266 2.408 1.491 1.982 2.593 1.534 2.122 2.464 1.577 2.273 0.472 2.175 2.859 2.457 2.794 2.08 1.412 0.556 0.72 2.261 2.862 2.729
0.438 1.462 0.992 2.197 2.319 0.201 1.255 0.276 2.518 1.478 1.29 2.905 1.406 1.797 1.047 0.532 1.136 1.192 2.3 0.329 0.496 2.132 1.917 1.98 1.712 0.518 0.0 1.646 1.264 1.335 2.1 0.999 1.55 2.139 1.535 1.609 2.046 1.113 1.806 0.316 2.057 2.486 2.152 2.409 2.275 1.282 0.448 1.238 1.744 2.367 2.348
1.815 1.533 2.479 0.56 2.812 1.837 1.074 1.614 4.164 0.997 1.374 4.538 2.881 2.246 2.246 1.703 2.742 1.133 3.908 1.84 2.128 0.553 0.325 3.519 2.745 1.926 1.646 0.0 2.225 2.976 0.489 1.125 2.505 2.84 3.152 1.957 0.87 2.088 2.523 1.962 3.564 1.022 3.359 0.999 3.919 0.66 1.37 2.461 1.888 2.726 0.93
0.831 2.675 0.81 2.752 1.098 1.315 2.364 1.539 2.593 1.427 0.971 2.793 2.311 3.061 0.327 1.794 1.229 2.325 2.106 0.969 1.153 2.493 2.353 1.583 2.887 1.717 1.264 2.225 0.0 1.575 2.513 1.102 0.305 0.877 1.532 0.707 2.1 0.159 0.559 1.26 1.564 2.635 1.139 2.523 2.483 2.213 1.649 2.384 0.933 1.196 2.488
1.236 2.512 0.768 3.53 2.569 1.157 2.475 1.444 1.192 2.615 2.265 1.572 1.056 2.504 1.257 1.516 0.347 2.396 1.008 1.161 0.848 3.44 3.234 0.887 1.918 1.266 1.335 2.976 1.575 0.0 3.417 2.131 1.67 2.254 0.302 2.254 3.265 1.534 2.044 1.022 1.021 3.751 1.64 3.661 0.982 2.593 1.706 1.479 2.468 2.717 3.606
2.22 1.971 2.871 0.337 2.935 2.296 1.531 2.09 4.608 1.133 1.579 4.966 3.367 2.688 2.585 2.189 3.164 1.597 4.322 2.264 2.569 0.099 0.183 3.906 3.225 2.408 2.1 0.489 2.513 3.417 0.0 1.427 2.771 3.019 3.575 2.123 0.677 2.392 2.728 2.416 3.94 0.584 3.651 0.599 4.373 1.129 1.852 2.95 2.005 2.817 0.536
0.896 1.919 1.487 1.651 1.787 1.187 1.502 1.164 3.309 0.492 0.378 3.619 2.404 2.49 1.16 1.397 1.833 1.494 2.952 0.993 1.333 1.418 1.259 2.503 2.635 1.491 0.999 1.125 1.102 2.131 1.427 0.0 1.38 1.755 2.236 0.925 1.137 0.971 1.424 1.255 2.526 1.642 2.24 1.544 3.113 1.231 1.077 2.198 0.947 1.748 1.494
1.113 2.975 0.941 3.022 0.905 1.585 2.668 1.826 2.586 1.66 1.201 2.732 2.502 3.345 0.534 2.076 1.333 2.629 2.053 1.243 1.384 2.745 2.616 1.508 3.13 1.982 1.55 2.505 0.305 1.67 2.771 1.38 0.0 0.626 1.572 0.8 2.316 0.464 0.374 1.516 1.462 2.852 0.89 2.737 2.513 2.516 1.947 2.626 1.022 1.046 2.706
1.708 3.519 1.556 3.308 0.35 2.192 3.175 2.413 3.053 1.888 1.466 3.122 3.125 3.935 1.157 2.67 1.929 3.145 2.472 1.847 2.008 2.974 2.887 1.923 3.753 2.593 2.139 2.84 0.877 2.254 3.019 1.755 0.626 0.0 2.116 0.896 2.463 1.026 0.344 2.132 1.839 2.98 1.019 2.861 3.024 2.968 2.507 3.249 1.037 0.554 2.845
1.36 2.788 0.772 3.711 2.446 1.375 2.724 1.679 1.085 2.705 2.322 1.392 1.347 2.802 1.238 1.778 0.411 2.648 0.765 1.314 1.04 3.591 3.394 0.585 2.218 1.534 1.535 3.152 1.532 0.302 3.575 2.236 1.572 2.116 0.0 2.234 3.372 1.521 1.944 1.235 0.721 3.874 1.403 3.778 0.951 2.813 1.937 1.781 2.456 2.611 3.727
1.259 2.813 1.488 2.412 0.866 1.733 2.417 1.857 3.299 0.992 0.587 3.493 2.874 3.326 1.0 2.119 1.908 2.403 2.808 1.409 1.689 2.079 1.992 2.277 3.319 2.122 1.609 1.957 0.707 2.254 2.123 0.925 0.8 0.896 2.234 0.0 1.584 0.721 0.621 1.728 2.245 2.111 1.662 1.993 3.184 2.155 1.87 2.835 0.228 0.826 1.971
2.029 2.366 2.617 1.014 2.336 2.247 1.896 2.125 4.445 0.682 1.129 4.752 3.426 3.065 2.246 2.294 2.969 1.941 4.081 2.113 2.449 0.595 0.651 3.613 3.461 2.464 2.046 0.87 2.1 3.265 0.677 1.137 2.316 2.463 3.372 1.584 0.0 2.008 2.205 2.34 3.623 0.536 3.206 0.423 4.246 1.482 1.938 3.106 1.428 2.198 0.39
0.685 2.516 0.767 2.621 1.226 1.174 2.204 1.388 2.597 1.328 0.882 2.823 2.21 2.909 0.283 1.644 1.187 2.165 2.138 0.827 1.036 2.376 2.228 1.631 2.756 1.577 1.113 2.088 0.159 1.534 2.392 0.971 0.464 1.026 1.521 0.721 2.008 0.0 0.697 1.128 1.626 2.54 1.272 2.43 2.468 2.058 1.492 2.255 0.937 1.307 2.392
1.381 3.176 1.308 3.006 0.544 1.87 2.831 2.08 2.944 1.595 1.156 3.066 2.854 3.6 0.865 2.339 1.706 2.801 2.394 1.523 1.709 2.689 2.589 1.845 3.446 2.273 1.806 2.523 0.559 2.044 2.728 1.424 0.374 0.344 1.944 0.621 2.205 0.697 0.0 1.819 1.784 2.732 1.079 2.614 2.881 2.629 2.166 2.943 0.806 0.673 2.592
0.47 1.645 0.787 2.512 2.353 0.14 1.505 0.456 2.202 1.745 1.501 2.594 1.172 1.866 0.984 0.629 0.848 1.434 2.0 0.32 0.212 2.446 2.233 1.711 1.628 0.472 0.316 1.962 1.26 1.022 2.416 1.255 1.516 2.132 1.235 1.728 2.34 1.128 1.819 0.0 1.799 2.793 1.998 2.712 1.958 1.578 0.704 1.128 1.892 2.429 2.653
1.759 3.425 1.091 4.122 2.189 1.937 3.302 2.254 1.249 2.941 2.505 1.286 2.065 3.499 1.378 2.4 0.974 3.232 0.639 1.77 1.587 3.939 3.764 0.147 2.938 2.175 2.057 3.564 1.564 1.021 3.94 2.526 1.462 1.839 0.721 2.245 3.623 1.626 1.784 1.799 0.0 4.151 0.897 4.044 1.302 3.327 2.494 2.495 2.472 2.386 4.002
2.519 2.544 3.13 0.847 2.831 2.688 2.094 2.526 4.939 1.212 1.664 5.26 3.826 3.261 2.773 2.662 3.467 2.155 4.595 2.591 2.919 0.491 0.702 4.137 3.76 2.859 2.486 1.022 2.635 3.751 0.584 1.642 2.852 2.98 3.874 2.111 0.536 2.54 2.732 2.793 4.151 0.0 3.741 0.119 4.727 1.682 2.311 3.452 1.944 2.679 0.149
1.741 3.614 1.22 3.89 1.361 2.11 3.378 2.409 2.146 2.549 2.089 2.142 2.668 3.855 1.154 2.623 1.408 3.325 1.532 1.824 1.806 3.628 3.492 1.015 3.457 2.457 2.152 3.359 1.139 1.64 3.651 2.24 0.89 1.019 1.403 1.662 3.206 1.272 1.079 1.998 0.897 3.741 0.0 3.626 2.182 3.291 2.594 2.967 1.87 1.572 3.596
2.427 2.53 3.03 0.893 2.712 2.61 2.073 2.459 4.846 1.104 1.552 5.162 3.761 3.245 2.667 2.603 3.373 2.131 4.495 2.503 2.833 0.501 0.689 4.032 3.721 2.794 2.409 0.999 2.523 3.661 0.599 1.544 2.737 2.861 3.778 1.993 0.423 2.43 2.614 2.712 4.044 0.119 3.626 0.0 4.639 1.659 2.25 3.4 1.825 2.561 0.07
2.217 3.237 1.708 4.465 3.365 2.082 3.299 2.332 0.32 3.597 3.241 0.819 1.402 3.039 2.186 2.337 1.302 3.215 0.751 2.136 1.81 4.402 4.19 1.17 2.265 2.08 2.275 3.919 2.483 0.982 4.373 3.113 2.513 3.024 0.951 3.184 4.246 2.468 2.881 1.958 1.302 4.727 2.182 4.639 0.0 3.481 2.594 1.987 3.405 3.539 4.583
1.588 0.884 2.242 1.066 3.017 1.44 0.416 1.154 3.75 1.361 1.585 4.164 2.322 1.591 2.137 1.163 2.417 0.473 3.578 1.558 1.775 1.205 0.982 3.258 2.099 1.412 1.282 0.66 2.213 2.593 1.129 1.231 2.516 2.968 2.813 2.155 1.482 2.058 2.629 1.578 3.327 1.682 3.291 1.659 3.481 0.0 0.89 1.852 2.155 2.976 1.589
0.858 1.031 1.439 1.89 2.651 0.564 0.809 0.264 2.861 1.485 1.435 3.275 1.518 1.457 1.469 0.356 1.552 0.744 2.699 0.772 0.912 1.901 1.674 2.412 1.569 0.556 0.448 1.37 1.649 1.706 1.852 1.077 1.947 2.507 1.937 1.87 1.938 1.492 2.166 0.704 2.494 2.311 2.594 2.25 2.594 0.89 0.0 1.171 1.964 2.672 2.184
1.589 1.318 1.773 2.919 3.48 1.103 1.53 1.035 2.304 2.643 2.52 2.792 0.592 1.06 2.092 0.818 1.58 1.445 2.407 1.439 1.242 3.012 2.782 2.365 0.505 0.72 1.238 2.461 2.384 1.479 2.95 2.198 2.626 3.249 1.781 2.835 3.106 2.255 2.943 1.128 2.495 3.452 2.967 3.4 1.987 1.852 1.171 0.0 2.98 3.556 3.333
1.426 2.864 1.704 2.31 0.932 1.884 2.448 1.979 3.524 0.896 0.574 3.721 3.051 3.411 1.219 2.236 2.123 2.441 3.035 1.573 1.87 1.954 1.888 2.504 3.455 2.261 1.744 1.888 0.933 2.468 2.005 0.947 1.022 1.037 2.456 0.228 1.428 0.937 0.806 1.892 2.472 1.944 1.87 1.825 3.405 2.155 1.964 2.98 0.0 0.838 1.808
1.969 3.635 1.977 3.131 0.216 2.462 3.243 2.631 3.585 1.731 1.393 3.671 3.508 4.128 1.519 2.893 2.378 3.228 3.015 2.118 2.343 2.758 2.711 2.464 4.054 2.862 2.367 2.726 1.196 2.717 2.817 1.748 1.046 0.554 2.611 0.826 2.198 1.307 0.673 2.429 2.386 2.679 1.572 2.561 3.539 2.976 2.672 3.556 0.838 0.0 2.557
2.374 2.461 2.982 0.837 2.704 2.549 2.003 2.394 4.793 1.064 1.516 5.113 3.696 3.175 2.625 2.537 3.321 2.061 4.446 2.447 2.776 0.437 0.62 3.988 3.652 2.729 2.348 0.93 2.488 3.606 0.536 1.494 2.706 2.845 3.727 1.971 0.39 2.392 2.592 2.653 4.002 0.149 3.596 0.07 4.583 1.589 2.184 3.333 1.808 2.557 0.0
