Number of customers: 75
Vehicle capacity     50
Alpha:               0.75
Number of scenarios: 10

Location coordinates:
0 0.0 0.0
1 0.91462 1.44377
2 1.2466 1.09322
3 1.62935 -1.64291
4 1.4605 1.96602
5 -0.78055 0.90795
6 -1.0814 1.12452
7 0.91883 0.57651
8 1.34755 -0.41709
9 0.60852 1.58433
10 1.66277 0.9753
11 1.01543 1.6309
12 0.81441 1.81462
13 0.77602 -1.40816
14 -0.57797 1.28818
15 1.85911 0.16735
16 0.3004 -0.71115
17 1.14916 -1.94242
18 -0.76254 1.46817
19 -1.04377 -0.52519
20 0.01434 -0.93153
21 0.59371 -0.47332
22 -1.42361 -0.87008
23 -1.69952 0.23023
24 -0.86211 -1.25291
25 1.57064 0.17385
26 0.19063 0.78658
27 0.03803 -1.76651
28 -0.60975 0.76705
29 -0.2365 1.07983
30 -1.53247 -1.28374
31 -0.396 0.09024
32 -1.99781 1.65783
33 -0.30126 1.17803
34 -0.04754 -0.63795
35 -0.27813 -1.16169
36 -1.26123 1.5606
37 0.55683 -1.43314
38 -1.61925 0.62557
39 -0.14751 -0.85111
40 -1.79669 1.06239
41 -0.33727 0.1992
42 0.19696 1.44372
43 -0.75197 0.05768
44 1.48625 -0.22086
45 -1.69689 1.683
46 1.39129 1.51016
47 -0.40832 1.50377
48 -1.10801 -1.72715
49 -1.86425 0.51014
50 -0.08683 0.80384
51 0.92054 1.08905
52 -1.62898 -1.00606
53 -1.60217 -0.45729
54 -1.126 1.02717
55 -0.70896 1.11552
56 -0.57332 -0.26108
57 0.3909 -1.20328
58 -0.04186 -1.38337
59 -1.91779 -1.89813
60 1.69108 0.63679
61 -1.10355 1.73809
62 -0.04843 0.08438
63 -0.42499 -0.80572
64 -0.41944 1.28325
65 1.71154 0.62749
66 -1.67735 -0.19829
67 -0.8163 -1.29753
68 1.41781 -1.09286
69 -1.88283 -0.16976
70 0.15879 1.25597
71 -1.93839 1.13421
72 0.03593 1.75272
73 1.85168 1.20702
74 -1.43758 1.94346
75 -1.57807 -1.72232

Demand per scenario:
1 4 3 4 4 5 5 5 4 5 2
2 8 6 7 8 5 7 6 6 9 5
3 5 6 6 3 4 5 4 6 5 5
4 6 5 8 5 5 8 6 4 8 2
5 3 2 3 2 5 6 3 5 5 4
6 3 2 4 5 4 4 2 3 2 5
7 9 7 4 3 6 6 4 4 5 5
8 1 2 2 3 3 1 1 4 2 4
9 6 6 8 6 7 5 8 9 7 5
10 4 1 4 2 3 4 2 3 1 4
11 6 5 3 3 5 4 6 5 4 5
12 6 5 6 4 4 6 8 6 6 5
13 5 8 8 7 6 6 5 5 6 7
14 4 10 8 8 7 5 7 3 7 7
15 5 7 4 5 5 6 6 5 6 6
16 7 6 8 8 7 7 6 7 8 8
17 5 4 2 4 4 4 3 5 6 2
18 6 7 7 6 4 5 6 2 6 5
19 6 6 5 6 4 6 6 5 5 5
20 5 6 5 5 6 6 5 4 6 5
21 5 6 6 5 5 5 7 3 7 6
22 7 7 10 10 8 10 9 8 8 7
23 5 6 8 8 8 5 7 7 7 8
24 5 5 4 4 6 6 3 7 5 6
25 5 3 5 4 3 7 2 6 2 5
26 6 4 6 4 4 5 3 3 4 2
27 5 3 2 5 5 7 3 6 4 5
28 10 5 7 8 8 7 6 7 6 5
29 4 1 4 3 2 2 3 4 4 4
30 5 4 5 5 2 6 6 5 4 4
31 4 5 4 4 4 8 6 7 5 7
32 3 5 7 4 5 6 6 4 6 7
33 3 4 5 3 3 3 4 6 5 6
34 5 3 6 4 6 4 4 3 2 3
35 4 6 7 6 6 4 4 5 4 4
36 3 1 2 1 1 3 1 3 3 1
37 6 4 4 6 5 7 4 5 6 6
38 7 5 7 8 8 7 7 7 7 6
39 7 5 4 4 5 3 7 4 5 6
40 5 5 3 4 3 5 6 4 7 2
41 5 3 5 4 4 4 4 4 4 4
42 3 2 5 5 5 4 5 2 4 9
43 5 4 6 5 3 6 3 5 6 4
44 5 6 4 7 4 8 6 4 4 4
45 4 5 4 4 6 3 2 5 4 4
46 5 4 7 5 5 7 6 6 6 5
47 5 5 5 7 5 4 4 4 6 4
48 4 5 3 2 2 6 4 6 5 5
49 5 6 5 3 4 6 3 2 7 6
50 1 3 3 4 4 3 2 4 5 3
51 4 4 5 6 2 6 5 3 3 4
52 7 6 4 3 4 6 3 5 4 6
53 7 5 3 6 5 6 6 6 4 5
54 6 5 3 4 3 4 3 4 4 4
55 5 5 3 1 4 4 2 4 4 1
56 4 1 2 3 1 5 2 2 4 3
57 3 3 2 3 4 4 4 4 1 5
58 3 3 3 3 4 4 1 4 3 3
59 5 6 4 5 7 7 5 4 4 5
60 3 6 2 4 4 5 6 5 4 5
61 7 5 4 4 5 3 5 4 4 6
62 6 5 5 4 6 3 5 5 5 4
63 6 5 8 7 10 7 6 7 5 7
64 4 5 6 4 6 5 6 5 7 7
65 5 6 4 6 4 6 7 5 5 3
66 8 8 8 9 6 9 7 10 7 7
67 4 4 4 5 3 2 3 3 4 4
68 5 6 4 4 3 5 5 6 4 7
69 6 5 8 6 4 7 8 5 8 7
70 4 5 5 5 5 4 5 5 3 4
71 2 3 3 4 2 2 3 3 3 3
72 6 6 5 3 5 4 5 4 5 3
73 5 4 4 5 4 6 3 4 6 4
74 7 5 5 7 6 7 7 5 6 6
75 2 5 3 1 3 3 5 5 3 3

Probability of each scenario occurring:
0.1 0.1 0.1 0.1 0.1 0.1 0.1 0.1 0.1 0.1

Travel costs:
0.0 1.709 1.658 2.314 2.449 1.197 1.56 1.085 1.411 1.697 1.928 1.921 1.989 1.608 1.412 1.867 0.772 2.257 1.654 1.168 0.932 0.759 1.668 1.715 1.521 1.58 0.809 1.767 0.98 1.105 1.999 0.406 2.596 1.216 0.64 1.195 2.007 1.538 1.736 0.864 2.087 0.392 1.457 0.754 1.503 2.39 2.053 1.558 2.052 1.933 0.809 1.426 1.915 1.666 1.524 1.322 0.63 1.265 1.384 2.698 1.807 2.059 0.097 0.911 1.35 1.823 1.689 1.533 1.79 1.89 1.266 2.246 1.753 2.21 2.417 2.336
1.709 0.0 0.483 3.168 0.755 1.778 2.021 0.867 1.911 0.337 0.883 0.213 0.384 2.855 1.501 1.588 2.241 3.394 1.677 2.777 2.54 1.944 3.29 2.882 3.229 1.429 0.978 3.328 1.668 1.207 3.664 1.884 2.92 1.245 2.293 2.865 2.179 2.899 2.663 2.529 2.738 1.765 0.718 2.168 1.76 2.622 0.481 1.324 3.761 2.932 1.188 0.355 3.532 3.154 2.083 1.656 2.263 2.698 2.985 4.381 1.12 2.04 1.666 2.618 1.344 1.141 3.068 3.242 2.586 3.229 0.779 2.87 0.931 0.967 2.405 4.03
1.658 0.483 0.0 2.763 0.899 2.036 2.328 0.612 1.514 0.805 0.433 0.585 0.841 2.545 1.835 1.11 2.037 3.037 2.044 2.804 2.37 1.697 3.314 3.07 3.155 0.975 1.1 3.105 1.885 1.483 3.657 1.925 3.293 1.55 2.161 2.722 2.551 2.619 2.904 2.392 3.043 1.819 1.107 2.251 1.336 3.002 0.441 1.705 3.674 3.165 1.364 0.326 3.56 3.243 2.374 1.956 2.269 2.451 2.792 4.354 0.637 2.437 1.642 2.53 1.677 0.658 3.196 3.158 2.193 3.375 1.1 3.185 1.379 0.616 2.816 3.988
2.314 3.168 2.763 0.0 3.613 3.509 3.874 2.33 1.258 3.385 2.618 3.331 3.552 0.885 3.669 1.825 1.623 0.566 3.924 2.897 1.765 1.562 3.149 3.82 2.522 1.818 2.824 1.596 3.29 3.301 3.182 2.666 4.904 3.418 1.955 1.967 4.315 1.093 3.962 1.945 4.365 2.695 3.403 2.926 1.429 4.704 3.162 3.749 2.739 4.104 2.989 2.822 3.32 3.442 3.837 3.616 2.6 1.314 1.691 3.556 2.281 4.347 2.408 2.218 3.572 2.272 3.608 2.47 0.589 3.809 3.251 4.521 3.751 2.859 4.719 3.208
2.449 0.755 0.899 3.613 0.0 2.478 2.678 1.491 2.386 0.934 1.011 0.557 0.664 3.443 2.148 1.842 2.918 3.921 2.278 3.532 3.238 2.589 4.045 3.605 3.969 1.796 1.733 3.994 2.392 1.914 4.418 2.639 3.472 1.93 3.009 3.578 2.752 3.517 3.359 3.244 3.38 2.521 1.367 2.922 2.187 3.17 0.461 1.925 4.499 3.63 1.935 1.03 4.287 3.905 2.752 2.33 3.016 3.345 3.671 5.133 1.349 2.574 2.412 3.352 2.0 1.362 3.812 3.979 3.059 3.967 1.483 3.499 1.44 0.854 2.898 4.779
1.197 1.778 2.036 3.509 2.478 0.0 0.371 1.731 2.507 1.545 2.444 1.936 1.835 2.791 0.431 2.742 1.947 3.442 0.561 1.457 2.004 1.948 1.891 1.142 2.162 2.463 0.979 2.797 0.221 0.571 2.317 0.904 1.43 0.55 1.711 2.13 0.811 2.696 0.885 1.87 1.028 0.836 1.115 0.851 2.532 1.2 2.254 0.703 2.655 1.154 0.701 1.711 2.094 1.593 0.365 0.22 1.187 2.414 2.407 3.028 2.486 0.891 1.102 1.75 0.521 2.508 1.424 2.206 2.973 1.542 1.002 1.18 1.175 2.649 1.226 2.749
1.56 2.021 2.328 3.874 2.678 0.371 0.0 2.074 2.877 1.751 2.748 2.157 2.018 3.141 0.529 3.092 2.298 3.792 0.469 1.65 2.33 2.315 2.024 1.087 2.388 2.817 1.316 3.1 0.592 0.846 2.45 1.241 1.06 0.782 2.043 2.423 0.472 3.037 0.734 2.185 0.718 1.187 1.318 1.117 2.899 0.831 2.503 0.773 2.852 0.995 1.045 2.002 2.2 1.665 0.107 0.373 1.476 2.754 2.715 3.136 2.815 0.614 1.466 2.039 0.681 2.837 1.451 2.437 3.341 1.522 1.247 0.857 1.282 2.934 0.893 2.89
1.085 0.867 0.612 2.33 1.491 1.731 2.074 0.0 1.082 1.055 0.844 1.059 1.243 1.99 1.657 1.025 1.428 2.529 1.903 2.251 1.758 1.099 2.753 2.641 2.553 0.766 0.758 2.503 1.54 1.26 3.077 1.402 3.111 1.36 1.552 2.11 2.392 2.042 2.539 1.782 2.759 1.312 1.128 1.75 0.979 2.84 1.046 1.619 3.068 2.784 1.031 0.513 2.999 2.725 2.094 1.715 1.711 1.856 2.183 3.764 0.775 2.332 1.085 1.928 1.513 0.794 2.709 2.554 1.742 2.899 1.019 2.911 1.471 1.126 2.724 3.394
1.411 1.911 1.514 1.258 2.386 2.507 2.877 1.082 0.0 2.134 1.428 2.075 2.295 1.144 2.572 0.777 1.088 1.538 2.83 2.394 1.429 0.756 2.808 3.115 2.362 0.632 1.67 1.88 2.288 2.179 3.008 1.816 3.937 2.294 1.412 1.788 3.274 1.287 3.145 1.557 3.475 1.794 2.188 2.153 0.24 3.699 1.928 2.602 2.783 3.343 1.884 1.566 3.034 2.95 2.864 2.565 1.927 1.238 1.692 3.586 1.108 3.264 1.483 1.815 2.452 1.106 3.033 2.336 0.679 3.24 2.052 3.634 2.535 1.701 3.651 3.204
1.697 0.337 0.805 3.385 0.934 1.545 1.751 1.055 2.134 0.0 1.218 0.41 0.309 2.997 1.223 1.89 2.316 3.568 1.376 2.68 2.585 2.058 3.186 2.676 3.196 1.707 0.901 3.399 1.467 0.984 3.579 1.8 2.607 0.996 2.317 2.886 1.87 3.018 2.425 2.55 2.461 1.677 0.435 2.045 2.007 2.308 0.786 1.02 3.73 2.696 1.045 0.585 3.423 3.009 1.822 1.398 2.191 2.796 3.038 4.302 1.439 1.719 1.638 2.604 1.071 1.46 2.899 3.215 2.797 3.047 0.557 2.586 0.597 1.299 2.077 3.964
1.928 0.883 0.433 2.618 1.011 2.444 2.748 0.844 1.428 1.218 0.0 0.921 1.193 2.543 2.262 0.831 2.168 2.963 2.475 3.095 2.521 1.8 3.596 3.444 3.367 0.807 1.484 3.187 2.282 1.902 3.913 2.241 3.724 1.974 2.351 2.887 2.982 2.65 3.301 2.572 3.461 2.145 1.539 2.583 1.209 3.433 0.6 2.137 3.87 3.558 1.758 0.751 3.842 3.565 2.789 2.376 2.555 2.523 2.91 4.591 0.34 2.87 1.929 2.744 2.105 0.351 3.54 3.363 2.083 3.726 1.53 3.605 1.803 0.299 3.248 4.217
1.921 0.213 0.585 3.331 0.557 1.936 2.157 1.059 2.075 0.41 0.921 0.0 0.272 3.048 1.63 1.689 2.449 3.576 1.785 2.981 2.751 2.146 3.493 3.055 3.441 1.559 1.18 3.535 1.841 1.368 3.871 2.089 3.013 1.392 2.506 3.078 2.278 3.098 2.82 2.741 2.869 1.97 0.84 2.366 1.911 2.713 0.395 1.429 3.973 3.09 1.378 0.55 3.735 3.348 2.225 1.8 2.471 2.902 3.194 4.589 1.202 2.122 1.877 2.831 1.476 1.221 3.255 3.454 2.753 3.412 0.935 2.995 0.987 0.938 2.473 4.239
1.989 0.384 0.841 3.552 0.664 1.835 2.018 1.243 2.295 0.309 1.193 0.272 0.0 3.223 1.489 1.951 2.578 3.772 1.615 2.988 2.86 2.299 3.495 2.972 3.496 1.807 1.202 3.664 1.768 1.282 3.887 2.107 2.817 1.285 2.6 3.17 2.091 3.258 2.709 2.834 2.717 1.984 0.72 2.354 2.143 2.515 0.652 1.262 4.03 2.979 1.354 0.733 3.732 3.317 2.094 1.676 2.497 3.047 3.311 4.61 1.468 1.919 1.933 2.899 1.343 1.488 3.203 3.513 2.969 3.349 0.861 2.836 0.781 1.202 2.256 4.27
1.608 2.855 2.545 0.885 3.443 2.791 3.141 1.99 1.144 2.997 2.543 3.048 3.223 0.0 3.017 1.912 0.844 0.652 3.262 2.023 0.899 0.952 2.264 2.969 1.645 1.77 2.271 0.82 2.579 2.686 2.312 1.902 4.135 2.802 1.128 1.083 3.601 0.221 3.142 1.079 3.567 1.955 2.91 2.117 1.384 3.959 2.982 3.144 1.911 3.264 2.374 2.501 2.438 2.561 3.09 2.928 1.771 0.436 0.818 2.738 2.24 3.665 1.705 1.344 2.945 2.24 2.735 1.596 0.715 2.933 2.735 3.719 3.246 2.828 4.017 2.375
1.412 1.501 1.835 3.669 2.148 0.431 0.529 1.657 2.572 1.223 2.262 1.63 1.489 3.017 0.0 2.682 2.184 3.663 0.258 1.872 2.297 2.116 2.318 1.542 2.557 2.42 0.918 3.116 0.522 0.4 2.743 1.212 1.467 0.298 1.998 2.468 0.736 2.948 1.234 2.182 1.239 1.115 0.79 1.243 2.557 1.187 1.982 0.274 3.062 1.503 0.69 1.512 2.524 2.024 0.607 0.217 1.549 2.673 2.725 3.457 2.361 0.692 1.315 2.099 0.159 2.383 1.849 2.597 3.107 1.957 0.737 1.369 0.77 2.431 1.081 3.172
1.867 1.588 1.11 1.825 1.842 2.742 3.092 1.025 0.777 1.89 0.831 1.689 1.951 1.912 2.682 0.0 1.789 2.226 2.927 2.984 2.147 1.418 3.443 3.559 3.07 0.289 1.78 2.656 2.541 2.286 3.689 2.256 4.135 2.385 2.07 2.517 3.417 2.063 3.508 2.25 3.764 2.197 2.096 2.613 0.538 3.866 1.422 2.632 3.52 3.739 2.047 1.315 3.68 3.517 3.106 2.738 2.47 2.009 2.453 4.305 0.499 3.353 1.909 2.483 2.537 0.483 3.555 3.05 1.335 3.757 2.019 3.919 2.416 1.04 3.745 3.922
0.772 2.241 2.037 1.623 2.918 1.947 2.298 1.428 1.088 2.316 2.168 2.449 2.578 0.844 2.184 1.789 0.0 1.495 2.425 1.357 0.361 0.378 1.731 2.21 1.283 1.548 1.502 1.087 1.736 1.87 1.92 1.062 3.301 1.983 0.356 0.733 2.757 0.766 2.339 0.469 2.746 1.111 2.157 1.303 1.283 3.118 2.475 2.326 1.737 2.485 1.564 1.904 1.952 1.919 2.249 2.087 0.983 0.5 0.754 2.516 1.937 2.823 0.869 0.732 2.12 1.945 2.043 1.261 1.181 2.249 1.972 2.901 2.478 2.467 3.173 2.133
2.257 3.394 3.037 0.566 3.921 3.442 3.792 2.529 1.538 3.568 2.963 3.576 3.772 0.652 3.663 2.226 1.495 0.0 3.91 2.611 1.52 1.571 2.787 3.583 2.126 2.158 2.892 1.125 3.23 3.325 2.761 2.553 4.782 3.441 1.77 1.627 4.252 0.781 3.776 1.695 4.208 2.607 3.517 2.759 1.754 4.609 3.461 3.782 2.267 3.885 3.012 3.04 2.932 3.127 3.741 3.578 2.407 1.059 1.316 3.067 2.636 4.315 2.354 1.942 3.587 2.631 3.321 2.069 0.891 3.512 3.348 4.359 3.859 3.227 4.668 2.736
1.654 1.677 2.044 3.924 2.278 0.561 0.469 1.903 2.83 1.376 2.475 1.785 1.615 3.262 0.258 2.927 2.425 3.91 0.0 2.013 2.522 2.368 2.43 1.553 2.723 2.668 1.172 3.332 0.718 0.654 2.858 1.426 1.25 0.545 2.224 2.674 0.507 3.187 1.202 2.399 1.111 1.338 0.96 1.411 2.812 0.959 2.154 0.356 3.214 1.46 0.948 1.725 2.622 2.101 0.571 0.357 1.74 2.91 2.941 3.559 2.591 0.435 1.557 2.299 0.39 2.613 1.901 2.766 3.363 1.984 0.945 1.222 0.848 2.627 0.826 3.293
1.168 2.777 2.804 2.897 3.532 1.457 1.65 2.251 2.394 2.68 3.095 2.981 2.988 2.023 1.872 2.984 1.357 2.611 2.013 0.0 1.133 1.638 0.513 1.0 0.75 2.706 1.801 1.647 1.363 1.797 0.902 0.894 2.382 1.858 1.003 0.996 2.097 1.84 1.287 0.954 1.757 1.012 2.327 0.652 2.548 2.303 3.174 2.126 1.204 1.321 1.638 2.542 0.757 0.563 1.555 1.675 0.54 1.587 1.319 1.628 2.971 2.264 1.167 0.679 1.913 2.987 0.713 0.805 2.526 0.911 2.149 1.885 2.521 3.374 2.5 1.311
0.932 2.54 2.37 1.765 3.238 2.004 2.33 1.758 1.429 2.585 2.521 2.751 2.86 0.899 2.297 2.147 0.361 1.52 2.522 1.133 0.0 0.739 1.439 2.071 0.934 1.909 1.727 0.835 1.81 2.027 1.586 1.101 3.279 2.133 0.3 0.372 2.8 0.739 2.257 0.181 2.694 1.184 2.382 1.251 1.634 3.125 2.803 2.472 1.376 2.368 1.738 2.214 1.645 1.685 2.266 2.171 0.892 0.464 0.455 2.16 2.296 2.894 1.018 0.457 2.257 2.305 1.844 0.908 1.413 2.044 2.192 2.843 2.684 2.819 3.221 1.778
0.759 1.944 1.697 1.562 2.589 1.948 2.315 1.099 0.756 2.058 1.8 2.146 2.299 0.952 2.116 1.418 0.378 1.571 2.368 1.638 0.739 0.0 2.056 2.399 1.651 1.172 1.323 1.408 1.728 1.761 2.275 1.139 3.355 1.878 0.662 1.111 2.753 0.961 2.471 0.832 2.841 1.148 1.958 1.447 0.928 3.146 2.138 2.217 2.114 2.647 1.447 1.596 2.286 2.196 2.282 2.055 1.186 0.758 1.11 2.888 1.561 2.788 0.851 1.072 2.028 1.569 2.288 1.633 1.031 2.495 1.783 2.999 2.295 2.099 3.157 2.505
1.668 3.29 3.314 3.149 4.045 1.891 2.024 2.753 2.808 3.186 3.596 3.493 3.495 2.264 2.318 3.443 1.731 2.787 2.43 0.513 1.439 2.056 0.0 1.134 0.68 3.171 2.313 1.715 1.828 2.283 0.428 1.406 2.592 2.335 1.396 1.182 2.436 2.059 1.508 1.276 1.968 1.524 2.825 1.145 2.981 2.568 3.686 2.582 0.913 1.449 2.142 3.055 0.246 0.45 1.92 2.11 1.046 1.845 1.474 1.141 3.46 2.628 1.674 1.001 2.376 3.474 0.718 0.743 2.85 0.837 2.65 2.069 3.002 3.878 2.814 0.866
1.715 2.882 3.07 3.82 3.605 1.142 1.087 2.641 3.115 2.676 3.444 3.055 2.972 2.969 1.542 3.559 2.21 3.583 1.553 1.0 2.071 2.399 1.134 0.0 1.703 3.271 1.97 2.647 1.215 1.692 1.523 1.311 1.458 1.689 1.866 1.989 1.401 2.803 0.403 1.892 0.838 1.363 2.251 0.963 3.218 1.453 3.345 1.814 2.045 0.325 1.712 2.757 1.238 0.694 0.982 1.329 1.229 2.535 2.313 2.14 3.415 1.621 1.658 1.642 1.658 3.434 0.429 1.765 3.386 0.44 2.123 0.935 2.309 3.683 1.733 1.956
1.521 3.229 3.155 2.522 3.969 2.162 2.388 2.553 2.362 3.196 3.367 3.441 3.496 1.645 2.557 3.07 1.283 2.126 2.723 0.75 0.934 1.651 0.68 1.703 0.0 2.82 2.295 1.036 2.036 2.415 0.671 1.422 3.124 2.495 1.021 0.591 2.842 1.43 2.025 0.82 2.497 1.544 2.897 1.315 2.565 3.052 3.565 2.794 0.534 2.028 2.198 2.943 0.806 1.087 2.295 2.373 1.033 1.254 0.831 1.237 3.176 3.001 1.565 0.625 2.575 3.187 1.333 0.064 2.286 1.488 2.709 2.619 3.137 3.663 3.248 0.856
1.58 1.429 0.975 1.818 1.796 2.463 2.817 0.766 0.632 1.707 0.807 1.559 1.807 1.77 2.42 0.289 1.548 2.158 2.668 2.706 1.909 1.172 3.171 3.271 2.82 0.0 1.51 2.473 2.26 2.022 3.428 1.968 3.865 2.124 1.81 2.281 3.153 1.9 3.222 2.001 3.483 1.908 1.871 2.326 0.404 3.599 1.348 2.384 3.285 3.451 1.773 1.123 3.41 3.235 2.828 2.466 2.188 1.813 2.242 4.057 0.478 3.098 1.622 2.223 2.278 0.475 3.269 2.804 1.276 3.471 1.779 3.638 2.202 1.071 3.49 3.676
0.809 0.978 1.1 2.824 1.733 0.979 1.316 0.758 1.67 0.901 1.484 1.18 1.202 2.271 0.918 1.78 1.502 2.892 1.172 1.801 1.727 1.323 2.313 1.97 2.295 1.51 0.0 2.558 0.801 0.518 2.694 0.911 2.355 0.629 1.444 2.004 1.645 2.25 1.817 1.672 2.006 0.79 0.657 1.192 1.641 2.09 1.402 0.934 2.829 2.073 0.278 0.79 2.554 2.182 1.338 0.958 1.297 2.0 2.182 3.414 1.508 1.606 0.742 1.707 0.787 1.529 2.112 2.315 2.245 2.283 0.47 2.157 0.978 1.713 1.997 3.07
1.767 3.328 3.105 1.596 3.994 2.797 3.1 2.503 1.88 3.399 3.187 3.535 3.664 0.82 3.116 2.656 1.087 1.125 3.332 1.647 0.835 1.408 1.715 2.647 1.036 2.473 2.558 0.0 2.615 2.86 1.643 1.907 3.984 2.964 1.132 0.682 3.572 0.617 2.91 0.934 3.372 2.001 3.214 1.988 2.118 3.861 3.545 3.301 1.147 2.967 2.573 2.989 1.832 2.099 3.026 2.977 1.625 0.665 0.391 1.96 2.917 3.686 1.853 1.067 3.084 2.921 2.324 0.975 1.535 2.498 3.025 3.51 3.519 3.483 3.993 1.617
0.98 1.668 1.885 3.29 2.392 0.221 0.592 1.54 2.288 1.467 2.282 1.841 1.768 2.579 0.522 2.541 1.736 3.23 0.718 1.363 1.81 1.728 1.828 1.215 2.036 2.26 0.801 2.615 0.0 0.487 2.249 0.71 1.649 0.514 1.513 1.957 1.027 2.49 1.019 1.683 1.223 0.63 1.053 0.723 2.317 1.422 2.135 0.764 2.543 1.281 0.524 1.564 2.045 1.576 0.578 0.362 1.029 2.21 2.224 2.969 2.305 1.089 0.884 1.584 0.55 2.325 1.439 2.075 2.751 1.581 0.911 1.378 1.178 2.5 1.438 2.671
1.105 1.207 1.483 3.301 1.914 0.571 0.846 1.26 2.179 0.984 1.902 1.368 1.282 2.686 0.4 2.286 1.87 3.325 0.654 1.797 2.027 1.761 2.283 1.692 2.415 2.022 0.518 2.86 0.487 0.0 2.696 1.002 1.854 0.118 1.728 2.242 1.132 2.635 1.455 1.933 1.56 0.886 0.566 1.145 2.159 1.58 1.684 0.457 2.939 1.725 0.314 1.157 2.508 2.056 0.891 0.474 1.383 2.368 2.471 3.42 1.978 1.089 1.013 1.895 0.274 2.0 1.926 2.447 2.731 2.067 0.433 1.703 0.726 2.092 1.479 3.107
1.999 3.664 3.657 3.182 4.418 2.317 2.45 3.077 3.008 3.579 3.913 3.871 3.887 2.312 2.743 3.689 1.92 2.761 2.858 0.902 1.586 2.275 0.428 1.523 0.671 3.428 2.694 1.643 2.249 2.696 0.0 1.783 2.978 2.752 1.619 1.26 2.857 2.095 1.911 1.451 2.361 1.905 3.23 1.552 3.2 2.971 4.044 3.006 0.614 1.824 2.539 3.413 0.294 0.829 2.346 2.537 1.402 1.925 1.494 0.725 3.752 3.052 2.018 1.206 2.798 3.765 1.095 0.716 2.956 1.168 3.051 2.452 3.418 4.202 3.229 0.441
0.406 1.884 1.925 2.666 2.639 0.904 1.241 1.402 1.816 1.8 2.241 2.089 2.107 1.902 1.212 2.256 1.062 2.553 1.426 0.894 1.101 1.139 1.406 1.311 1.422 1.968 0.911 1.907 0.71 1.002 1.783 0.0 2.241 1.092 0.807 1.257 1.706 1.797 1.335 0.974 1.705 0.124 1.478 0.357 1.908 2.056 2.283 1.414 1.952 1.527 0.778 1.653 1.65 1.325 1.188 1.072 0.394 1.514 1.516 2.504 2.157 1.793 0.348 0.896 1.193 2.175 1.313 1.45 2.166 1.509 1.291 1.862 1.718 2.51 2.126 2.164
2.596 2.92 3.293 4.904 3.472 1.43 1.06 3.111 3.937 2.607 3.724 3.013 2.817 4.135 1.467 4.135 3.301 4.782 1.25 2.382 3.279 3.355 2.592 1.458 3.124 3.865 2.355 3.984 1.649 1.854 2.978 2.241 0.0 1.763 3.012 3.303 0.743 4.01 1.099 3.117 0.628 2.21 2.205 2.028 3.958 0.302 3.392 1.597 3.5 1.155 2.093 2.973 2.689 2.152 1.076 1.398 2.39 3.727 3.616 3.557 3.828 0.898 2.505 2.923 1.622 3.85 1.884 3.183 4.386 1.831 2.194 0.527 2.036 3.876 0.629 3.406
1.216 1.245 1.55 3.418 1.93 0.55 0.782 1.36 2.294 0.996 1.974 1.392 1.285 2.802 0.298 2.385 1.983 3.441 0.545 1.858 2.133 1.878 2.335 1.689 2.495 2.124 0.629 2.964 0.514 0.118 2.752 1.092 1.763 0.0 1.834 2.34 1.033 2.749 1.429 2.035 1.5 0.979 0.565 1.208 2.27 1.484 1.725 0.343 3.015 1.7 0.431 1.225 2.556 2.09 0.838 0.412 1.465 2.48 2.575 3.475 2.065 0.978 1.122 1.988 0.158 2.087 1.946 2.529 2.848 2.078 0.467 1.638 0.666 2.153 1.37 3.169
0.64 2.293 2.161 1.955 3.009 1.711 2.043 1.552 1.412 2.317 2.351 2.506 2.6 1.128 1.998 2.07 0.356 1.77 2.224 1.003 0.3 0.662 1.396 1.866 1.021 1.81 1.444 1.132 1.513 1.728 1.619 0.807 3.012 1.834 0.0 0.572 2.511 0.999 2.017 0.235 2.439 0.886 2.096 0.99 1.589 2.847 2.585 2.172 1.52 2.149 1.442 1.98 1.624 1.565 1.984 1.874 0.647 0.715 0.745 2.255 2.156 2.6 0.722 0.413 1.957 2.167 1.688 1.013 1.534 1.894 1.905 2.591 2.392 2.648 2.932 1.876
1.195 2.865 2.722 1.967 3.578 2.13 2.423 2.11 1.788 2.886 2.887 3.078 3.17 1.083 2.468 2.517 0.733 1.627 2.674 0.996 0.372 1.111 1.182 1.989 0.591 2.281 2.004 0.682 1.957 2.242 1.26 1.257 3.303 2.34 0.572 0.0 2.894 0.878 2.234 0.337 2.693 1.362 2.648 1.308 2.0 3.179 3.151 2.669 1.004 2.305 1.975 2.55 1.36 1.5 2.347 2.318 0.948 0.67 0.324 1.797 2.667 3.015 1.267 0.385 2.449 2.676 1.699 0.555 1.697 1.887 2.457 2.833 2.931 3.185 3.315 1.416
2.007 2.179 2.551 4.315 2.752 0.811 0.472 2.392 3.274 1.87 2.982 2.278 2.091 3.601 0.736 3.417 2.757 4.252 0.507 2.097 2.8 2.753 2.436 1.401 2.842 3.153 1.645 3.572 1.027 1.132 2.857 1.706 0.743 1.033 2.511 2.894 0.0 3.503 1.001 2.656 0.731 1.645 1.463 1.587 3.274 0.453 2.653 0.855 3.291 1.211 1.397 2.232 2.593 2.046 0.55 0.709 1.947 3.22 3.187 3.52 3.093 0.237 1.911 2.51 0.886 3.116 1.807 2.893 3.771 1.839 1.452 0.8 1.311 3.133 0.422 3.298
1.538 2.899 2.619 1.093 3.517 2.696 3.037 2.042 1.287 3.018 2.65 3.098 3.258 0.221 2.948 2.063 0.766 0.781 3.187 1.84 0.739 0.961 2.059 2.803 1.43 1.9 2.25 0.617 2.49 2.635 2.095 1.797 4.01 2.749 0.999 0.878 3.503 0.0 2.996 0.914 3.43 1.861 2.899 1.984 1.528 3.846 3.059 3.091 1.691 3.105 2.328 2.548 2.227 2.369 2.981 2.846 1.628 0.283 0.601 2.518 2.36 3.58 1.634 1.165 2.886 2.362 2.553 1.38 0.926 2.747 2.718 3.58 3.228 2.941 3.922 2.154
1.736 2.663 2.904 3.962 3.359 0.885 0.734 2.539 3.145 2.425 3.301 2.82 2.709 3.142 1.234 3.508 2.339 3.776 1.202 1.287 2.257 2.471 1.508 0.403 2.025 3.222 1.817 2.91 1.019 1.455 1.911 1.335 1.099 1.429 2.017 2.234 1.001 2.996 0.0 2.085 0.471 1.351 1.992 1.037 3.219 1.06 3.138 1.496 2.408 0.271 1.543 2.582 1.632 1.083 0.636 1.034 1.371 2.718 2.554 2.541 3.31 1.226 1.661 1.864 1.368 3.331 0.826 2.084 3.49 0.838 1.886 0.6 2.003 3.519 1.33 2.348
0.864 2.529 2.392 1.945 3.244 1.87 2.185 1.782 1.557 2.55 2.572 2.741 2.834 1.079 2.182 2.25 0.469 1.695 2.399 0.954 0.181 0.832 1.276 1.892 0.82 2.001 1.672 0.934 1.683 1.933 1.451 0.974 3.117 2.035 0.235 0.337 2.656 0.914 2.085 0.0 2.526 1.067 2.321 1.091 1.751 2.97 2.818 2.369 1.3 2.191 1.656 2.215 1.49 1.507 2.118 2.045 0.728 0.643 0.543 2.057 2.365 2.76 0.941 0.281 2.152 2.375 1.663 0.804 1.584 1.864 2.129 2.674 2.61 2.869 3.078 1.675
2.087 2.738 3.043 4.365 3.38 1.028 0.718 2.759 3.475 2.461 3.461 2.869 2.717 3.567 1.239 3.764 2.746 4.208 1.111 1.757 2.694 2.841 1.968 0.838 2.497 3.483 2.006 3.372 1.223 1.56 2.361 1.705 0.628 1.5 2.439 2.693 0.731 3.43 0.471 2.526 0.0 1.696 2.03 1.449 3.525 0.629 3.219 1.457 2.873 0.556 1.729 2.717 2.075 1.532 0.672 1.089 1.802 3.149 3.01 2.963 3.514 0.968 2.003 2.318 1.395 3.535 1.266 2.555 3.87 1.235 1.965 0.159 1.958 3.651 0.951 2.793
0.392 1.765 1.819 2.695 2.521 0.836 1.187 1.312 1.794 1.677 2.145 1.97 1.984 1.955 1.115 2.197 1.111 2.607 1.338 1.012 1.184 1.148 1.524 1.363 1.544 1.908 0.79 2.001 0.63 0.886 1.905 0.124 2.21 0.979 0.886 1.362 1.645 1.861 1.351 1.067 1.696 0.0 1.354 0.438 1.871 2.013 2.169 1.306 2.075 1.558 0.654 1.541 1.767 1.425 1.144 0.989 0.517 1.58 1.61 2.626 2.075 1.719 0.311 1.009 1.087 2.093 1.398 1.572 2.179 1.589 1.167 1.854 1.598 2.41 2.062 2.287
1.457 0.718 1.107 3.403 1.367 1.115 1.318 1.128 2.188 0.435 1.539 0.84 0.72 2.91 0.79 2.096 2.157 3.517 0.96 2.327 2.382 1.958 2.825 2.251 2.897 1.871 0.657 3.214 1.053 0.566 3.23 1.478 2.205 0.565 2.096 2.648 1.463 2.899 1.992 2.321 2.03 1.354 0.0 1.68 2.105 1.909 1.196 0.608 3.429 2.263 0.7 0.806 3.055 2.617 1.387 0.964 1.871 2.654 2.837 3.955 1.698 1.333 1.381 2.334 0.637 1.721 2.492 2.923 2.815 2.632 0.192 2.158 0.348 1.672 1.709 3.63
0.754 2.168 2.251 2.926 2.922 0.851 1.117 1.75 2.153 2.045 2.583 2.366 2.354 2.117 1.243 2.613 1.303 2.759 1.411 0.652 1.251 1.447 1.145 0.963 1.315 2.326 1.192 1.988 0.723 1.145 1.552 0.357 2.028 1.208 0.99 1.308 1.587 1.984 1.037 1.091 1.449 0.438 1.68 0.0 2.255 1.88 2.589 1.486 1.82 1.201 1.0 1.965 1.379 0.994 1.039 1.059 0.365 1.702 1.607 2.277 2.511 1.717 0.704 0.923 1.27 2.529 0.96 1.357 2.456 1.154 1.505 1.602 1.869 2.846 2.007 1.962
1.503 1.76 1.336 1.429 2.187 2.532 2.899 0.979 0.24 2.007 1.209 1.911 2.143 1.384 2.557 0.538 1.283 1.754 2.812 2.548 1.634 0.928 2.981 3.218 2.565 0.404 1.641 2.118 2.317 2.159 3.2 1.908 3.958 2.27 1.589 2.0 3.274 1.528 3.219 1.751 3.525 1.871 2.105 2.255 0.0 3.709 1.734 2.562 3.0 3.429 1.877 1.427 3.213 3.097 2.895 2.57 2.06 1.471 1.92 3.795 0.882 3.247 1.565 1.999 2.428 0.878 3.164 2.542 0.875 3.369 1.986 3.683 2.449 1.474 3.638 3.412
2.39 2.622 3.002 4.704 3.17 1.2 0.831 2.84 3.699 2.308 3.433 2.713 2.515 3.959 1.187 3.866 3.118 4.609 0.959 2.303 3.125 3.146 2.568 1.453 3.052 3.599 2.09 3.861 1.422 1.58 2.971 2.056 0.302 1.484 2.847 3.179 0.453 3.846 1.06 2.97 0.629 2.013 1.909 1.88 3.709 0.0 3.093 1.301 3.461 1.185 1.834 2.684 2.69 2.142 0.869 1.139 2.245 3.562 3.485 3.588 3.546 0.596 2.296 2.795 1.339 3.568 1.881 3.108 4.172 1.862 1.904 0.6 1.734 3.58 0.368 3.407
2.053 0.481 0.441 3.162 0.461 2.254 2.503 1.046 1.928 0.786 0.6 0.395 0.652 2.982 1.982 1.422 2.475 3.461 2.154 3.174 2.803 2.138 3.686 3.345 3.565 1.348 1.402 3.545 2.135 1.684 4.044 2.283 3.392 1.725 2.585 3.151 2.653 3.059 3.138 2.818 3.219 2.169 1.196 2.589 1.734 3.093 0.0 1.8 4.09 3.406 1.638 0.632 3.931 3.582 2.563 2.137 2.645 2.892 3.229 4.75 0.923 2.505 2.026 2.943 1.825 0.939 3.512 3.572 2.603 3.68 1.258 3.351 1.377 0.551 2.862 4.389
1.558 1.324 1.705 3.749 1.925 0.703 0.773 1.619 2.602 1.02 2.137 1.429 1.262 3.144 0.274 2.632 2.326 3.782 0.356 2.126 2.472 2.217 2.582 1.814 2.794 2.384 0.934 3.301 0.764 0.457 3.006 1.414 1.597 0.343 2.172 2.669 0.855 3.091 1.496 2.369 1.457 1.306 0.608 1.486 2.562 1.301 1.8 0.0 3.306 1.763 0.77 1.392 2.791 2.296 0.862 0.491 1.773 2.823 2.91 3.722 2.271 0.734 1.464 2.31 0.221 2.294 2.123 2.831 3.174 2.23 0.619 1.574 0.509 2.279 1.119 3.432
2.052 3.761 3.674 2.739 4.499 2.655 2.852 3.068 2.783 3.73 3.87 3.973 4.03 1.911 3.062 3.52 1.737 2.267 3.214 1.204 1.376 2.114 0.913 2.045 0.534 3.285 2.829 1.147 2.543 2.939 0.614 1.952 3.5 3.015 1.52 1.004 3.291 1.691 2.408 1.3 2.873 2.075 3.429 1.82 3.0 3.461 4.09 3.306 0.0 2.362 2.729 3.471 0.89 1.363 2.754 2.871 1.561 1.588 1.12 0.828 3.664 3.465 2.099 1.147 3.088 3.673 1.631 0.519 2.604 1.739 3.241 2.979 3.663 4.168 3.685 0.47
1.933 2.932 3.165 4.104 3.63 1.154 0.995 2.784 3.343 2.696 3.558 3.09 2.979 3.264 1.503 3.739 2.485 3.885 1.46 1.321 2.368 2.647 1.449 0.325 2.028 3.451 2.073 2.967 1.281 1.725 1.824 1.527 1.155 1.7 2.149 2.305 1.211 3.105 0.271 2.191 0.556 1.558 2.263 1.201 3.429 1.185 3.406 1.763 2.362 0.0 1.802 2.844 1.534 1.002 0.901 1.304 1.504 2.832 2.628 2.409 3.558 1.444 1.865 1.95 1.639 3.578 0.733 2.089 3.653 0.68 2.156 0.628 2.27 3.781 1.495 2.251
0.809 1.188 1.364 2.989 1.935 0.701 1.045 1.031 1.884 1.045 1.758 1.378 1.354 2.374 0.69 2.047 1.564 3.012 0.948 1.638 1.738 1.447 2.142 1.712 2.198 1.773 0.278 2.573 0.524 0.314 2.539 0.778 2.093 0.431 1.442 1.975 1.397 2.328 1.543 1.656 1.729 0.654 0.7 1.0 1.877 1.834 1.638 0.77 2.729 1.802 0.0 1.047 2.378 1.971 1.063 0.696 1.171 2.063 2.188 3.264 1.786 1.381 0.72 1.645 0.583 1.807 1.88 2.224 2.421 2.043 0.515 1.881 0.957 1.98 1.767 2.933
1.426 0.355 0.326 2.822 1.03 1.711 2.002 0.513 1.566 0.585 0.751 0.55 0.733 2.501 1.512 1.315 1.904 3.04 1.725 2.542 2.214 1.596 3.055 2.757 2.943 1.123 0.79 2.989 1.564 1.157 3.413 1.653 2.973 1.225 1.98 2.55 2.232 2.548 2.582 2.215 2.717 1.541 0.806 1.965 1.427 2.684 0.632 1.392 3.471 2.844 1.047 0.0 3.3 2.959 2.047 1.63 2.014 2.353 2.653 4.121 0.893 2.126 1.396 2.324 1.354 0.916 2.899 2.952 2.238 3.073 0.78 2.859 1.106 0.939 2.508 3.761
1.915 3.532 3.56 3.32 4.287 2.094 2.2 2.999 3.034 3.423 3.842 3.735 3.732 2.438 2.524 3.68 1.952 2.932 2.622 0.757 1.645 2.286 0.246 1.238 0.806 3.41 2.554 1.832 2.045 2.508 0.294 1.65 2.689 2.556 1.624 1.36 2.593 2.227 1.632 1.49 2.075 1.767 3.055 1.379 3.213 2.69 3.931 2.791 0.89 1.534 2.378 3.3 0.0 0.549 2.095 2.312 1.292 2.029 1.631 0.938 3.704 2.794 1.92 1.221 2.589 3.719 0.809 0.863 3.048 0.874 2.883 2.163 3.222 4.125 2.956 0.718
1.666 3.154 3.243 3.442 3.905 1.593 1.665 2.725 2.95 3.009 3.565 3.348 3.317 2.561 2.024 3.517 1.919 3.127 2.101 0.563 1.685 2.196 0.45 0.694 1.087 3.235 2.182 2.099 1.576 2.056 0.829 1.325 2.152 2.09 1.565 1.5 2.046 2.369 1.083 1.507 1.532 1.425 2.617 0.994 3.097 2.142 3.582 2.296 1.363 1.002 1.971 2.959 0.549 0.0 1.559 1.809 1.047 2.128 1.814 1.475 3.47 2.251 1.645 1.228 2.104 3.487 0.27 1.15 3.086 0.402 2.457 1.627 2.751 3.834 2.406 1.265
1.524 2.083 2.374 3.837 2.752 0.365 0.107 2.094 2.864 1.822 2.789 2.225 2.094 3.09 0.607 3.106 2.249 3.741 0.571 1.555 2.266 2.282 1.92 0.982 2.295 2.828 1.338 3.026 0.578 0.891 2.346 1.188 1.076 0.838 1.984 2.347 0.55 2.981 0.636 2.118 0.672 1.144 1.387 1.039 2.895 0.869 2.563 0.862 2.754 0.901 1.063 2.047 2.095 1.559 0.0 0.426 1.402 2.697 2.643 3.031 2.844 0.711 1.432 1.962 0.752 2.866 1.344 2.345 3.311 1.416 1.305 0.819 1.37 2.983 0.968 2.786
1.322 1.656 1.956 3.616 2.33 0.22 0.373 1.715 2.565 1.398 2.376 1.8 1.676 2.928 0.217 2.738 2.087 3.578 0.357 1.675 2.171 2.055 2.11 1.329 2.373 2.466 0.958 2.977 0.362 0.474 2.537 1.072 1.398 0.412 1.874 2.318 0.709 2.846 1.034 2.045 1.089 0.989 0.964 1.059 2.57 1.139 2.137 0.491 2.871 1.304 0.696 1.63 2.312 1.809 0.426 0.0 1.383 2.566 2.586 3.247 2.447 0.737 1.225 1.942 0.335 2.469 1.632 2.415 3.066 1.741 0.879 1.23 0.98 2.562 1.103 2.968
0.63 2.263 2.269 2.6 3.016 1.187 1.476 1.711 1.927 2.191 2.555 2.471 2.497 1.771 1.549 2.47 0.983 2.407 1.74 0.54 0.892 1.186 1.046 1.229 1.033 2.188 1.297 1.625 1.029 1.383 1.402 0.394 2.39 1.465 0.647 0.948 1.947 1.628 1.371 0.728 1.802 0.517 1.871 0.365 2.06 2.245 2.645 1.773 1.561 1.504 1.171 2.014 1.292 1.047 1.402 1.383 0.0 1.348 1.242 2.118 2.436 2.068 0.628 0.564 1.552 2.452 1.106 1.065 2.158 1.313 1.684 1.952 2.104 2.835 2.368 1.773
1.265 2.698 2.451 1.314 3.345 2.414 2.754 1.856 1.238 2.796 2.523 2.902 3.047 0.436 2.673 2.009 0.5 1.059 2.91 1.587 0.464 0.758 1.845 2.535 1.254 1.813 2.0 0.665 2.21 2.368 1.925 1.514 3.727 2.48 0.715 0.67 3.22 0.283 2.718 0.643 3.149 1.58 2.654 1.702 1.471 3.562 2.892 2.823 1.588 2.832 2.063 2.353 2.029 2.128 2.697 2.566 1.348 0.0 0.469 2.411 2.253 3.299 1.361 0.908 2.615 2.257 2.299 1.211 1.033 2.498 2.47 3.3 2.977 2.818 3.639 2.036
1.384 2.985 2.792 1.691 3.671 2.407 2.715 2.183 1.692 3.038 2.91 3.194 3.311 0.818 2.725 2.453 0.754 1.316 2.941 1.319 0.455 1.11 1.474 2.313 0.831 2.242 2.182 0.391 2.224 2.471 1.494 1.516 3.616 2.575 0.745 0.324 3.187 0.601 2.554 0.543 3.01 1.61 2.837 1.607 1.92 3.485 3.229 2.91 1.12 2.628 2.188 2.653 1.631 1.814 2.643 2.586 1.242 0.469 0.0 1.945 2.662 3.297 1.468 0.693 2.693 2.668 2.02 0.779 1.488 2.205 2.647 3.152 3.137 3.209 3.608 1.573
2.698 4.381 4.354 3.556 5.133 3.028 3.136 3.764 3.586 4.302 4.591 4.589 4.61 2.738 3.457 4.305 2.516 3.067 3.559 1.628 2.16 2.888 1.141 2.14 1.237 4.057 3.414 1.96 2.969 3.42 0.725 2.504 3.557 3.475 2.255 1.797 3.52 2.518 2.541 2.057 2.963 2.626 3.955 2.277 3.795 3.588 4.75 3.722 0.828 2.409 3.264 4.121 0.938 1.475 3.031 3.247 2.118 2.411 1.945 0.0 4.41 3.726 2.725 1.85 3.517 4.422 1.717 1.255 3.431 1.729 3.776 3.032 4.141 4.884 3.871 0.383
1.807 1.12 0.637 2.281 1.349 2.486 2.815 0.775 1.108 1.439 0.34 1.202 1.468 2.24 2.361 0.499 1.937 2.636 2.591 2.971 2.296 1.561 3.46 3.415 3.176 0.478 1.508 2.917 2.305 1.978 3.752 2.157 3.828 2.065 2.156 2.667 3.093 2.36 3.31 2.365 3.514 2.075 1.698 2.511 0.882 3.546 0.923 2.271 3.664 3.558 1.786 0.893 3.704 3.47 2.844 2.447 2.436 2.253 2.662 4.41 0.0 3.004 1.825 2.561 2.207 0.022 3.47 3.167 1.751 3.664 1.653 3.663 1.996 0.592 3.391 4.031
2.059 2.04 2.437 4.347 2.574 0.891 0.614 2.332 3.264 1.719 2.87 2.122 1.919 3.665 0.692 3.353 2.823 4.315 0.435 2.264 2.894 2.788 2.628 1.621 3.001 3.098 1.606 3.686 1.089 1.089 3.052 1.793 0.898 0.978 2.6 3.015 0.237 3.58 1.226 2.76 0.968 1.719 1.333 1.717 3.247 0.596 2.505 0.734 3.465 1.444 1.381 2.126 2.794 2.251 0.711 0.737 2.068 3.299 3.297 3.726 3.004 0.0 1.962 2.633 0.822 3.026 2.02 3.049 3.791 2.061 1.351 1.03 1.14 3.003 0.392 3.493
0.097 1.666 1.642 2.408 2.412 1.102 1.466 1.085 1.483 1.638 1.929 1.877 1.933 1.705 1.315 1.909 0.869 2.354 1.557 1.167 1.018 0.851 1.674 1.658 1.565 1.622 0.742 1.853 0.884 1.013 2.018 0.348 2.505 1.122 0.722 1.267 1.911 1.634 1.661 0.941 2.003 0.311 1.381 0.704 1.565 2.296 2.026 1.464 2.099 1.865 0.72 1.396 1.92 1.645 1.432 1.225 0.628 1.361 1.468 2.725 1.825 1.962 0.0 0.966 1.255 1.842 1.653 1.581 1.88 1.852 1.19 2.162 1.67 2.207 2.321 2.367
0.911 2.618 2.53 2.218 3.352 1.75 2.039 1.928 1.815 2.604 2.744 2.831 2.899 1.344 2.099 2.483 0.732 1.942 2.299 0.679 0.457 1.072 1.001 1.642 0.625 2.223 1.707 1.067 1.584 1.895 1.206 0.896 2.923 1.988 0.413 0.385 2.51 1.165 1.864 0.281 2.318 1.009 2.334 0.923 1.999 2.795 2.943 2.31 1.147 1.95 1.645 2.324 1.221 1.228 1.962 1.942 0.564 0.908 0.693 1.85 2.561 2.633 0.966 0.0 2.089 2.573 1.392 0.628 1.865 1.591 2.143 2.46 2.6 3.039 2.93 1.473
1.35 1.344 1.677 3.572 2.0 0.521 0.681 1.513 2.452 1.071 2.105 1.476 1.343 2.945 0.159 2.537 2.12 3.587 0.39 1.913 2.257 2.028 2.376 1.658 2.575 2.278 0.787 3.084 0.55 0.274 2.798 1.193 1.622 0.158 1.957 2.449 0.886 2.886 1.368 2.152 1.395 1.087 0.637 1.27 2.428 1.339 1.825 0.221 3.088 1.639 0.583 1.354 2.589 2.104 0.752 0.335 1.552 2.615 2.693 3.517 2.207 0.822 1.255 2.089 0.0 2.23 1.944 2.611 3.004 2.062 0.579 1.526 0.654 2.272 1.213 3.221
1.823 1.141 0.658 2.272 1.362 2.508 2.837 0.794 1.106 1.46 0.351 1.221 1.488 2.24 2.383 0.483 1.945 2.631 2.613 2.987 2.305 1.569 3.474 3.434 3.187 0.475 1.529 2.921 2.325 2.0 3.765 2.175 3.85 2.087 2.167 2.676 3.116 2.362 3.331 2.375 3.535 2.093 1.721 2.529 0.878 3.568 0.939 2.294 3.673 3.578 1.807 0.916 3.719 3.487 2.866 2.469 2.452 2.257 2.668 4.422 0.022 3.026 1.842 2.573 2.23 0.0 3.488 3.177 1.745 3.682 1.675 3.685 2.018 0.596 3.413 4.043
1.689 3.068 3.196 3.608 3.812 1.424 1.451 2.709 3.033 2.899 3.54 3.255 3.203 2.735 1.849 3.555 2.043 3.321 1.901 0.713 1.844 2.288 0.718 0.429 1.333 3.269 2.112 2.324 1.439 1.926 1.095 1.313 1.884 1.946 1.688 1.699 1.807 2.553 0.826 1.663 1.266 1.398 2.492 0.96 3.164 1.881 3.512 2.123 1.631 0.733 1.88 2.899 0.809 0.27 1.344 1.632 1.106 2.299 2.02 1.717 3.47 2.02 1.653 1.392 1.944 3.488 0.0 1.396 3.222 0.207 2.342 1.358 2.596 3.799 2.155 1.527
1.533 3.242 3.158 2.47 3.979 2.206 2.437 2.554 2.336 3.215 3.363 3.454 3.513 1.596 2.597 3.05 1.261 2.069 2.766 0.805 0.908 1.633 0.743 1.765 0.064 2.804 2.315 0.975 2.075 2.447 0.716 1.45 3.183 2.529 1.013 0.555 2.893 1.38 2.084 0.804 2.555 1.572 2.923 1.357 2.542 3.108 3.572 2.831 0.519 2.089 2.224 2.952 0.863 1.15 2.345 2.415 1.065 1.211 0.779 1.255 3.167 3.049 1.581 0.628 2.611 3.177 1.396 0.0 2.243 1.552 2.733 2.678 3.167 3.659 3.3 0.872
1.79 2.586 2.193 0.589 3.059 2.973 3.341 1.742 0.679 2.797 2.083 2.753 2.969 0.715 3.107 1.335 1.181 0.891 3.363 2.526 1.413 1.031 2.85 3.386 2.286 1.276 2.245 1.535 2.751 2.731 2.956 2.166 4.386 2.848 1.534 1.697 3.771 0.926 3.49 1.584 3.87 2.179 2.815 2.456 0.875 4.172 2.603 3.174 2.604 3.653 2.421 2.238 3.048 3.086 3.311 3.066 2.158 1.033 1.488 3.431 1.751 3.791 1.88 1.865 3.004 1.745 3.222 2.243 0.0 3.427 2.665 4.028 3.163 2.34 4.168 3.061
1.89 3.229 3.375 3.809 3.967 1.542 1.522 2.899 3.24 3.047 3.726 3.412 3.349 2.933 1.957 3.757 2.249 3.512 1.984 0.911 2.044 2.495 0.837 0.44 1.488 3.471 2.283 2.498 1.581 2.067 1.168 1.509 1.831 2.078 1.894 1.887 1.839 2.747 0.838 1.864 1.235 1.589 2.632 1.154 3.369 1.862 3.68 2.23 1.739 0.68 2.043 3.073 0.874 0.402 1.416 1.741 1.313 2.498 2.205 1.729 3.664 2.061 1.852 1.591 2.062 3.682 0.207 1.552 3.427 0.0 2.49 1.305 2.716 3.98 2.16 1.582
1.266 0.779 1.1 3.251 1.483 1.002 1.247 1.019 2.052 0.557 1.53 0.935 0.861 2.735 0.737 2.019 1.972 3.348 0.945 2.149 2.192 1.783 2.65 2.123 2.709 1.779 0.47 3.025 0.911 0.433 3.051 1.291 2.194 0.467 1.905 2.457 1.452 2.718 1.886 2.129 1.965 1.167 0.192 1.505 1.986 1.904 1.258 0.619 3.241 2.156 0.515 0.78 2.883 2.457 1.305 0.879 1.684 2.47 2.647 3.776 1.653 1.351 1.19 2.143 0.579 1.675 2.342 2.733 2.665 2.49 0.0 2.101 0.512 1.694 1.738 3.448
2.246 2.87 3.185 4.521 3.499 1.18 0.857 2.911 3.634 2.586 3.605 2.995 2.836 3.719 1.369 3.919 2.901 4.359 1.222 1.885 2.843 2.999 2.069 0.935 2.619 3.638 2.157 3.51 1.378 1.703 2.452 1.862 0.527 1.638 2.591 2.833 0.8 3.58 0.6 2.674 0.159 1.854 2.158 1.602 3.683 0.6 3.351 1.574 2.979 0.628 1.881 2.859 2.163 1.627 0.819 1.23 1.952 3.3 3.152 3.032 3.663 1.03 2.162 2.46 1.526 3.685 1.358 2.678 4.028 1.305 2.101 0.0 2.069 3.791 0.952 2.879
1.753 0.931 1.379 3.751 1.44 1.175 1.282 1.471 2.535 0.597 1.803 0.987 0.781 3.246 0.77 2.416 2.478 3.859 0.848 2.521 2.684 2.295 3.002 2.309 3.137 2.202 0.978 3.519 1.178 0.726 3.418 1.718 2.036 0.666 2.392 2.931 1.311 3.228 2.003 2.61 1.958 1.598 0.348 1.869 2.449 1.734 1.377 0.509 3.663 2.27 0.957 1.106 3.222 2.751 1.37 0.98 2.104 2.977 3.137 4.141 1.996 1.14 1.67 2.6 0.654 2.018 2.596 3.167 3.163 2.716 0.512 2.069 0.0 1.896 1.486 3.832
2.21 0.967 0.616 2.859 0.854 2.649 2.934 1.126 1.701 1.299 0.299 0.938 1.202 2.828 2.431 1.04 2.467 3.227 2.627 3.374 2.819 2.099 3.878 3.683 3.663 1.071 1.713 3.483 2.5 2.092 4.202 2.51 3.876 2.153 2.648 3.185 3.133 2.941 3.519 2.869 3.651 2.41 1.672 2.846 1.474 3.58 0.551 2.279 4.168 3.781 1.98 0.939 4.125 3.834 2.983 2.562 2.835 2.818 3.209 4.884 0.592 3.003 2.207 3.039 2.272 0.596 3.799 3.659 2.34 3.98 1.694 3.791 1.896 0.0 3.371 4.51
2.417 2.405 2.816 4.719 2.898 1.226 0.893 2.724 3.651 2.077 3.248 2.473 2.256 4.017 1.081 3.745 3.173 4.668 0.826 2.5 3.221 3.157 2.814 1.733 3.248 3.49 1.997 3.993 1.438 1.479 3.229 2.126 0.629 1.37 2.932 3.315 0.422 3.922 1.33 3.078 0.951 2.062 1.709 2.007 3.638 0.368 2.862 1.119 3.685 1.495 1.767 2.508 2.956 2.406 0.968 1.103 2.368 3.639 3.608 3.871 3.391 0.392 2.321 2.93 1.213 3.413 2.155 3.3 4.168 2.16 1.738 0.952 1.486 3.371 0.0 3.668
2.336 4.03 3.988 3.208 4.779 2.749 2.89 3.394 3.204 3.964 4.217 4.239 4.27 2.375 3.172 3.922 2.133 2.736 3.293 1.311 1.778 2.505 0.866 1.956 0.856 3.676 3.07 1.617 2.671 3.107 0.441 2.164 3.406 3.169 1.876 1.416 3.298 2.154 2.348 1.675 2.793 2.287 3.63 1.962 3.412 3.407 4.389 3.432 0.47 2.251 2.933 3.761 0.718 1.265 2.786 2.968 1.773 2.036 1.573 0.383 4.031 3.493 2.367 1.473 3.221 4.043 1.527 0.872 3.061 1.582 3.448 2.879 3.832 4.51 3.668 0.0
