Number of customers: 25
Vehicle capacity     50
Alpha:               0.75
Number of scenarios: 10

Location coordinates:
0 0.0 0.0
1 -0.92456 0.28802
2 0.83493 0.93858
3 0.88702 1.62177
4 1.51736 -1.97908
5 -1.46315 -0.8465
6 1.4641 -1.61992
7 -0.63972 0.13378
8 -0.45965 -1.77944
9 0.28798 -1.04773
10 -0.95865 -0.24646
11 -0.96354 0.7395
12 -1.9691 -0.36028
13 1.61384 1.60391
14 0.39188 -1.25498
15 -0.56878 -1.05637
16 -0.23495 -1.59604
17 -1.02913 0.14419
18 0.70682 -1.28404
19 1.69511 0.23786
20 1.89489 -0.07997
21 0.94011 1.66023
22 -1.34891 -0.07862
23 1.47215 1.54284
24 -0.23396 -0.62947
25 -0.29635 -0.98378

Demand per scenario:
1 8 3 6 4 5 8 6 6 5 5
2 3 3 4 4 2 4 1 3 3 2
3 8 6 3 5 6 5 5 3 3 4
4 2 3 2 3 5 2 5 4 3 4
5 6 7 7 6 6 5 5 4 6 8
6 5 6 6 6 5 4 5 5 6 9
7 2 2 5 4 4 2 2 3 5 2
8 7 7 6 7 5 5 4 8 6 6
9 3 6 4 4 5 3 2 7 1 5
10 5 5 5 4 3 2 6 4 6 5
11 6 6 7 7 3 6 5 5 4 7
12 6 6 6 5 4 6 5 5 7 6
13 3 7 3 4 5 6 5 6 5 5
14 1 4 5 4 2 3 3 4 6 3
15 2 2 4 3 1 3 2 4 5 3
16 7 6 5 6 6 3 4 4 4 5
17 4 5 5 5 2 3 3 1 6 3
18 3 4 4 7 7 5 8 6 7 7
19 7 6 5 6 4 6 7 7 6 6
20 5 7 6 5 5 5 5 6 3 7
21 5 5 3 6 4 1 4 4 3 3
22 9 6 4 6 6 6 9 5 5 5
23 7 5 7 5 4 5 5 2 6 5
24 4 8 6 4 7 5 5 5 5 6
25 4 5 5 5 6 5 5 5 4 4

Probability of each scenario occurring:
0.1 0.1 0.1 0.1 0.1 0.1 0.1 0.1 0.1 0.1

Travel costs:
0.0 0.968 1.256 1.848 2.494 1.69 2.184 0.654 1.838 1.087 0.99 1.215 2.002 2.275 1.315 1.2 1.613 1.039 1.466 1.712 1.897 1.908 1.351 2.133 0.672 1.027
0.968 0.0 1.876 2.25 3.332 1.256 3.057 0.324 2.119 1.804 0.536 0.453 1.229 2.859 2.028 1.391 2.006 0.178 2.266 2.62 2.843 2.315 0.561 2.705 1.148 1.418
1.256 1.876 0.0 0.685 2.996 2.91 2.635 1.68 3.011 2.06 2.15 1.809 3.09 1.024 2.238 2.439 2.751 2.026 2.226 1.109 1.47 0.729 2.409 0.878 1.898 2.231
1.848 2.25 0.685 0.0 3.656 3.408 3.293 2.132 3.658 2.736 2.626 2.05 3.476 0.727 2.919 3.048 3.408 2.42 2.911 1.603 1.978 0.066 2.809 0.59 2.515 2.862
2.494 3.332 2.996 3.656 0.0 3.188 0.363 3.019 1.987 1.542 3.022 3.68 3.844 3.584 1.338 2.281 1.794 3.316 1.068 2.224 1.936 3.685 3.439 3.522 2.211 2.069
1.69 1.256 2.91 3.408 3.188 0.0 3.028 1.28 1.37 1.763 0.784 1.663 0.702 3.933 1.899 0.919 1.439 1.082 2.214 3.339 3.444 3.473 0.776 3.785 1.248 1.175
2.184 3.057 2.635 3.293 0.363 3.028 0.0 2.739 1.93 1.308 2.785 3.385 3.657 3.227 1.133 2.11 1.699 3.054 0.828 1.872 1.599 3.322 3.208 3.163 1.966 1.872
0.654 0.324 1.68 2.132 3.019 1.28 2.739 0.0 1.922 1.502 0.496 0.687 1.418 2.691 1.73 1.192 1.777 0.39 1.955 2.337 2.544 2.197 0.74 2.539 0.864 1.169
1.838 2.119 3.011 3.658 1.987 1.37 1.93 1.922 0.0 1.046 1.612 2.569 2.072 3.968 1.0 0.731 0.29 2.006 1.267 2.952 2.904 3.714 1.919 3.843 1.172 0.812
1.087 1.804 2.06 2.736 1.542 1.763 1.308 1.502 1.046 0.0 1.482 2.182 2.359 2.965 0.232 0.857 0.758 1.776 0.481 1.906 1.876 2.785 1.902 2.848 0.669 0.588
0.99 0.536 2.15 2.626 3.022 0.784 2.785 0.496 1.612 1.482 0.0 0.986 1.017 3.169 1.686 0.899 1.531 0.397 1.962 2.698 2.858 2.691 0.425 3.018 0.82 0.991
1.215 0.453 1.809 2.05 3.68 1.663 3.385 0.687 2.569 2.182 0.986 0.0 1.49 2.718 2.411 1.839 2.447 0.599 2.624 2.706 2.974 2.115 0.904 2.565 1.551 1.848
2.002 1.229 3.09 3.476 3.844 0.702 3.657 1.418 2.072 2.359 1.017 1.49 0.0 4.086 2.525 1.564 2.129 1.067 2.831 3.713 3.874 3.542 0.681 3.932 1.756 1.785
2.275 2.859 1.024 0.727 3.584 3.933 3.227 2.691 3.968 2.965 3.169 2.718 4.086 0.0 3.109 3.441 3.696 3.019 3.027 1.368 1.707 0.676 3.407 0.154 2.899 3.216
1.315 2.028 2.238 2.919 1.338 1.899 1.133 1.73 1.0 0.232 1.686 2.411 2.525 3.109 0.0 0.981 0.714 1.994 0.316 1.982 1.908 2.966 2.101 2.999 0.885 0.74
1.2 1.391 2.439 3.048 2.281 0.919 2.11 1.192 0.731 0.857 0.899 1.839 1.564 3.441 0.981 0.0 0.635 1.286 1.296 2.608 2.65 3.108 1.251 3.305 0.543 0.282
1.613 2.006 2.751 3.408 1.794 1.439 1.699 1.777 0.29 0.758 1.531 2.447 2.129 3.696 0.714 0.635 0.0 1.913 0.992 2.662 2.614 3.462 1.882 3.573 0.967 0.615
1.039 0.178 2.026 2.42 3.316 1.082 3.054 0.39 2.006 1.776 0.397 0.599 1.067 3.019 1.994 1.286 1.913 0.0 2.248 2.726 2.933 2.485 0.39 2.866 1.109 1.345
1.466 2.266 2.226 2.911 1.068 2.214 0.828 1.955 1.267 0.481 1.962 2.624 2.831 3.027 0.316 1.296 0.992 2.248 0.0 1.815 1.692 2.953 2.383 2.929 1.146 1.047
1.712 2.62 1.109 1.603 2.224 3.339 1.872 2.337 2.952 1.906 2.698 2.706 3.713 1.368 1.982 2.608 2.662 2.726 1.815 0.0 0.375 1.61 3.06 1.324 2.115 2.336
1.897 2.843 1.47 1.978 1.936 3.444 1.599 2.544 2.904 1.876 2.858 2.974 3.874 1.707 1.908 2.65 2.614 2.933 1.692 0.375 0.0 1.985 3.244 1.677 2.199 2.37
1.908 2.315 0.729 0.066 3.685 3.473 3.322 2.197 3.714 2.785 2.691 2.115 3.542 0.676 2.966 3.108 3.462 2.485 2.953 1.61 1.985 0.0 2.875 0.545 2.573 2.919
1.351 0.561 2.409 2.809 3.439 0.776 3.208 0.74 1.919 1.902 0.425 0.904 0.681 3.407 2.101 1.251 1.882 0.39 2.383 3.06 3.244 2.875 0.0 3.254 1.244 1.388
2.133 2.705 0.878 0.59 3.522 3.785 3.163 2.539 3.843 2.848 3.018 2.565 3.932 0.154 2.999 3.305 3.573 2.866 2.929 1.324 1.677 0.545 3.254 0.0 2.762 3.084
0.672 1.148 1.898 2.515 2.211 1.248 1.966 0.864 1.172 0.669 0.82 1.551 1.756 2.899 0.885 0.543 0.967 1.109 1.146 2.115 2.199 2.573 1.244 2.762 0.0 0.36
1.027 1.418 2.231 2.862 2.069 1.175 1.872 1.169 0.812 0.588 0.991 1.848 1.785 3.216 0.74 0.282 0.615 1.345 1.047 2.336 2.37 2.919 1.388 3.084 0.36 0.0
