Number of customers: 75
Vehicle capacity     50
Alpha:               0.75
Number of scenarios: 100

Location coordinates:
0 0.0 0.0
1 -0.27968 1.82939
2 -0.56106 1.02575
3 0.73302 1.22716
4 0.08156 1.42557
5 1.46416 0.47658
6 -1.96109 0.11558
7 0.50823 1.75302
8 -1.95232 -1.89727
9 1.59693 -0.61744
10 -1.72292 -1.38038
11 -1.74297 1.52624
12 -1.19553 0.71702
13 0.59576 0.10976
14 0.6654 1.18825
15 -1.76296 1.71621
16 1.10513 -1.86234
17 -0.04896 1.64413
18 1.05505 0.77889
19 -0.83731 1.11837
20 -1.70469 0.49936
21 -0.51903 -1.56511
22 -1.99349 -1.85364
23 -1.19773 -0.23429
24 0.01344 0.36881
25 -0.0145 0.51861
26 -1.89824 -0.81729
27 -0.40707 0.92813
28 -0.52232 -1.77347
29 1.35224 -1.48459
30 1.87468 1.45936
31 -1.73662 -1.54607
32 -1.91936 0.48364
33 0.75153 -1.13819
34 -1.50317 -1.35781
35 1.0374 0.61717
36 -1.23604 1.51111
37 0.44153 -1.94332
38 -1.56366 -0.90964
39 1.51826 -1.73944
40 0.01663 1.50397
41 -0.43268 -0.47
42 0.49777 -1.74408
43 -0.43424 -0.86469
44 -1.98081 -1.68401
45 0.10019 -1.9967
46 -1.06765 1.58917
47 0.73658 -0.89327
48 -1.76885 0.05686
49 -0.42389 0.57724
50 0.13637 -0.64488
51 -1.80951 -1.22717
52 0.96611 0.76565
53 -1.84987 -1.99234
54 0.48814 -1.31883
55 1.07613 -1.04815
56 1.23162 0.3162
57 -1.29397 0.43718
58 -0.80291 0.38707
59 1.48395 -0.4168
60 1.78181 1.50925
61 -0.9734 0.20929
62 0.0624 -0.93543
63 0.93868 -0.15384
64 0.91854 0.65678
65 0.47082 -0.67375
66 -1.72239 0.93684
67 -0.67735 -1.32158
68 0.05767 1.21073
69 0.90602 1.27414
70 -0.17653 0.53436
71 -1.95399 -0.22589
72 0.37944 -1.21553
73 -0.36302 -1.16597
74 -0.44037 -1.52461
75 1.4476 1.92254

Demand per scenario:
1 5 4 5 6 3 5 5 5 3 6 5 3 2 4 4 4 5 5 5 4 4 4 4 5 5 4 6 5 4 5 4 6 4 4 4 5 3 3 4 5 6 4 4 5 5 5 4 3 5 5 4 4 5 5 6 5 2 4 5 5 3 3 5 4 4 3 3 4 4 5 7 6 4 4 3 5 5 5 6 4 4 5 5 5 2 4 3 4 2 4 6 3 6 4 4 4 5 3 4 4
2 4 7 5 4 5 6 4 4 4 5 3 3 6 5 3 3 4 6 3 5 6 4 3 3 5 1 3 5 4 4 6 5 5 4 3 7 3 4 3 1 5 5 5 5 4 5 4 2 3 5 5 4 6 6 4 7 3 4 3 5 6 4 4 6 3 4 3 5 2 5 4 5 3 5 6 5 5 3 5 4 3 3 4 4 3 5 6 4 4 5 3 4 5 5 5 4 3 5 5 5
3 7 7 7 6 8 5 6 7 7 6 10 6 7 7 6 6 7 7 5 9 10 7 6 6 7 7 9 9 6 5 7 7 6 9 7 7 6 5 7 6 7 8 7 7 7 7 8 7 6 5 8 5 7 7 8 4 7 6 9 7 8 9 6 8 6 7 9 9 6 7 9 6 10 6 7 8 9 7 7 7 8 8 7 8 7 8 6 7 7 8 8 8 6 6 7 7 6 8 8 8
4 5 6 5 4 5 4 3 7 6 3 6 6 6 4 4 8 6 6 5 7 6 6 6 6 3 8 4 7 7 5 6 6 6 5 7 5 3 4 5 7 6 7 7 5 5 7 7 6 6 5 3 7 4 5 8 5 4 6 6 5 3 5 4 3 6 4 6 3 7 5 7 6 5 4 6 6 6 5 7 4 5 6 7 4 5 5 6 7 4 6 6 6 6 4 8 6 6 4 6 6
5 6 7 8 6 5 6 7 7 5 4 5 6 6 5 7 7 7 6 7 5 5 6 7 4 6 7 6 6 6 8 5 7 6 7 7 7 4 5 6 5 6 6 7 6 5 7 6 7 5 5 7 6 5 7 7 7 8 8 9 3 5 4 6 4 5 6 7 9 5 7 5 7 5 6 4 6 8 6 5 6 6 8 8 5 5 6 5 5 7 7 5 5 7 6 7 6 5 7 5 4
6 3 3 5 3 4 4 2 4 3 6 4 3 2 5 4 6 3 4 4 2 4 4 5 4 5 3 4 5 3 3 3 2 4 5 3 4 3 6 3 2 2 3 4 5 4 4 5 3 6 3 3 2 5 5 4 5 4 3 4 4 5 4 6 1 5 4 3 5 5 4 4 7 3 3 4 5 6 4 4 3 4 4 4 4 3 5 4 4 5 4 4 6 3 4 3 6 4 6 7 3
7 9 9 4 5 6 6 7 4 6 8 7 7 6 6 3 6 7 6 4 4 6 6 5 5 6 6 6 5 4 6 4 6 7 4 6 6 5 7 5 3 4 6 4 5 5 7 5 5 6 6 4 7 5 6 6 6 8 5 7 8 7 7 9 9 6 5 7 5 6 5 6 4 6 7 4 7 6 4 8 7 5 6 6 5 4 7 7 7 5 7 8 8 6 6 5 9 6 6 6 6
8 2 6 6 4 3 7 3 5 2 6 6 4 5 5 2 2 1 5 4 7 6 4 6 3 5 4 4 4 4 4 3 6 6 3 7 5 4 3 4 3 6 4 5 3 2 4 4 3 4 5 6 4 4 4 3 5 3 5 4 4 3 4 4 5 5 1 3 6 1 6 6 5 4 7 4 7 5 5 6 4 6 4 4 4 6 5 5 3 3 6 4 5 4 5 4 3 5 4 3 3
9 3 4 5 4 4 3 6 3 4 5 4 5 5 5 6 5 4 4 4 3 6 7 2 4 3 5 4 3 3 3 5 3 5 3 4 3 4 6 4 5 4 6 3 5 5 3 2 4 6 3 5 4 3 4 5 4 5 5 4 5 5 4 4 1 6 5 4 5 4 3 3 5 3 2 7 7 5 3 6 3 3 2 5 6 6 4 5 4 2 6 3 5 6 3 5 5 4 6 4 3
10 4 4 4 8 4 6 6 4 6 5 7 6 5 5 4 5 4 6 4 5 4 5 5 5 4 6 7 7 5 5 7 8 8 6 4 4 4 5 7 5 6 8 6 6 4 6 7 5 4 5 6 3 5 5 6 6 7 4 6 6 3 4 5 5 7 6 5 4 5 4 5 2 7 5 2 7 6 4 5 6 6 5 4 6 7 6 8 6 6 6 4 6 6 4 5 4 4 4 3 7
11 8 7 10 7 6 6 5 6 7 8 6 8 8 6 7 8 4 6 6 8 4 7 6 8 7 7 5 7 5 8 8 5 9 8 5 9 7 8 7 7 7 6 6 6 6 7 7 8 8 6 6 6 5 8 7 8 6 7 8 6 6 6 6 7 8 5 5 9 6 5 7 8 7 8 7 7 8 9 6 7 7 11 9 6 7 8 7 5 5 8 7 8 7 8 10 8 7 6 7 7
12 10 9 9 10 9 9 10 12 7 7 9 11 8 9 11 8 9 9 12 8 8 8 10 8 9 10 11 7 11 7 9 7 9 8 9 11 8 8 10 8 10 9 10 9 8 8 10 9 8 10 7 8 8 9 10 9 8 11 10 9 9 7 12 10 7 12 9 9 8 9 10 9 8 8 9 9 9 9 9 9 9 12 7 8 10 8 10 9 9 10 7 8 7 9 10 11 9 10 8 8
13 6 6 6 6 8 10 7 7 8 8 7 6 7 8 7 9 6 7 6 7 4 9 9 8 5 9 7 8 6 6 8 8 6 9 6 8 6 7 5 7 7 6 8 6 8 9 7 7 6 7 8 6 8 6 8 8 8 10 6 6 6 8 7 8 8 7 6 6 9 5 7 8 7 8 6 7 7 7 9 7 5 8 9 7 7 7 7 8 8 6 7 7 8 7 7 9 7 9 8 7
14 3 4 4 4 6 3 5 5 8 7 4 6 3 5 6 5 6 4 6 3 5 4 4 4 4 4 7 3 6 6 7 3 4 5 5 4 6 6 5 6 6 6 4 4 5 4 7 4 5 5 6 4 4 7 5 2 3 5 5 5 3 2 5 4 5 4 5 4 4 4 5 4 3 5 4 4 5 5 4 5 6 6 4 6 5 5 5 4 5 3 3 3 3 4 4 3 4 5 5 2
15 4 6 7 5 5 4 5 6 3 5 6 7 5 5 7 6 5 2 5 6 6 5 5 7 6 6 3 6 4 4 5 7 5 7 6 5 7 4 3 5 5 5 6 5 5 5 6 3 6 5 6 3 4 4 7 7 3 6 7 5 5 4 5 4 5 4 4 5 6 6 6 5 4 5 7 6 6 6 5 6 7 6 4 5 6 5 3 6 6 4 5 5 5 4 4 4 5 5 8 5
16 2 3 3 4 6 5 4 4 7 5 6 4 4 3 5 3 6 4 4 4 4 5 5 3 4 3 3 5 6 4 5 3 5 4 4 3 4 6 4 5 4 2 4 3 5 5 5 4 4 3 4 4 5 4 3 2 2 3 3 3 6 3 6 3 4 3 3 6 5 4 3 4 5 3 5 5 6 1 3 5 4 5 2 7 4 4 3 3 2 5 2 7 3 5 5 5 4 4 5 5
17 8 5 5 5 5 6 5 5 6 6 6 5 4 4 7 7 5 7 7 6 3 4 5 2 5 7 9 6 6 7 6 4 4 5 5 4 6 6 5 5 5 7 6 6 6 5 8 3 4 8 5 10 4 6 6 6 5 5 8 8 4 5 5 6 5 4 6 6 6 5 7 7 6 5 5 5 4 5 7 6 5 5 6 4 6 7 5 6 4 6 6 5 4 3 5 4 5 5 7 6
18 3 1 1 3 2 1 2 2 1 3 3 1 2 1 1 3 1 1 1 2 4 4 1 1 2 2 1 2 2 2 1 2 3 2 2 1 1 1 4 1 3 1 1 4 1 1 1 1 2 1 1 1 2 3 1 1 1 1 2 1 1 3 1 2 5 4 1 1 1 1 2 1 1 2 2 1 1 1 2 1 1 2 2 3 2 3 1 3 1 5 3 4 3 1 4 3 1 2 3 2
19 4 4 6 3 4 5 5 5 6 4 2 5 3 4 5 6 4 5 2 2 3 3 3 4 5 4 2 4 6 4 5 4 5 4 3 3 4 4 3 4 5 4 5 5 4 1 4 3 4 4 1 6 4 4 6 2 5 1 3 4 3 5 4 5 5 5 6 5 4 3 3 1 2 5 4 6 4 5 5 5 4 4 3 4 4 3 5 6 5 3 4 4 6 3 3 5 5 3 3 5
20 6 5 9 8 7 4 6 8 6 8 7 6 9 8 8 6 6 6 4 6 6 7 5 8 7 5 7 6 6 8 4 5 7 8 6 7 7 5 5 6 7 8 7 7 7 6 6 8 8 7 7 5 4 6 7 5 8 7 7 5 8 8 6 5 6 7 8 7 5 6 6 7 7 6 7 9 6 7 4 6 6 6 4 6 7 5 7 6 6 9 9 5 4 9 9 8 8 8 7 7
21 6 4 4 5 4 4 4 5 5 5 6 7 4 7 6 5 6 4 3 3 4 5 5 4 3 4 3 4 5 4 7 5 4 6 4 5 4 3 5 4 7 6 5 3 5 4 6 3 6 5 3 5 6 7 5 8 4 3 4 4 4 3 6 6 2 5 6 4 8 3 6 2 9 3 5 5 4 6 5 5 4 4 4 5 6 5 6 6 5 6 5 6 4 4 5 4 6 4 5 6
22 5 4 4 3 3 5 5 4 5 3 7 3 6 5 7 5 4 5 6 4 3 4 4 4 4 3 4 4 6 4 7 5 4 5 3 5 6 8 5 3 6 6 6 4 3 4 6 3 5 6 2 7 5 6 5 7 4 6 5 5 7 4 6 6 5 5 6 6 5 8 5 5 5 3 5 5 7 5 6 6 6 7 3 3 3 3 6 2 5 6 5 5 5 4 7 2 5 3 5 6
23 3 5 5 3 4 6 4 5 5 3 6 4 5 3 5 5 5 4 3 3 4 2 5 3 4 5 4 3 4 5 6 6 3 2 3 5 3 6 5 4 5 4 4 5 4 6 5 4 6 2 4 3 4 4 5 5 5 4 5 2 4 2 2 6 2 3 4 4 3 3 6 5 6 2 5 5 3 5 5 5 3 4 2 6 6 6 5 5 3 4 4 5 4 2 5 2 6 4 7 6
24 5 4 7 5 5 5 5 5 4 5 5 3 5 7 7 7 6 4 6 5 7 6 7 7 5 7 6 5 5 4 6 7 5 5 5 4 3 5 6 5 4 3 6 5 7 4 5 5 5 5 5 4 5 6 4 5 6 5 4 6 5 6 9 3 4 5 4 3 5 5 3 7 4 6 8 6 3 6 6 6 5 4 5 6 7 3 4 5 4 5 4 6 5 5 3 4 4 6 3 7
25 4 5 3 4 3 6 5 5 4 4 5 4 4 3 5 4 3 5 6 6 6 5 4 3 4 6 5 4 4 6 6 3 5 5 5 4 3 2 4 3 3 6 3 2 3 2 7 3 4 3 4 5 3 4 4 5 4 4 5 5 3 4 3 4 6 6 5 7 3 5 2 7 4 5 3 6 4 4 3 5 3 5 5 6 3 5 3 4 2 4 5 4 5 4 2 5 4 3 4 4
26 2 2 5 3 3 5 6 2 3 3 3 4 5 4 3 6 5 7 5 3 4 5 5 3 3 5 5 3 1 4 6 4 4 4 4 2 8 4 2 4 3 3 4 5 5 2 3 4 3 5 5 4 6 5 3 4 4 4 4 6 3 4 6 7 4 3 5 5 4 3 4 3 2 5 7 2 4 4 4 5 4 5 4 5 4 5 3 4 5 4 4 5 5 3 1 2 4 6 6 3
27 4 5 5 4 4 6 3 6 2 2 5 6 6 4 8 2 2 4 5 7 3 3 5 8 5 3 4 4 2 7 6 6 6 6 4 4 3 2 3 5 7 4 4 4 4 4 3 4 4 7 3 4 4 4 4 4 4 7 5 5 3 5 5 5 6 2 6 6 6 5 6 4 4 6 4 4 4 1 5 5 5 2 6 4 5 6 5 6 6 5 7 4 5 4 3 5 6 3 5 3
28 5 5 6 4 6 4 6 5 6 5 7 6 6 4 6 6 7 6 8 6 7 4 4 7 5 6 5 4 7 5 6 6 6 5 4 7 6 4 5 6 6 6 5 6 4 5 5 5 4 6 6 5 4 5 8 7 5 5 7 6 7 7 6 6 4 4 6 6 6 6 2 8 6 6 5 6 4 7 4 8 5 5 4 4 5 5 5 6 7 5 5 5 7 5 5 5 6 6 6 6
29 4 3 6 2 3 3 2 4 5 3 5 3 3 2 3 5 4 2 6 5 3 4 3 4 4 4 3 4 3 3 5 3 4 5 2 5 3 2 4 2 3 3 3 5 4 1 3 5 3 2 3 4 3 5 3 6 3 4 4 3 5 3 3 2 2 4 5 3 1 2 5 3 3 4 1 4 3 3 4 4 3 2 2 3 4 4 2 4 3 6 4 5 5 3 3 2 3 4 4 7
30 7 4 6 6 8 9 5 7 6 6 4 8 5 5 5 6 7 5 5 7 6 5 6 5 9 7 7 5 6 8 6 6 7 5 5 7 4 5 7 6 5 3 6 4 5 3 6 6 5 6 7 5 6 7 7 6 6 6 7 6 5 7 4 7 6 6 6 7 5 7 5 7 7 6 8 7 7 6 8 6 7 9 5 6 7 8 4 5 5 6 7 7 7 8 4 6 6 6 6 7
31 2 3 5 7 4 4 1 5 3 4 2 3 4 4 7 4 3 5 5 5 7 3 3 5 3 5 6 3 5 4 4 4 5 6 5 5 5 3 7 4 5 5 4 3 3 4 3 4 5 1 3 3 6 4 5 7 5 3 4 4 1 5 5 3 4 6 3 3 3 5 5 2 5 4 4 5 5 2 3 5 6 3 4 6 6 4 2 4 4 3 4 4 6 4 6 4 7 4 5 6
32 4 6 6 5 9 6 7 6 7 7 7 6 9 8 6 8 7 7 7 7 5 9 6 7 6 8 7 5 5 7 5 8 7 6 7 6 7 7 8 8 8 5 5 7 6 8 7 5 9 7 5 8 5 6 7 6 9 5 8 5 8 7 6 5 5 5 6 6 8 7 5 8 6 7 6 6 4 6 6 8 6 9 7 4 6 9 8 6 7 5 7 8 8 7 7 6 7 9 8 8
33 3 4 4 2 3 3 4 3 2 4 5 3 6 4 6 6 5 4 3 4 6 5 2 5 4 6 3 6 5 5 4 4 7 5 5 6 6 3 3 3 2 4 4 6 4 5 4 7 6 3 4 4 5 3 5 1 4 1 5 5 3 4 4 4 5 6 4 3 3 3 3 5 6 6 6 3 4 6 5 6 4 6 3 5 4 5 5 5 3 4 2 2 4 5 5 4 3 3 5 2
34 4 5 3 4 1 4 5 4 5 5 3 1 3 3 4 4 4 4 5 1 4 4 4 4 3 3 4 4 5 3 3 5 4 3 1 3 3 2 3 3 4 4 4 3 4 5 3 4 5 4 2 5 4 4 3 6 7 5 3 3 4 5 4 3 3 4 5 4 2 6 6 3 9 3 4 4 2 4 5 5 5 5 4 5 4 4 2 4 4 4 4 4 4 5 3 4 4 3 2 3
35 8 4 6 7 5 7 6 8 9 7 10 7 7 5 4 9 7 7 8 5 8 7 7 8 7 6 7 6 5 8 7 9 4 7 6 5 6 6 6 6 7 8 9 7 7 6 7 5 8 9 8 5 7 9 4 8 9 6 8 7 5 6 8 6 7 8 6 8 7 6 5 8 8 4 7 6 8 8 6 6 6 8 7 6 8 6 6 8 4 7 4 6 7 7 3 6 6 8 6 7
36 4 4 3 2 4 4 4 5 5 3 4 4 3 3 4 5 3 2 4 2 3 2 4 3 3 5 3 4 3 4 3 2 3 4 3 3 3 4 3 3 5 2 2 3 7 6 5 5 6 2 6 2 4 1 5 2 3 2 5 3 3 3 3 4 1 4 3 5 5 4 4 4 6 2 3 2 4 5 5 3 6 6 3 4 2 3 6 3 3 3 3 4 6 5 5 3 3 3 3 3
37 5 6 6 5 5 5 4 4 7 5 4 5 6 3 5 5 6 6 5 6 6 5 5 5 6 4 5 7 7 7 4 6 5 5 5 6 6 6 8 6 6 4 8 4 7 9 7 8 7 4 5 6 6 7 6 5 7 7 5 6 4 7 6 5 6 6 6 3 6 8 7 7 4 7 7 5 8 7 7 4 8 5 4 6 4 5 6 6 6 5 5 7 5 6 6 6 6 5 7 4
38 7 8 7 6 8 6 7 7 4 7 8 5 6 7 8 6 7 6 9 2 6 8 8 5 6 7 7 6 7 8 7 7 5 7 8 8 7 7 7 6 8 7 7 5 7 6 8 6 8 8 6 6 8 7 6 6 5 7 4 7 5 6 8 6 7 10 5 6 9 6 9 6 6 6 7 7 7 6 6 7 7 7 7 6 7 6 3 6 7 7 6 9 5 7 4 8 6 7 6 7
39 7 7 7 5 7 8 6 6 7 4 5 8 5 9 8 7 6 9 5 6 7 7 6 7 7 6 7 7 6 7 7 7 7 6 5 6 5 4 6 5 7 7 7 6 5 7 7 8 5 7 7 6 5 8 8 6 7 6 7 6 7 6 8 6 7 6 5 5 7 6 6 7 5 5 5 6 6 7 9 5 7 7 5 5 6 6 9 5 6 6 7 5 7 8 6 8 6 7 7 6
40 5 7 4 7 5 4 4 6 4 7 4 6 5 4 5 6 5 4 5 6 5 5 6 4 4 4 6 5 4 6 7 5 5 5 5 4 6 5 6 4 6 4 4 6 5 5 6 6 8 7 5 5 5 6 5 4 5 4 6 5 5 4 6 7 5 6 3 4 4 6 7 5 4 5 5 5 4 6 7 6 5 2 4 6 6 7 6 5 4 6 5 5 5 7 5 5 6 3 3 4
41 5 6 7 8 6 5 6 7 5 7 6 5 7 8 9 8 8 8 4 6 8 8 8 6 7 8 8 4 6 5 7 6 6 8 7 9 6 7 6 4 7 5 6 8 7 6 9 5 6 9 7 8 6 9 7 7 7 6 8 6 7 5 8 5 8 7 7 8 6 6 7 6 5 7 7 7 6 7 7 6 7 9 8 10 8 7 9 7 8 7 8 5 5 6 7 6 5 6 8 6
42 6 6 5 6 5 5 8 9 7 4 6 7 7 6 6 7 5 5 8 7 7 7 5 7 7 7 6 7 5 9 5 5 7 5 6 7 8 7 6 8 8 6 5 7 6 5 5 7 9 6 6 5 4 6 5 8 5 6 9 4 7 6 8 7 4 7 5 6 5 5 7 6 4 7 6 6 5 4 6 7 6 7 6 7 8 7 6 4 5 8 7 4 6 4 8 7 8 5 6 6
43 7 4 8 6 6 4 6 7 6 4 6 5 7 4 6 7 5 4 4 5 4 6 6 6 7 3 4 6 3 7 5 5 5 6 6 6 3 6 8 6 4 7 7 4 6 5 3 5 5 6 8 6 6 3 6 5 5 5 8 3 6 4 6 5 5 7 6 6 6 6 4 5 4 6 6 9 8 6 6 7 6 7 6 8 3 8 4 5 5 6 6 5 5 6 4 5 6 7 6 6
44 3 2 1 3 2 2 3 3 4 4 4 5 3 2 2 1 3 2 1 2 4 2 3 1 3 2 3 4 5 4 2 4 2 4 4 4 2 2 4 1 3 1 1 3 3 1 2 2 2 3 2 3 1 1 3 2 4 4 1 2 3 2 4 1 3 3 1 3 2 4 4 3 2 2 1 2 4 4 2 5 2 2 3 2 3 1 6 1 2 3 3 3 4 3 1 3 2 3 3 2
45 5 5 4 6 5 5 6 6 5 5 5 7 6 4 3 5 6 4 4 4 5 6 7 5 5 3 4 5 5 3 5 4 5 5 8 5 3 5 7 6 6 7 6 7 4 4 5 7 5 6 4 4 6 3 3 5 6 4 6 6 5 6 6 5 5 5 7 5 5 3 3 4 6 6 5 5 5 6 6 5 6 5 6 7 6 5 6 6 6 4 5 6 5 5 7 6 7 4 3 7
46 5 7 3 5 3 4 5 5 6 5 5 5 4 5 6 4 5 7 3 3 5 4 5 6 3 3 5 3 4 3 4 5 3 5 5 5 4 5 4 4 4 5 5 3 3 2 2 5 2 5 5 5 3 3 6 6 4 5 5 5 4 4 4 5 3 1 3 4 4 6 4 4 4 5 2 4 4 4 4 6 4 6 5 4 2 7 4 6 5 4 4 5 4 5 7 7 2 6 2 4
47 7 7 5 9 6 4 6 5 6 3 4 5 6 5 6 6 6 5 4 7 5 6 6 4 6 5 4 7 6 6 6 7 4 4 5 6 4 5 5 7 3 2 7 7 6 7 4 5 4 3 4 5 6 6 8 5 6 4 3 7 5 5 7 4 7 6 7 7 4 6 5 7 5 5 5 5 6 5 6 5 6 5 7 5 6 6 5 6 6 8 4 5 4 2 6 6 6 5 6 3
48 5 4 3 6 5 3 6 5 2 4 4 4 4 4 4 6 5 7 6 5 2 4 5 4 6 4 3 7 3 3 2 6 6 5 5 4 3 7 4 5 4 6 5 2 5 5 6 5 5 4 4 4 5 4 5 2 6 4 4 5 3 4 6 5 2 5 4 5 5 8 6 5 5 6 5 4 4 4 4 3 7 4 3 2 3 4 4 7 5 5 3 4 4 1 6 4 3 5 4 4
49 6 5 5 5 5 6 3 3 7 6 4 5 5 6 6 4 4 6 6 4 4 4 6 4 5 5 2 2 6 6 7 5 4 4 4 7 7 7 3 6 4 4 6 4 5 3 7 5 6 7 6 5 6 5 6 5 5 4 4 5 4 5 5 5 7 7 7 4 4 4 3 7 6 5 4 7 4 6 4 6 5 5 4 4 2 3 3 6 5 4 5 6 3 5 6 4 5 5 7 5
50 5 5 3 4 5 5 5 6 4 4 5 3 6 5 7 6 7 6 2 2 6 6 4 3 5 5 4 5 5 4 5 3 6 4 3 8 6 6 3 6 2 5 5 4 5 6 5 4 5 7 6 5 5 7 5 5 4 5 3 3 6 4 5 4 5 5 4 8 6 5 4 2 6 3 6 6 4 5 3 3 4 4 6 6 5 4 5 5 3 5 4 3 7 4 5 5 4 6 3 5
51 6 4 3 6 3 7 5 5 7 5 5 6 5 7 5 6 5 4 6 6 5 4 6 6 5 7 7 5 3 5 6 6 6 4 7 5 7 5 5 3 4 5 5 5 6 6 6 3 7 5 4 6 6 4 5 6 6 6 4 4 3 4 6 5 5 5 4 6 6 8 5 7 6 4 5 7 6 4 5 5 5 6 6 4 6 5 6 5 5 7 8 5 4 6 5 5 5 6 6 6
52 6 5 5 4 4 5 5 5 4 4 5 5 8 3 6 5 4 6 2 6 3 6 4 6 6 4 4 7 5 6 3 4 6 7 5 4 8 3 3 5 6 3 4 5 8 5 4 5 6 6 4 5 3 4 5 3 7 4 7 6 3 4 6 7 6 4 4 6 3 4 6 4 5 7 4 3 5 5 3 8 4 7 5 5 6 5 4 4 6 3 5 4 2 5 6 4 7 5 4 6
53 5 8 6 5 6 6 7 5 7 6 7 6 3 7 6 6 5 4 6 5 7 2 6 6 3 4 6 6 8 5 7 6 4 5 8 5 4 4 5 3 7 3 7 7 5 6 6 5 4 5 6 7 6 7 6 7 7 5 5 8 3 3 6 6 6 4 5 5 4 6 4 5 3 5 3 8 3 4 6 6 4 5 4 4 5 3 3 6 5 5 3 6 4 5 6 6 6 5 6 6
54 2 2 2 2 3 4 3 2 2 1 2 2 2 4 2 3 1 3 3 3 3 2 2 3 3 2 3 2 2 1 1 2 3 2 2 3 1 1 2 4 3 2 2 2 3 1 4 1 1 1 3 2 4 4 3 1 1 3 5 4 3 2 2 1 2 1 3 2 5 2 3 1 1 4 2 2 3 1 4 2 2 1 2 2 4 3 1 3 3 2 2 4 1 1 2 3 2 1 2 1
55 7 5 5 8 7 7 9 7 8 8 8 7 8 7 7 6 8 7 7 8 9 9 6 8 7 6 7 9 5 9 5 7 7 9 7 7 5 6 6 8 8 8 8 8 5 8 7 6 7 5 5 8 6 7 8 8 6 7 7 5 7 7 6 8 7 7 7 8 6 8 8 8 9 7 7 6 8 7 7 7 6 5 8 7 7 6 9 5 6 9 6 8 7 7 9 7 9 6 9 9
56 4 5 3 6 6 4 6 5 5 5 5 7 4 4 6 5 6 5 5 5 4 3 5 5 4 7 6 6 7 7 5 5 5 6 7 5 5 6 5 4 4 5 5 5 4 5 4 6 5 7 8 6 5 6 6 4 5 2 6 7 4 6 6 7 8 4 6 6 5 5 7 5 6 5 4 5 4 7 3 5 5 5 5 5 7 3 6 6 6 6 5 4 6 7 7 6 4 6 5 6
57 3 3 5 4 4 3 5 4 1 5 4 2 4 4 5 1 4 2 4 4 2 5 4 5 3 1 4 2 3 4 4 5 3 6 3 6 5 3 4 4 4 4 3 2 3 5 3 2 6 3 5 3 5 5 4 2 2 4 2 5 3 1 4 4 2 4 5 2 4 2 3 4 3 3 6 3 3 6 4 5 3 5 1 5 1 3 2 3 3 4 5 5 5 3 4 3 5 5 2 3
58 6 6 4 3 5 7 7 7 6 6 5 5 9 5 4 8 7 2 6 6 7 5 5 6 4 4 5 6 6 5 6 6 4 4 6 7 8 6 6 7 3 5 6 4 5 4 6 5 5 6 7 4 6 6 4 6 5 6 7 6 4 6 6 5 6 7 6 6 7 6 5 5 5 5 7 8 5 7 7 5 6 4 5 6 6 7 6 6 6 4 4 7 4 5 3 6 5 6 3 6
59 5 4 2 4 4 5 4 4 3 4 5 2 5 4 4 6 6 2 7 4 4 5 5 4 6 6 5 4 1 5 5 4 2 4 5 2 2 4 2 4 4 3 5 3 7 4 5 4 5 2 5 5 4 4 4 4 2 4 2 3 3 5 6 3 5 3 4 6 6 5 4 6 4 3 4 2 4 4 3 4 4 5 7 4 3 4 3 4 5 5 5 3 4 5 4 5 4 3 5 5
60 2 2 5 6 6 2 3 5 7 5 3 5 4 5 5 5 5 3 4 3 4 3 6 6 5 3 5 4 3 3 5 5 2 3 4 4 4 4 5 2 4 2 4 5 6 2 2 2 2 4 5 5 5 7 5 5 3 3 5 4 5 5 4 4 3 4 5 4 6 6 2 3 3 5 2 4 3 4 4 4 3 4 5 5 3 1 3 4 4 3 6 6 4 4 4 6 4 4 4 6
61 5 5 6 6 5 7 7 8 4 5 6 5 7 5 3 5 6 5 5 5 7 4 3 5 5 4 5 4 4 6 4 3 5 5 4 5 8 4 6 4 6 3 6 7 7 3 4 5 5 4 4 5 6 4 7 8 3 7 5 6 6 7 6 5 5 2 6 4 5 3 7 4 4 5 4 5 7 5 5 6 6 6 5 5 4 6 4 5 5 4 4 3 6 5 4 6 4 6 5 6
62 5 5 6 4 4 5 7 7 7 6 6 7 5 5 4 5 6 6 6 6 6 6 7 6 5 6 4 4 4 6 7 4 4 6 6 4 5 5 6 6 5 3 5 4 6 4 5 5 6 6 7 7 5 7 6 5 6 4 5 7 8 3 4 6 3 7 5 4 3 3 8 4 5 5 4 6 6 3 5 5 4 7 5 6 6 4 5 6 8 5 5 6 6 5 6 4 5 6 4 6
63 3 2 2 4 1 2 3 3 3 2 2 3 3 5 3 2 4 3 1 3 1 3 2 1 2 1 1 2 3 2 2 2 2 2 2 3 5 3 1 1 3 4 3 2 3 2 3 1 2 3 4 2 3 3 3 3 1 3 3 1 1 3 4 3 4 3 2 5 2 5 4 2 4 2 3 4 1 3 2 4 5 2 1 3 6 3 4 3 1 1 4 5 3 3 2 3 1 3 1 2
64 2 2 3 1 2 5 4 3 3 5 2 4 1 3 5 2 2 2 2 3 2 4 3 1 3 3 3 1 4 4 4 2 5 3 3 4 3 3 4 4 4 3 3 4 2 1 1 3 4 4 2 5 4 3 3 4 2 2 6 3 4 3 4 4 4 2 2 2 3 5 4 3 2 4 6 4 5 3 4 3 4 1 5 3 3 4 6 4 3 4 1 1 3 4 4 3 3 2 3 3
65 7 4 5 5 6 7 6 5 6 5 7 5 6 7 4 3 6 4 6 5 6 4 6 8 7 5 4 4 6 6 8 6 6 5 6 6 4 6 8 7 7 4 5 7 6 7 5 6 5 5 9 5 6 7 5 5 5 8 5 5 5 7 7 6 5 6 7 7 6 4 4 4 5 5 6 6 6 6 4 3 7 4 6 5 5 6 5 6 6 6 8 8 5 4 4 4 6 5 7 5
66 5 7 6 7 5 6 5 5 5 6 5 5 5 5 6 5 5 5 8 7 5 6 4 6 5 5 7 4 5 7 5 5 6 5 8 5 6 5 4 5 4 5 7 4 5 4 7 5 8 9 6 7 6 5 7 6 5 3 7 6 5 7 6 6 7 6 5 6 5 5 5 5 5 6 3 6 5 7 6 5 6 6 6 3 5 6 6 4 7 7 3 7 5 6 6 8 6 7 3 6
67 5 9 5 6 6 6 7 5 5 7 6 5 6 6 8 6 6 6 7 4 5 7 6 8 5 5 5 7 5 7 5 7 7 9 7 8 7 7 9 8 6 5 7 6 7 7 8 5 7 6 4 5 8 5 8 7 6 7 7 6 6 6 6 7 6 6 9 6 3 6 6 5 7 3 6 3 7 5 9 7 5 7 6 4 6 5 6 5 6 5 6 8 5 7 6 6 5 6 4 3
68 7 8 9 7 5 7 5 4 7 6 6 7 8 10 6 5 6 6 4 6 8 7 6 7 4 6 6 7 8 6 6 9 7 5 7 6 5 7 7 8 5 7 6 7 6 8 9 6 5 6 5 7 7 7 7 5 7 5 6 7 6 4 6 6 4 8 5 8 7 7 7 6 6 7 7 6 6 8 6 5 7 6 5 6 5 7 6 7 7 7 5 6 5 5 6 5 8 4 9 5
69 4 5 3 1 3 3 4 6 5 5 4 2 3 4 2 2 4 1 3 4 4 4 5 4 5 3 4 4 3 3 4 4 3 4 3 4 4 3 5 4 5 5 3 5 4 4 3 2 3 3 5 4 3 3 7 5 4 3 7 2 4 4 4 3 4 2 4 3 5 6 4 3 3 5 5 4 4 3 1 3 4 2 3 5 5 3 2 5 6 4 3 4 2 4 3 4 3 3 1 3
70 8 6 7 6 9 7 7 5 9 7 10 7 5 8 9 7 6 7 7 6 6 8 5 6 8 5 7 9 8 8 9 9 6 8 8 7 7 9 8 6 10 7 8 6 8 9 11 9 8 6 8 8 8 8 8 8 7 7 7 6 6 7 9 6 9 8 8 8 6 6 8 7 7 7 8 8 8 9 6 8 9 6 9 10 6 8 6 10 8 5 9 10 7 8 7 7 7 7 8 7
71 7 4 5 6 4 5 4 4 5 6 8 5 7 5 6 8 6 3 6 5 5 4 5 8 4 7 6 5 5 5 8 5 5 6 4 3 3 6 5 6 5 4 4 5 6 4 5 5 6 4 6 4 6 4 4 6 5 6 7 5 5 5 4 5 8 5 6 5 5 6 5 6 4 5 6 6 5 5 7 7 5 3 7 3 4 4 9 8 6 8 6 5 4 3 6 6 5 6 5 4
72 1 4 5 4 5 3 4 4 5 4 4 4 4 4 3 4 6 3 6 5 3 6 5 3 4 4 5 5 5 3 3 3 3 3 5 6 4 3 6 4 4 2 3 3 4 5 6 6 4 3 4 3 4 6 5 3 4 4 3 4 3 5 3 6 4 4 5 4 5 5 3 6 3 7 4 4 5 5 7 3 5 3 2 3 3 5 2 3 5 2 2 3 3 6 4 6 4 3 2 3
73 7 8 7 5 8 5 5 8 8 7 6 5 6 7 6 6 4 7 4 3 5 9 6 5 7 5 6 6 6 7 5 6 5 8 7 5 6 5 6 5 5 6 6 7 3 6 6 5 7 6 6 7 6 6 4 6 4 6 6 6 5 4 6 4 6 7 4 6 5 6 7 6 7 4 6 6 5 5 5 5 6 7 6 6 4 4 5 6 5 4 7 3 7 6 6 7 7 5 8 7
74 5 3 6 4 4 4 7 6 6 9 5 5 5 5 5 7 5 8 6 5 4 5 4 6 7 6 7 7 5 5 6 5 4 4 5 6 6 3 2 4 5 5 5 4 3 6 6 5 4 4 5 5 4 5 7 5 5 6 7 5 5 4 5 5 4 5 6 6 6 4 7 6 6 6 5 6 8 6 7 5 6 5 6 6 5 4 4 5 6 6 7 3 5 4 5 6 5 6 5 5
75 6 6 5 5 3 6 6 4 4 7 6 4 5 4 5 6 7 4 4 5 4 5 3 2 5 6 7 4 5 4 4 5 4 5 5 6 4 6 4 6 6 6 7 4 6 5 5 3 5 6 6 5 4 6 5 5 5 2 6 3 7 6 3 5 4 5 3 5 6 6 4 7 5 8 5 6 5 6 3 5 5 5 7 7 5 5 4 3 5 4 7 7 5 4 4 6 4 6 5 5

Probability of each scenario occurring:
0.01 0.01 0.01 0.01 0.01 0.01 0.01 0.01 0.01 0.01 0.01 0.01 0.01 0.01 0.01 0.01 0.01 0.01 0.01 0.01 0.01 0.01 0.01 0.01 0.01 0.01 0.01 0.01 0.01 0.01 0.01 0.01 0.01 0.01 0.01 0.01 0.01 0.01 0.01 0.01 0.01 0.01 0.01 0.01 0.01 0.01 0.01 0.01 0.01 0.01 0.01 0.01 0.01 0.01 0.01 0.01 0.01 0.01 0.01 0.01 0.01 0.01 0.01 0.01 0.01 0.01 0.01 0.01 0.01 0.01 0.01 0.01 0.01 0.01 0.01 0.01 0.01 0.01 0.01 0.01 0.01 0.01 0.01 0.01 0.01 0.01 0.01 0.01 0.01 0.01 0.01 0.01 0.01 0.01 0.01 0.01 0.01 0.01 0.01 0.01

Travel costs:
0.0 1.851 1.169 1.429 1.428 1.54 1.964 1.825 2.722 1.712 2.208 2.317 1.394 0.606 1.362 2.46 2.166 1.645 1.311 1.397 1.776 1.649 2.722 1.22 0.369 0.519 2.067 1.013 1.849 2.008 2.376 2.325 1.979 1.364 2.026 1.207 1.952 1.993 1.809 2.309 1.504 0.639 1.814 0.968 2.6 1.999 1.915 1.158 1.77 0.716 0.659 2.186 1.233 2.719 1.406 1.502 1.272 1.366 0.891 1.541 2.335 0.996 0.938 0.951 1.129 0.822 1.961 1.485 1.212 1.563 0.563 1.967 1.273 1.221 1.587 2.407
1.851 0.0 0.851 1.178 0.542 2.207 2.401 0.792 4.085 3.084 3.519 1.494 1.441 1.93 1.142 1.488 3.943 0.296 1.699 0.904 1.949 3.403 4.062 2.259 1.49 1.337 3.102 0.91 3.611 3.694 2.186 3.676 2.121 3.142 3.414 1.79 1.008 3.841 3.025 3.996 0.44 2.304 3.657 2.699 3.904 3.845 0.824 2.906 2.315 1.26 2.509 3.418 1.638 4.132 3.241 3.181 2.139 1.723 1.534 2.856 2.086 1.762 2.786 2.328 1.677 2.613 1.696 3.176 0.705 1.309 1.299 2.651 3.115 2.997 3.358 1.73
1.169 0.851 0.0 1.31 0.757 2.098 1.67 1.293 3.237 2.712 2.672 1.284 0.706 1.476 1.237 1.386 3.334 0.803 1.635 0.291 1.259 2.591 3.216 1.412 0.873 0.746 2.277 0.182 2.799 3.156 2.474 2.828 1.462 2.531 2.563 1.65 0.831 3.134 2.18 3.46 0.75 1.501 2.965 1.895 3.059 3.094 0.758 2.317 1.548 0.469 1.81 2.576 1.549 3.282 2.569 2.642 1.928 0.94 0.683 2.503 2.392 0.915 2.058 1.908 1.525 1.988 1.165 2.35 0.646 1.488 0.624 1.873 2.431 2.201 2.553 2.2
1.429 1.178 1.31 0.0 0.681 1.048 2.914 0.572 4.12 2.037 3.582 2.494 1.995 1.126 0.078 2.543 3.112 0.886 0.552 1.574 2.544 3.06 4.114 2.421 1.12 1.03 3.332 1.179 3.253 2.782 1.165 3.713 2.755 2.365 3.418 0.682 1.989 3.184 3.137 3.069 0.768 2.059 2.981 2.395 3.98 3.285 1.837 2.12 2.762 1.327 1.965 3.534 0.517 4.128 2.558 2.301 1.038 2.175 1.751 1.807 1.086 1.987 2.264 1.396 0.6 1.919 2.473 2.913 0.676 0.179 1.143 3.055 2.468 2.632 2.992 0.997
1.428 0.542 0.757 0.681 0.0 1.677 2.427 0.538 3.896 2.544 3.336 1.827 1.46 1.413 0.63 1.867 3.444 0.255 1.169 0.969 2.012 3.05 3.881 2.096 1.059 0.912 2.992 0.697 3.256 3.175 1.793 3.484 2.212 2.65 3.203 1.252 1.32 3.388 2.857 3.476 0.102 1.964 3.197 2.348 3.731 3.422 1.161 2.41 2.302 0.987 2.071 3.258 1.104 3.926 2.774 2.666 1.598 1.694 1.364 2.315 1.702 1.61 2.361 1.797 1.136 2.135 1.869 2.85 0.216 0.838 0.928 2.621 2.658 2.629 2.996 1.454
1.54 2.207 2.098 1.048 1.677 0.0 3.444 1.595 4.16 1.102 3.689 3.375 2.671 0.943 1.07 3.457 2.366 1.911 0.509 2.389 3.169 2.846 4.17 2.755 1.455 1.479 3.603 1.925 3.001 1.964 1.065 3.786 3.384 1.765 3.489 0.449 2.892 2.627 3.33 2.217 1.775 2.12 2.422 2.324 4.066 2.824 2.765 1.551 3.26 1.891 1.738 3.69 0.576 4.133 2.044 1.573 0.282 2.758 2.269 0.894 1.08 2.452 1.99 0.821 0.575 1.52 3.22 2.796 1.587 0.973 1.642 3.49 2.01 2.457 2.763 1.446
1.964 2.401 1.67 2.914 2.427 3.444 0.0 2.963 2.013 3.633 1.515 1.427 0.974 2.557 2.837 1.613 3.649 2.448 3.088 1.506 0.462 2.215 1.969 0.84 1.991 1.988 0.935 1.754 2.375 3.68 4.064 1.677 0.37 2.988 1.543 3.04 1.573 3.164 1.1 3.943 2.416 1.637 3.083 1.814 1.8 2.951 1.723 2.88 0.201 1.605 2.231 1.351 2.999 2.111 2.838 3.253 3.199 0.741 1.19 3.486 3.994 0.992 2.28 2.912 2.93 2.557 0.855 1.927 2.297 3.092 1.833 0.342 2.693 2.048 2.237 3.858
1.825 0.792 1.293 0.572 0.538 1.595 2.963 0.0 4.402 2.609 3.847 2.263 1.994 1.646 0.586 2.271 3.664 0.568 1.117 1.488 2.543 3.474 4.389 2.619 1.47 1.341 3.521 1.232 3.674 3.346 1.398 3.99 2.739 2.901 3.704 1.253 1.761 3.697 3.374 3.636 0.551 2.414 3.497 2.782 4.244 3.772 1.584 2.656 2.839 1.5 2.427 3.775 1.088 4.426 3.072 2.858 1.609 2.231 1.893 2.379 1.297 2.14 2.725 1.955 1.171 2.427 2.375 3.295 0.705 0.623 1.398 3.159 2.971 3.046 3.412 0.955
2.722 4.085 3.237 4.12 3.896 4.16 2.013 4.402 0.0 3.773 0.566 3.43 2.722 3.244 4.046 3.618 3.058 4.02 4.026 3.215 2.409 1.471 0.06 1.826 3.0 3.097 1.081 3.22 1.435 3.33 5.09 0.412 2.381 2.808 0.702 3.907 3.483 2.394 1.061 3.474 3.93 2.085 2.455 1.836 0.215 2.055 3.597 2.87 1.963 2.908 2.435 0.685 3.951 0.14 2.508 3.145 3.878 2.426 2.557 3.742 5.055 2.323 2.233 3.376 3.843 2.715 2.843 1.399 3.701 4.269 3.011 1.671 2.429 1.749 1.557 5.114
1.712 3.084 2.712 2.037 2.544 1.102 3.633 2.609 3.773 0.0 3.406 3.969 3.095 1.237 2.032 4.091 1.339 2.797 1.498 2.99 3.485 2.318 3.797 2.821 1.866 1.972 3.501 2.531 2.414 0.901 2.095 3.46 3.685 0.993 3.187 1.355 3.544 1.759 3.174 1.125 2.645 2.035 1.574 2.046 3.733 2.035 3.46 0.903 3.433 2.348 1.461 3.461 1.52 3.711 1.312 0.676 1.003 3.077 2.602 0.23 2.135 2.7 1.567 0.805 1.444 1.128 3.665 2.381 2.39 2.014 2.115 3.572 1.356 2.035 2.23 2.544
2.208 3.519 2.672 3.582 3.336 3.689 1.515 3.847 0.566 3.406 0.0 2.907 2.163 2.756 3.507 3.097 2.869 3.457 3.518 2.651 1.88 1.218 0.545 1.261 2.465 2.554 0.59 2.657 1.263 3.077 4.583 0.166 1.874 2.486 0.221 3.407 2.932 2.236 0.497 3.261 3.368 1.579 2.25 1.388 0.398 1.924 3.041 2.507 1.438 2.349 1.999 0.176 3.44 0.625 2.212 2.819 3.407 1.867 1.993 3.349 4.542 1.758 1.84 2.931 3.336 2.305 2.317 1.047 3.144 3.736 2.461 1.177 2.109 1.377 1.291 4.578
2.317 1.494 1.284 2.494 1.827 3.375 1.427 2.263 3.43 3.969 2.907 0.0 0.977 2.734 2.432 0.191 4.427 1.698 2.896 0.993 1.028 3.325 3.389 1.843 2.103 2.001 2.349 1.464 3.518 4.318 3.618 3.072 1.057 3.65 2.894 2.925 0.507 4.1 2.442 4.615 1.76 2.388 3.964 2.726 3.219 3.976 0.678 3.464 1.47 1.625 2.872 2.754 2.814 3.52 3.616 3.818 3.211 1.178 1.477 3.767 3.525 1.525 3.053 3.164 2.8 3.121 0.59 3.041 1.828 2.661 1.854 1.765 3.467 3.025 3.317 3.215
1.394 1.441 0.706 1.995 1.46 2.671 0.974 1.994 2.722 3.095 2.163 0.977 0.0 1.891 1.92 1.149 3.456 1.475 2.251 0.538 0.554 2.38 2.692 0.951 1.258 1.198 1.688 0.816 2.58 3.367 3.159 2.327 0.761 2.689 2.098 2.235 0.795 3.124 1.668 3.66 1.445 1.411 2.987 1.755 2.526 3.007 0.881 2.515 0.874 0.784 1.905 2.039 2.162 2.787 2.642 2.877 2.46 0.297 0.513 2.909 3.081 0.554 2.077 2.305 2.115 2.17 0.571 2.103 1.347 2.174 1.035 1.21 2.493 2.059 2.365 2.905
0.606 1.93 1.476 1.126 1.413 0.943 2.557 1.646 3.244 1.237 2.756 2.734 1.891 0.0 1.081 2.854 2.037 1.664 0.812 1.752 2.333 2.012 3.249 1.826 0.637 0.735 2.661 1.294 2.19 1.765 1.859 2.86 2.543 1.258 2.561 0.673 2.306 2.059 2.388 2.067 1.51 1.181 1.856 1.418 3.139 2.164 2.226 1.013 2.365 1.122 0.883 2.752 0.753 3.225 1.433 1.254 0.669 1.918 1.426 1.033 1.834 1.572 1.173 0.433 0.635 0.793 2.461 1.916 1.225 1.205 0.881 2.572 1.343 1.596 1.935 2.003
1.362 1.142 1.237 0.078 0.63 1.07 2.837 0.586 4.046 2.032 3.507 2.432 1.92 1.081 0.0 2.485 3.082 0.847 0.565 1.504 2.468 2.997 4.04 2.344 1.047 0.954 3.255 1.104 3.191 2.76 1.239 3.64 2.679 2.328 3.344 0.682 1.929 3.14 3.061 3.049 0.722 1.989 2.937 2.329 3.905 3.235 1.779 2.083 2.684 1.249 1.908 3.458 0.519 4.055 2.513 2.274 1.04 2.098 1.673 1.802 1.162 1.909 2.208 1.37 0.589 1.872 2.401 2.846 0.608 0.255 1.066 2.977 2.421 2.569 2.93 1.073
2.46 1.488 1.386 2.543 1.867 3.457 1.613 2.271 3.618 4.091 3.097 0.191 1.149 2.854 2.485 0.0 4.586 1.716 2.97 1.102 1.218 3.509 3.577 2.031 2.23 2.119 2.537 1.568 3.704 4.467 3.647 3.262 1.242 3.804 3.085 3.008 0.565 4.272 2.633 4.765 1.792 2.559 4.133 2.903 3.407 4.154 0.707 3.613 1.659 1.758 3.03 2.944 2.89 3.71 3.779 3.963 3.306 1.362 1.64 3.885 3.551 1.701 3.219 3.286 2.883 3.271 0.78 3.226 1.889 2.705 1.978 1.951 3.631 3.204 3.5 3.217
2.166 3.943 3.334 3.112 3.444 2.366 3.649 3.664 3.058 1.339 2.869 4.427 3.456 2.037 3.082 4.586 0.0 3.692 2.642 3.558 3.671 1.651 3.099 2.82 2.484 2.631 3.18 3.174 1.63 0.451 3.41 2.859 3.828 0.806 2.657 2.48 4.106 0.669 2.834 0.431 3.538 2.074 0.619 1.834 3.091 1.014 4.078 1.037 3.456 2.879 1.556 2.983 2.632 2.958 0.822 0.815 2.182 3.323 2.95 1.494 3.439 2.935 1.395 1.717 2.526 1.347 3.979 1.863 3.247 3.143 2.718 3.469 0.972 1.625 1.582 3.8
1.645 0.296 0.803 0.886 0.255 1.911 2.448 0.568 4.02 2.797 3.457 1.698 1.475 1.664 0.847 1.716 3.692 0.0 1.403 0.948 2.013 3.243 4.002 2.202 1.277 1.126 3.079 0.801 3.45 3.428 1.932 3.609 2.201 2.895 3.336 1.495 1.195 3.621 2.969 3.729 0.155 2.149 3.432 2.538 3.848 3.644 1.02 2.656 2.34 1.131 2.296 3.368 1.342 4.058 3.011 2.918 1.845 1.734 1.466 2.569 1.836 1.707 2.582 2.051 1.382 2.375 1.817 3.032 0.446 1.024 1.117 2.669 2.892 2.828 3.193 1.522
1.311 1.699 1.635 0.552 1.169 0.509 3.088 1.117 4.026 1.498 3.518 2.896 2.251 0.812 0.565 2.97 2.642 1.403 0.0 1.923 2.774 2.823 4.028 2.47 1.119 1.101 3.357 1.47 3.0 2.283 1.065 3.633 2.989 1.941 3.333 0.163 2.405 2.79 3.116 2.561 1.267 1.942 2.584 2.218 3.909 2.935 2.272 1.702 2.915 1.493 1.694 3.497 0.09 4.015 2.173 1.827 0.495 2.374 1.899 1.27 1.03 2.107 1.981 0.94 0.183 1.566 2.782 2.723 1.087 0.517 1.256 3.172 2.106 2.407 2.746 1.209
1.397 0.904 0.291 1.574 0.969 2.389 1.506 1.488 3.215 2.99 2.651 0.993 0.538 1.752 1.504 1.102 3.558 0.948 1.923 0.0 1.066 2.702 3.189 1.4 1.134 1.018 2.207 0.47 2.909 3.401 2.733 2.812 1.254 2.76 2.564 1.941 0.56 3.318 2.154 3.703 0.937 1.639 3.158 2.024 3.027 3.253 0.524 2.554 1.412 0.681 2.014 2.539 1.838 3.271 2.774 2.891 2.219 0.82 0.732 2.783 2.648 0.919 2.242 2.185 1.816 2.219 0.904 2.445 0.9 1.75 0.882 1.748 2.632 2.333 2.673 2.422
1.776 1.949 1.259 2.544 2.012 3.169 0.462 2.543 2.409 3.485 1.88 1.028 0.554 2.333 2.468 1.218 3.671 2.013 2.774 1.066 0.0 2.381 2.371 0.892 1.723 1.69 1.331 1.367 2.562 3.644 3.706 2.046 0.215 2.952 1.868 2.745 1.115 3.252 1.416 3.924 1.993 1.599 3.144 1.864 2.201 3.08 1.262 2.811 0.447 1.283 2.168 1.73 2.684 2.496 2.849 3.182 2.942 0.415 0.909 3.318 3.63 0.787 2.276 2.723 2.628 2.472 0.438 2.091 1.901 2.723 1.529 0.767 2.699 2.139 2.386 3.459
1.649 3.403 2.591 3.06 3.05 2.846 2.215 3.474 1.471 2.318 1.218 3.325 2.38 2.012 2.997 3.509 1.651 3.243 2.823 2.702 2.381 0.0 1.502 1.494 2.006 2.144 1.569 2.496 0.208 1.873 3.857 1.218 2.482 1.34 1.006 2.68 3.159 1.032 1.233 2.045 3.115 1.099 1.032 0.706 1.467 0.755 3.202 1.424 2.048 2.144 1.13 1.334 2.764 1.398 1.037 1.677 2.57 2.147 1.973 2.309 3.84 1.832 0.857 2.029 2.646 1.332 2.776 0.29 2.835 3.177 2.127 1.963 0.964 0.429 0.088 4.004
2.722 4.062 3.216 4.114 3.881 4.17 1.969 4.389 0.06 3.797 0.545 3.389 2.692 3.249 4.04 3.577 3.099 4.002 4.028 3.189 2.371 1.502 0.0 1.804 2.995 3.089 1.041 3.202 1.473 3.366 5.093 0.401 2.338 2.837 0.697 3.91 3.449 2.437 1.037 3.514 3.913 2.086 2.494 1.846 0.17 2.099 3.565 2.894 1.924 2.894 2.449 0.653 3.952 0.2 2.539 3.174 3.887 2.395 2.537 3.763 5.056 2.301 2.252 3.389 3.845 2.732 2.804 1.42 3.687 4.265 3.001 1.628 2.457 1.77 1.588 5.109
1.22 2.259 1.412 2.421 2.096 2.755 0.84 2.619 1.826 2.821 1.261 1.843 0.951 1.826 2.344 2.031 2.82 2.202 2.47 1.4 0.892 1.494 1.804 0.0 1.353 1.402 0.911 1.406 1.681 2.84 3.508 1.418 1.018 2.149 1.164 2.392 1.746 2.368 0.768 3.105 2.12 0.801 2.27 0.99 1.648 2.189 1.828 2.043 0.641 1.121 1.396 1.166 2.384 1.875 2.005 2.415 2.491 0.678 0.736 2.688 3.452 0.497 1.442 2.138 2.296 1.725 1.283 1.205 1.914 2.589 1.278 0.756 1.857 1.251 1.496 3.413
0.369 1.49 0.873 1.12 1.059 1.455 1.991 1.47 3.0 1.866 2.465 2.103 1.258 0.637 1.047 2.23 2.484 1.277 1.119 1.134 1.723 2.006 2.995 1.353 0.0 0.152 2.25 0.7 2.208 2.286 2.157 2.594 1.936 1.678 2.298 1.054 1.693 2.351 2.03 2.59 1.135 0.95 2.168 1.312 2.862 2.367 1.63 1.455 1.809 0.484 1.021 2.423 1.032 3.008 1.753 1.771 1.219 1.309 0.817 1.667 2.104 1.0 1.305 1.063 0.95 1.138 1.826 1.826 0.843 1.271 0.252 2.055 1.626 1.58 1.947 2.114
0.519 1.337 0.746 1.03 0.912 1.479 1.988 1.341 3.097 1.972 2.554 2.001 1.198 0.735 0.954 2.119 2.631 1.126 1.101 1.018 1.69 2.144 3.089 1.402 0.152 0.0 2.309 0.567 2.348 2.425 2.11 2.689 1.905 1.825 2.395 1.057 1.574 2.504 2.107 2.729 0.986 1.073 2.32 1.446 2.953 2.518 1.502 1.599 1.814 0.414 1.173 2.504 1.011 3.11 1.905 1.909 1.262 1.282 0.799 1.766 2.051 1.008 1.456 1.167 0.943 1.287 1.758 1.956 0.696 1.191 0.163 2.077 1.778 1.72 2.087 2.027
2.067 3.102 2.277 3.332 2.992 3.603 0.935 3.521 1.081 3.501 0.59 2.349 1.688 2.661 3.255 2.537 3.18 3.079 3.357 2.207 1.331 1.569 1.041 0.911 2.25 2.309 0.0 2.296 1.676 3.318 4.407 0.746 1.301 2.669 0.67 3.267 2.421 2.597 0.347 3.539 3.009 1.506 2.569 1.465 0.871 2.32 2.546 2.636 0.884 2.029 2.042 0.419 3.273 1.176 2.439 2.983 3.329 1.392 1.628 3.406 4.354 1.382 1.964 2.913 3.179 2.373 1.763 1.321 2.818 3.498 2.189 0.594 2.312 1.574 1.62 4.324
1.013 0.91 0.182 1.179 0.697 1.925 1.754 1.232 3.22 2.531 2.657 1.464 0.816 1.294 1.104 1.568 3.174 0.801 1.47 0.47 1.367 2.496 3.202 1.406 0.7 0.567 2.296 0.0 2.704 2.986 2.343 2.809 1.576 2.369 2.535 1.478 1.013 2.994 2.171 3.29 0.715 1.398 2.821 1.793 3.05 2.968 0.935 2.151 1.617 0.351 1.664 2.571 1.383 3.257 2.419 2.471 1.749 1.014 0.67 2.321 2.265 0.915 1.922 1.727 1.353 1.827 1.315 2.266 0.544 1.358 0.456 1.93 2.283 2.095 2.453 2.104
1.849 3.611 2.799 3.253 3.256 3.001 2.375 3.674 1.435 2.414 1.263 3.518 2.58 2.19 3.191 3.704 1.63 3.45 3.0 2.909 2.562 0.208 1.473 1.681 2.208 2.348 1.676 2.704 0.0 1.897 4.025 1.235 2.654 1.423 1.065 2.854 3.361 0.979 1.353 2.041 3.321 1.307 1.021 0.913 1.461 0.661 3.407 1.536 2.214 2.353 1.307 1.398 2.943 1.345 1.108 1.755 2.728 2.341 2.179 2.422 4.011 2.033 1.022 2.181 2.825 1.482 2.964 0.478 3.04 3.366 2.334 2.108 1.06 0.628 0.262 4.188
2.008 3.694 3.156 2.782 3.175 1.964 3.68 3.346 3.33 0.901 3.077 4.318 3.367 1.765 2.76 4.467 0.451 3.428 2.283 3.401 3.644 1.873 3.366 2.84 2.286 2.425 3.318 2.986 1.897 0.0 2.99 3.089 3.818 0.693 2.858 2.125 3.959 1.02 2.972 0.304 3.273 2.053 0.893 1.891 3.339 1.353 3.912 0.854 3.481 2.721 1.478 3.172 2.283 3.242 0.88 0.516 1.805 3.27 2.854 1.076 3.024 2.877 1.402 1.394 2.185 1.198 3.914 2.036 2.99 2.795 2.532 3.538 1.009 1.745 1.793 3.408
2.376 2.186 2.474 1.165 1.793 1.065 4.064 1.398 5.09 2.095 4.583 3.618 3.159 1.859 1.239 3.647 3.41 1.932 1.065 2.733 3.706 3.857 5.093 3.508 2.157 2.11 4.407 2.343 4.025 2.99 0.0 4.698 3.917 2.83 4.398 1.188 3.111 3.692 4.175 3.219 1.859 3.008 3.487 3.276 4.974 3.885 2.945 2.613 3.904 2.462 2.729 4.56 1.143 5.078 3.105 2.632 1.312 3.329 2.884 1.916 0.105 3.11 3.003 1.865 1.248 2.554 3.635 3.774 1.834 0.986 2.25 4.183 3.064 3.45 3.777 0.63
2.325 3.676 2.828 3.713 3.484 3.786 1.677 3.99 0.412 3.46 0.166 3.072 2.327 2.86 3.64 3.262 2.859 3.609 3.633 2.812 2.046 1.218 0.401 1.418 2.594 2.689 0.746 2.809 1.235 3.089 4.698 0.0 2.038 2.521 0.3 3.518 3.098 2.214 0.66 3.261 3.518 1.691 2.243 1.47 0.28 1.891 3.206 2.558 1.603 2.496 2.079 0.327 3.557 0.46 2.236 2.856 3.504 2.032 2.147 3.413 4.66 1.914 1.9 3.016 3.45 2.374 2.483 1.083 3.289 3.865 2.6 1.338 2.142 1.425 1.296 4.709
1.979 2.121 1.462 2.755 2.212 3.384 0.37 2.739 2.381 3.685 1.874 1.057 0.761 2.543 2.679 1.242 3.828 2.201 2.989 1.254 0.215 2.482 2.338 1.018 1.936 1.905 1.301 1.576 2.654 3.818 3.917 2.038 0.0 3.125 1.888 2.96 1.234 3.386 1.438 4.094 2.188 1.766 3.287 2.006 2.169 3.199 1.396 2.992 0.453 1.498 2.345 1.714 2.899 2.477 3.007 3.364 3.155 0.627 1.121 3.52 3.841 0.985 2.437 2.928 2.843 2.656 0.494 2.191 2.106 2.934 1.744 0.71 2.859 2.268 2.494 3.662
1.364 3.142 2.531 2.365 2.65 1.765 2.988 2.901 2.808 0.993 2.486 3.65 2.689 1.258 2.328 3.804 0.806 2.895 1.941 2.76 2.952 1.34 2.837 2.149 1.678 1.825 2.669 2.369 1.423 0.693 2.83 2.521 3.125 0.0 2.265 1.778 3.312 0.863 2.326 0.974 2.742 1.36 0.657 1.217 2.786 1.078 3.278 0.245 2.789 2.079 0.789 2.563 1.916 2.738 0.319 0.337 1.532 2.582 2.178 1.028 2.841 2.189 0.718 1.002 1.803 0.543 3.229 1.441 2.449 2.417 1.913 2.855 0.38 1.115 1.253 3.139
2.026 3.414 2.563 3.418 3.203 3.489 1.543 3.704 0.702 3.187 0.221 2.894 2.098 2.561 3.344 3.085 2.657 3.336 3.333 2.564 1.868 1.006 0.697 1.164 2.298 2.395 0.67 2.535 1.065 2.858 4.398 0.3 1.888 2.265 0.0 3.218 2.881 2.031 0.452 3.045 3.24 1.391 2.038 1.177 0.578 1.726 2.979 2.287 1.439 2.216 1.788 0.333 3.257 0.723 1.992 2.598 3.206 1.807 1.88 3.132 4.36 1.654 1.622 2.723 3.15 2.089 2.305 0.827 3.006 3.568 2.311 1.218 1.888 1.156 1.076 4.412
1.207 1.79 1.65 0.682 1.252 0.449 3.04 1.253 3.907 1.355 3.407 2.925 2.235 0.673 0.682 3.008 2.48 1.495 0.163 1.941 2.745 2.68 3.91 2.392 1.054 1.057 3.267 1.478 2.854 2.125 1.188 3.518 2.96 1.778 3.218 0.0 2.443 2.629 3.016 2.405 1.352 1.828 2.422 2.088 3.795 2.777 2.319 1.54 2.862 1.462 1.551 3.392 0.165 3.892 2.012 1.666 0.358 2.338 1.855 1.126 1.162 2.052 1.833 0.777 0.125 1.41 2.778 2.588 1.146 0.67 1.217 3.108 1.947 2.267 2.602 1.368
1.952 1.008 0.831 1.989 1.32 2.892 1.573 1.761 3.483 3.544 2.932 0.507 0.795 2.306 1.929 0.565 4.106 1.195 2.405 0.56 1.115 3.159 3.449 1.746 1.693 1.574 2.421 1.013 3.361 3.959 3.111 3.098 1.234 3.312 2.881 2.443 0.0 3.84 2.443 4.261 1.253 2.138 3.688 2.507 3.281 3.754 0.186 3.11 1.549 1.238 2.556 2.798 2.325 3.557 3.314 3.449 2.742 1.075 1.205 3.334 3.018 1.328 2.77 2.739 2.318 2.773 0.753 2.887 1.328 2.155 1.441 1.88 3.169 2.816 3.138 2.715
1.993 3.841 3.134 3.184 3.388 2.627 3.164 3.697 2.394 1.759 2.236 4.1 3.124 2.059 3.14 4.272 0.669 3.621 2.79 3.318 3.252 1.032 2.437 2.368 2.351 2.504 2.597 2.994 0.979 1.02 3.692 2.214 3.386 0.863 2.031 2.629 3.84 0.0 2.256 1.096 3.473 1.713 0.207 1.389 2.436 0.345 3.841 1.091 2.981 2.665 1.334 2.362 2.759 2.292 0.626 1.097 2.394 2.946 2.642 1.848 3.704 2.576 1.077 1.857 2.643 1.27 3.602 1.28 3.177 3.251 2.554 2.948 0.73 1.119 0.976 3.995
1.809 3.025 2.18 3.137 2.857 3.33 1.1 3.374 1.061 3.174 0.497 2.442 1.668 2.388 3.061 2.633 2.834 2.969 3.116 2.154 1.416 1.233 1.037 0.768 2.03 2.107 0.347 2.171 1.353 2.972 4.175 0.66 1.438 2.326 0.452 3.016 2.443 2.256 0.0 3.192 2.885 1.213 2.224 1.13 0.88 1.987 2.548 2.3 0.988 1.873 1.721 0.402 3.034 1.12 2.092 2.643 3.052 1.374 1.503 3.087 4.128 1.265 1.626 2.614 2.935 2.048 1.853 0.977 2.669 3.297 2.002 0.787 1.967 1.228 1.281 4.134
2.309 3.996 3.46 3.069 3.476 2.217 3.943 3.636 3.474 1.125 3.261 4.615 3.66 2.067 3.049 4.765 0.431 3.729 2.561 3.703 3.924 2.045 3.514 3.105 2.59 2.729 3.539 3.29 2.041 0.304 3.219 3.261 4.094 0.974 3.045 2.405 4.261 1.096 3.192 0.0 3.574 2.328 1.021 2.14 3.5 1.441 4.215 1.152 3.746 3.023 1.763 3.367 2.565 3.378 1.113 0.821 2.076 3.556 3.148 1.323 3.259 3.163 1.663 1.688 2.47 1.494 4.203 2.235 3.292 3.075 2.836 3.788 1.254 1.967 1.97 3.663
1.504 0.44 0.75 0.768 0.102 1.775 2.416 0.551 3.93 2.645 3.368 1.76 1.445 1.51 0.722 1.792 3.538 0.155 1.267 0.937 1.993 3.115 3.913 2.12 1.135 0.986 3.009 0.715 3.321 3.273 1.859 3.518 2.188 2.742 3.24 1.352 1.253 3.473 2.885 3.574 0.0 2.024 3.283 2.411 3.762 3.502 1.088 2.503 2.298 1.026 2.152 3.285 1.203 3.963 2.862 2.763 1.699 1.69 1.385 2.417 1.765 1.63 2.44 1.897 1.237 2.225 1.829 2.91 0.296 0.919 0.989 2.622 2.744 2.697 3.063 1.491
0.639 2.304 1.501 2.059 1.964 2.12 1.637 2.414 2.085 2.035 1.579 2.388 1.411 1.181 1.989 2.559 2.074 2.149 1.942 1.639 1.599 1.099 2.086 0.801 0.95 1.073 1.506 1.398 1.307 2.053 3.008 1.691 1.766 1.36 1.391 1.828 2.138 1.713 1.213 2.328 2.024 0.0 1.578 0.395 1.967 1.617 2.155 1.244 1.436 1.047 0.595 1.571 1.866 2.08 1.252 1.616 1.841 1.251 0.934 1.917 2.97 0.868 0.68 1.407 1.759 0.926 1.909 0.886 1.751 2.199 1.037 1.541 1.102 0.699 1.055 3.043
1.814 3.657 2.965 2.981 3.197 2.422 3.083 3.497 2.455 1.574 2.25 3.964 2.987 1.856 2.937 4.133 0.619 3.432 2.584 3.158 3.144 1.032 2.494 2.27 2.168 2.32 2.569 2.821 1.021 0.893 3.487 2.243 3.287 0.657 2.038 2.422 3.688 0.207 2.224 1.021 3.283 1.578 0.0 1.281 2.479 0.471 3.683 0.884 2.895 2.498 1.157 2.364 2.553 2.361 0.425 0.905 2.187 2.823 2.497 1.654 3.498 2.445 0.918 1.65 2.437 1.071 3.481 1.249 2.987 3.046 2.376 2.884 0.542 1.037 0.963 3.788
0.968 2.699 1.895 2.395 2.348 2.324 1.814 2.782 1.836 2.046 1.388 2.726 1.755 1.418 2.329 2.903 1.834 2.538 2.218 2.024 1.864 0.706 1.846 0.99 1.312 1.446 1.465 1.793 0.913 1.891 3.276 1.47 2.006 1.217 1.177 2.088 2.507 1.389 1.13 2.14 2.411 0.395 1.281 0.0 1.75 1.252 2.534 1.171 1.622 1.442 0.611 1.422 2.149 1.81 1.028 1.521 2.042 1.56 1.305 1.97 3.248 1.202 0.502 1.546 2.036 0.925 2.215 0.518 2.133 2.524 1.423 1.649 0.886 0.31 0.66 3.363
2.6 3.904 3.059 3.98 3.731 4.066 1.8 4.244 0.215 3.733 0.398 3.219 2.526 3.139 3.905 3.407 3.091 3.848 3.909 3.027 2.201 1.467 0.17 1.648 2.862 2.953 0.871 3.05 1.461 3.339 4.974 0.28 2.169 2.786 0.578 3.795 3.281 2.436 0.88 3.5 3.762 1.967 2.479 1.75 0.0 2.104 3.398 2.83 1.754 2.745 2.358 0.488 3.832 0.335 2.496 3.122 3.784 2.23 2.383 3.689 4.935 2.145 2.176 3.296 3.726 2.652 2.634 1.353 3.54 4.133 2.859 1.458 2.406 1.699 1.549 4.976
1.999 3.845 3.094 3.285 3.422 2.824 2.951 3.772 2.055 2.035 1.924 3.976 3.007 2.164 3.235 4.154 1.014 3.644 2.935 3.253 3.08 0.755 2.099 2.189 2.367 2.518 2.32 2.968 0.661 1.353 3.885 1.891 3.199 1.078 1.726 2.777 3.754 0.345 1.987 1.441 3.502 1.617 0.471 1.252 2.104 0.0 3.771 1.274 2.777 2.627 1.352 2.059 2.895 1.95 0.781 1.361 2.575 2.805 2.549 2.1 3.888 2.453 1.062 2.025 2.777 1.374 3.454 1.03 3.208 3.369 2.546 2.712 0.83 0.951 0.718 4.144
1.915 0.824 0.758 1.837 1.161 2.765 1.723 1.584 3.597 3.46 3.041 0.678 0.881 2.226 1.779 0.707 4.078 1.02 2.272 0.524 1.262 3.202 3.565 1.828 1.63 1.502 2.546 0.935 3.407 3.912 2.945 3.206 1.396 3.278 2.979 2.319 0.186 3.841 2.548 4.215 1.088 2.155 3.683 2.534 3.398 3.771 0.0 3.069 1.685 1.199 2.538 2.912 2.194 3.666 3.298 3.399 2.628 1.174 1.231 3.246 2.851 1.383 2.766 2.658 2.194 2.736 0.924 2.937 1.187 1.999 1.381 2.02 3.156 2.844 3.176 2.537
1.158 2.906 2.317 2.12 2.41 1.551 2.88 2.656 2.87 0.903 2.507 3.464 2.515 1.013 2.083 3.613 1.037 2.656 1.702 2.554 2.811 1.424 2.894 2.043 1.455 1.599 2.636 2.151 1.536 0.854 2.613 2.558 2.992 0.245 2.287 1.54 3.11 1.091 2.3 1.152 2.503 1.244 0.884 1.171 2.83 1.274 3.069 0.0 2.68 1.873 0.65 2.568 1.675 2.81 0.493 0.373 1.307 2.428 2.002 0.886 2.62 2.035 0.676 0.767 1.561 0.345 3.065 1.477 2.211 2.174 1.695 2.772 0.481 1.133 1.336 2.904
1.77 2.315 1.548 2.762 2.302 3.26 0.201 2.839 1.963 3.433 1.438 1.47 0.874 2.365 2.684 1.659 3.456 2.34 2.915 1.412 0.447 2.048 1.924 0.641 1.809 1.814 0.884 1.617 2.214 3.481 3.904 1.603 0.453 2.789 1.439 2.862 1.549 2.981 0.988 3.746 2.298 1.436 2.895 1.622 1.754 2.777 1.685 2.68 0.0 1.442 2.03 1.285 2.825 2.051 2.643 3.052 3.012 0.608 1.021 3.287 3.836 0.81 2.083 2.716 2.754 2.356 0.881 1.758 2.16 2.939 1.662 0.338 2.497 1.863 2.065 3.718
0.716 1.26 0.469 1.327 0.987 1.891 1.605 1.5 2.908 2.348 2.349 1.625 0.784 1.122 1.249 1.758 2.879 1.131 1.493 0.681 1.283 2.144 2.894 1.121 0.484 0.414 2.029 0.351 2.353 2.721 2.462 2.496 1.498 2.079 2.216 1.462 1.238 2.665 1.873 3.023 1.026 1.047 2.498 1.442 2.745 2.627 1.199 1.873 1.442 0.0 1.344 2.275 1.403 2.939 2.104 2.212 1.676 0.881 0.424 2.151 2.395 0.661 1.589 1.546 1.345 1.538 1.347 1.916 0.796 1.501 0.251 1.728 1.965 1.744 2.102 2.305
