Number of customers: 100
Vehicle capacity     50
Alpha:               0.75
Number of scenarios: 50

Location coordinates:
0 0.0 0.0
1 -1.06412 -0.79907
2 -1.16033 -1.09421
3 -1.69681 1.0723
4 -0.58578 -1.68758
5 -0.39146 -0.58363
6 0.1065 1.60479
7 1.17144 0.49624
8 0.00406 -0.89359
9 -0.84984 -1.63256
10 -1.88097 0.8633
11 -0.93258 0.93052
12 1.07016 0.76298
13 -1.73879 1.05314
14 0.92955 -0.72593
15 -1.67178 -0.02108
16 -0.9156 0.80626
17 0.87713 1.45659
18 -1.34139 0.60467
19 -1.72215 0.75725
20 1.03376 -1.99246
21 -1.2637 -1.30537
22 -1.03644 -1.03436
23 -1.83098 1.20714
24 -0.25495 1.13051
25 0.97631 -0.9356
26 -1.01618 1.61266
27 -1.10297 -1.94984
28 -0.19232 -1.92373
29 1.19562 1.46533
30 0.43934 1.65842
31 1.60452 1.24877
32 0.15335 0.61123
33 0.20459 -0.28849
34 -0.00551 0.27518
35 -1.97146 -1.98246
36 1.06523 -1.47519
37 1.57474 1.16215
38 -1.6231 -1.14739
39 -1.5284 -0.86513
40 0.23516 1.52689
41 -1.41581 1.80754
42 1.76194 0.3746
43 0.28528 0.36389
44 -1.46308 1.62854
45 1.13117 -0.61026
46 1.27333 1.2436
47 0.52264 -0.60558
48 0.37773 -1.15636
49 -0.00714 -0.6758
50 0.92937 1.31234
51 -0.85104 -0.53307
52 -0.56681 -1.96974
53 -1.87922 0.44207
54 0.37068 -0.90612
55 -0.4593 -0.76062
56 0.10341 -1.68492
57 1.51032 1.55115
58 -1.10762 0.95426
59 1.00676 -1.79739
60 -0.30413 0.78843
61 -1.38532 0.80348
62 -1.15854 0.4252
63 -1.34302 1.26052
64 -0.80698 -1.59731
65 0.40135 0.80414
66 -0.21012 -0.84629
67 1.44145 -1.41322
68 0.80954 1.07607
69 -0.06207 1.20259
70 -0.32404 0.94715
71 1.77522 -1.24053
72 -1.75613 1.00958
73 -1.59483 -1.7566
74 0.27089 -1.49864
75 0.94172 -0.22882
76 -1.45162 -1.57712
77 -1.66712 -0.26771
78 1.0035 -1.1491
79 1.16268 0.33293
80 -0.1014 -0.47605
81 1.88613 1.2099
82 -1.35532 -1.7408
83 -1.2408 1.89137
84 -1.62019 -0.70072
85 1.9441 -0.92524
86 -1.94705 -1.46681
87 -1.13998 -0.13262
88 1.91075 0.16452
89 -0.54221 0.54856
90 -0.23514 -1.13118
91 1.08012 -0.07158
92 0.1523 -1.51734
93 1.20439 -1.03224
94 0.04001 -0.80898
95 0.92819 0.23139
96 0.50629 -1.59339
97 0.92265 -1.20935
98 -1.12939 -0.86331
99 0.15731 1.35408
100 -0.74109 -1.28461

Demand per scenario:
1 5 5 4 5 6 3 4 6 8 6 5 6 6 5 6 5 3 3 5 6 6 6 5 6 4 5 5 6 5 6 6 6 4 7 5 5 6 6 6 5 5 5 4 5 6 6 6 6 9 6
2 2 3 3 5 3 3 3 1 2 5 3 4 4 3 3 3 2 3 4 4 5 3 3 4 3 4 2 1 3 3 4 2 2 4 3 2 2 5 2 4 3 2 3 3 5 3 5 2 3 4
3 8 8 8 4 5 5 6 5 6 8 4 6 7 7 8 7 4 7 7 6 8 8 7 6 5 8 6 8 7 8 7 6 8 5 6 7 6 6 7 6 5 7 6 3 7 4 8 7 5 8
4 1 3 4 3 4 2 5 4 3 4 3 5 4 5 1 2 4 3 3 2 3 4 4 3 3 1 4 3 4 3 4 4 3 3 4 6 3 4 2 3 3 5 4 2 4 1 3 6 2 4
5 1 4 2 1 1 3 2 5 2 3 2 2 2 4 2 3 4 5 4 2 3 4 3 1 2 4 4 2 2 2 1 4 2 2 2 3 2 3 4 2 3 1 2 4 3 2 3 2 4 3
6 4 1 5 4 2 2 3 4 4 3 2 3 4 2 3 6 4 3 3 5 5 3 4 5 3 3 5 5 6 2 3 3 6 5 3 3 6 2 5 3 4 1 5 4 5 3 4 3 3 3
7 4 3 5 6 2 2 3 5 3 6 5 4 6 5 4 3 6 5 6 4 4 5 5 2 5 2 4 4 3 3 4 5 4 5 4 5 3 5 3 3 4 5 6 6 4 5 6 4 4 5
8 6 7 6 6 6 5 5 5 5 4 5 4 7 7 8 4 6 6 4 5 6 5 7 7 6 5 7 8 4 4 7 6 6 7 6 6 6 7 6 6 7 6 6 6 7 5 7 7 7 5
9 2 2 4 4 3 4 4 3 5 2 3 2 6 4 1 4 3 2 2 5 4 3 4 6 4 3 4 5 1 4 5 4 4 4 4 4 7 6 4 3 5 3 3 2 5 2 3 5 4 2
10 8 4 6 6 6 4 6 7 6 6 9 8 4 9 6 7 8 8 7 6 6 6 7 5 6 7 8 5 7 8 5 7 5 7 6 8 7 8 8 10 8 5 7 7 5 9 6 8 6 6
11 1 3 2 3 2 3 2 3 5 6 2 3 4 3 5 3 3 1 5 5 4 5 2 3 2 4 3 2 3 2 5 3 3 3 2 3 3 2 3 3 1 3 2 3 3 3 4 3 3 4
12 7 4 4 5 5 3 2 5 3 4 5 6 7 7 6 5 5 6 5 4 5 5 6 4 3 7 4 5 5 4 7 7 8 4 7 5 5 4 4 6 5 5 4 5 6 8 6 5 5 6
13 3 5 5 4 6 6 5 3 7 6 3 4 5 4 5 5 4 5 6 4 4 5 6 6 7 5 6 5 6 4 4 6 4 5 4 4 7 5 5 3 4 3 4 6 5 8 4 6 4 8
14 3 8 6 4 4 6 4 4 5 5 6 6 3 6 5 4 6 7 5 5 3 5 4 5 4 5 7 3 5 5 6 4 4 7 5 6 5 3 4 5 2 6 4 5 7 4 6 5 5 6
15 5 7 6 4 6 5 6 6 5 7 6 4 5 7 6 7 4 5 5 3 7 7 6 4 6 6 5 4 7 7 5 7 5 5 5 5 6 6 6 8 5 7 6 5 7 5 7 6 7 6
16 3 5 6 4 4 3 3 4 3 5 3 4 5 4 4 2 5 3 5 4 4 4 4 5 5 4 3 2 3 3 4 3 3 4 4 3 3 5 4 3 3 4 2 3 4 3 3 4 4 2
17 7 9 6 8 8 9 8 6 7 7 7 7 9 6 5 7 8 5 6 5 6 7 5 8 7 8 5 7 7 8 7 6 8 8 3 7 4 7 9 8 6 7 7 7 6 5 8 6 6 8
18 3 5 5 4 2 5 2 6 4 2 3 2 2 4 3 5 5 1 5 1 3 1 2 3 3 2 3 2 4 2 3 3 1 3 4 4 3 2 4 3 3 2 3 3 5 2 3 2 5 5
19 6 8 3 8 7 7 5 8 4 7 6 6 6 5 5 6 6 6 6 7 6 6 7 6 7 8 7 5 7 4 7 5 6 5 8 7 6 5 7 7 7 6 5 6 6 3 4 6 6 8
20 4 1 3 3 2 3 4 3 4 4 4 1 1 1 3 4 5 3 2 1 3 3 4 2 4 4 1 4 4 3 3 1 3 2 4 3 5 3 3 5 3 2 3 3 4 4 1 3 3 2
21 9 6 8 8 5 8 6 7 8 5 4 6 7 6 7 7 8 7 7 5 8 6 7 9 9 7 7 7 5 7 5 6 6 6 6 8 8 7 8 8 7 7 7 6 7 8 7 8 6 8
22 6 7 7 6 9 8 7 6 10 6 8 6 8 7 9 9 8 8 7 9 6 8 9 7 7 8 8 6 8 8 7 8 7 7 9 7 8 8 7 7 7 7 7 6 10 9 8 8 7 8
23 4 6 6 5 4 8 6 5 4 6 7 6 4 6 5 1 7 5 5 3 2 8 4 3 2 5 4 6 2 7 5 4 4 5 5 5 5 5 6 5 5 5 6 7 4 5 6 4 5 3
24 5 4 4 5 4 4 7 5 7 6 4 2 2 6 4 5 5 4 7 4 3 4 7 4 3 6 1 5 5 6 5 5 5 7 6 4 5 7 5 4 6 5 4 4 5 5 4 5 7 6
25 6 5 6 4 5 3 6 6 4 4 5 4 5 5 6 5 6 5 2 5 7 6 7 6 6 6 4 7 4 5 5 6 6 7 3 6 5 5 7 5 5 6 8 4 6 5 5 6 7 3
26 7 4 6 4 4 4 4 2 3 3 3 3 1 3 5 4 2 2 3 3 3 2 4 4 1 4 5 4 4 4 1 1 4 2 5 2 6 3 2 2 4 6 5 5 3 3 1 4 4 4
27 3 2 4 3 2 3 4 2 1 3 2 5 4 2 2 3 2 1 3 2 5 5 2 3 5 4 2 3 2 4 4 2 1 3 2 4 2 2 4 2 2 5 4 3 3 2 3 2 1 4
28 1 4 3 3 2 3 2 2 3 3 3 4 3 2 4 4 3 2 4 4 3 2 4 2 3 2 3 5 3 4 1 1 2 2 3 4 7 3 3 2 2 3 4 5 4 2 3 4 1 3
29 6 7 7 6 4 6 7 8 4 4 5 5 8 7 8 3 6 4 7 7 6 4 4 4 6 6 5 6 6 6 6 4 7 5 6 7 7 7 7 7 5 5 8 4 2 5 6 7 5 6
30 6 5 5 6 5 4 4 7 4 3 4 4 6 5 2 5 6 2 5 5 5 6 4 5 3 4 6 7 5 4 6 4 6 4 7 6 6 8 5 4 5 5 4 5 5 5 7 5 6 4
31 7 7 7 8 6 7 6 6 5 6 8 5 8 5 7 10 8 8 6 8 6 7 7 7 7 7 5 7 6 5 6 6 6 7 7 6 8 7 5 5 7 5 8 6 7 6 4 5 8 6
32 5 4 6 4 4 3 4 4 4 6 5 5 6 8 6 4 6 6 4 5 8 3 4 7 6 4 5 4 6 6 5 3 4 5 5 5 6 7 7 6 6 6 5 6 5 6 6 4 6 5
33 5 5 5 5 5 8 6 7 6 6 7 6 6 7 3 5 5 6 5 4 4 5 6 5 6 7 7 3 7 7 3 7 6 7 5 5 2 6 6 6 4 5 7 5 5 5 4 6 7 7
34 4 5 5 6 7 5 7 4 3 4 6 4 4 4 4 5 3 6 5 6 5 4 7 4 3 5 4 4 5 6 5 5 6 7 6 6 6 4 5 6 5 7 8 4 5 4 4 6 5 6
35 8 6 7 6 5 5 6 5 6 3 6 4 4 8 5 5 3 4 4 3 3 3 6 5 3 4 2 3 7 3 6 3 4 4 5 4 3 5 5 5 4 5 4 6 7 6 6 4 4 5
36 6 5 7 6 8 4 7 6 2 5 6 6 8 5 5 5 7 7 7 8 5 4 6 6 6 7 6 3 6 6 4 8 6 6 5 7 6 5 6 7 5 7 5 8 6 7 7 7 6 5
37 3 4 5 4 5 4 5 4 6 6 3 3 2 1 2 4 7 4 2 4 2 4 4 5 6 5 5 4 1 4 5 5 5 4 5 5 2 7 3 5 6 4 5 2 5 4 4 4 4 3
38 4 5 4 4 2 3 6 3 4 3 3 3 3 3 3 4 5 3 3 5 3 3 5 2 3 4 3 1 4 2 2 1 2 1 1 2 4 3 3 3 2 3 4 4 2 2 3 1 2 1
39 4 3 5 4 7 5 5 3 4 5 6 7 5 5 6 3 5 5 5 7 4 6 7 4 5 6 6 7 6 5 7 6 4 7 3 7 6 5 5 5 4 4 5 6 6 5 3 6 5 4
40 4 5 6 7 5 5 6 4 6 5 5 5 6 8 7 4 6 5 5 7 7 4 5 6 8 6 3 8 5 6 4 8 4 6 4 7 3 5 5 3 4 5 5 5 6 7 4 5 4 6
41 4 4 5 2 3 5 3 6 3 5 4 4 6 6 5 4 3 3 6 6 4 7 5 5 5 4 4 5 3 6 5 3 5 3 6 3 4 4 3 5 5 4 4 3 6 4 1 3 4 6
42 4 4 4 4 6 3 5 3 4 3 6 4 4 5 3 3 5 6 6 4 5 5 4 6 5 5 3 4 5 4 4 5 4 4 3 3 4 4 5 4 3 4 7 6 4 5 4 3 5 3
43 4 5 5 6 5 5 5 4 5 4 6 3 4 4 5 5 5 5 7 6 3 5 5 7 4 4 6 5 6 5 4 6 5 7 4 4 5 5 6 4 6 7 7 5 5 5 5 5 5 5
44 5 2 6 4 5 5 5 5 5 7 5 5 5 5 6 6 6 4 3 5 3 3 5 5 7 4 4 3 5 4 7 6 4 6 7 5 6 3 4 6 5 5 4 6 4 4 5 6 5 3
45 3 3 3 2 5 5 3 3 3 6 4 3 4 2 4 1 5 2 4 4 2 5 3 5 5 2 5 1 2 5 2 3 3 5 1 2 2 5 3 1 2 4 4 4 1 5 4 4 2 5
46 3 4 4 2 3 4 2 3 4 2 3 2 4 3 3 5 1 3 2 3 4 4 5 4 4 4 5 4 3 1 5 2 4 3 3 2 3 3 4 5 3 3 3 3 4 3 4 5 2 4
47 7 8 5 7 7 6 6 7 8 7 8 7 8 4 7 7 8 6 7 8 6 8 8 8 6 6 7 7 8 7 7 5 7 7 5 7 5 6 7 6 8 5 8 6 6 7 9 7 6 8
48 6 3 3 6 5 4 4 5 5 3 7 5 4 6 5 4 5 6 7 6 5 5 6 6 6 5 3 3 5 5 6 5 6 5 4 5 3 6 4 4 5 5 5 4 7 5 5 5 4 4
49 6 4 4 5 5 4 6 4 4 5 4 5 4 3 4 5 2 4 6 4 5 2 1 4 4 5 6 6 5 4 6 3 7 6 3 4 3 5 5 3 6 5 7 6 4 4 4 4 2 4
50 6 8 6 8 6 6 6 5 5 4 7 6 7 7 5 7 4 5 5 5 6 5 6 4 5 6 6 6 5 6 5 5 6 7 6 6 6 5 5 5 7 7 7 5 7 6 5 6 6 6
51 4 6 5 5 6 3 6 6 5 4 6 4 6 6 6 6 5 6 5 3 6 5 5 8 4 3 4 6 6 4 6 6 8 6 6 4 3 6 6 7 5 7 4 4 6 4 4 4 5 7
52 9 6 4 8 8 6 6 7 6 7 5 7 5 5 8 5 6 5 8 6 6 7 7 6 7 5 5 7 7 6 7 8 6 7 5 7 9 6 10 7 7 6 4 6 8 7 7 5 9 6
53 7 6 6 8 7 4 6 6 6 4 8 6 6 4 6 3 6 5 6 6 4 7 3 5 5 6 5 4 7 4 5 6 6 5 4 5 6 4 5 7 7 7 4 4 7 6 6 5 8 6
54 6 6 8 7 8 8 6 7 6 6 5 6 6 7 6 5 9 6 7 4 6 5 3 6 6 5 3 5 6 7 8 6 4 6 6 6 6 5 5 6 5 7 5 5 8 7 5 5 6 6
55 4 8 4 5 5 6 5 4 6 4 5 6 6 6 7 7 5 5 4 6 7 6 4 5 5 5 4 5 6 7 6 6 6 6 5 5 6 5 4 5 5 5 6 4 7 4 6 5 6 6
56 5 5 7 4 4 4 4 5 5 6 6 5 5 5 5 6 6 5 5 7 5 5 4 3 6 5 5 5 5 3 5 4 4 5 5 6 4 4 2 5 7 4 5 6 5 5 5 5 3 6
57 5 3 5 3 2 3 3 4 4 2 4 4 5 7 3 2 4 4 5 8 2 6 3 6 2 3 5 2 4 3 5 5 5 4 4 4 1 4 4 6 5 4 2 6 6 5 1 3 3 1
58 7 7 7 8 8 7 8 7 8 7 6 7 9 8 4 5 6 7 6 8 6 6 7 7 2 6 8 7 7 10 6 9 9 6 7 5 9 9 7 8 5 6 9 6 6 10 10 9 9 7
59 3 7 7 5 5 5 6 6 5 5 8 7 4 6 6 6 6 6 6 7 5 5 6 4 7 6 5 5 5 2 5 6 5 5 5 4 5 7 5 6 5 6 2 5 5 6 5 4 5 6
60 5 5 5 8 2 7 5 4 6 5 6 5 6 6 5 5 5 4 7 6 4 3 8 6 6 4 5 5 6 5 8 5 6 8 5 3 5 6 4 3 6 5 5 6 4 6 4 8 7 5
61 6 4 5 4 6 3 4 2 3 2 3 3 4 4 3 6 4 4 4 4 5 5 6 7 3 2 3 4 4 5 6 3 3 3 5 4 3 5 3 6 5 5 4 5 6 5 4 4 5 5
62 5 3 4 5 6 5 5 5 4 5 4 6 2 6 5 3 5 6 5 7 5 5 5 4 5 3 4 6 5 4 5 5 6 4 4 5 7 5 5 6 5 7 5 5 6 5 6 4 5 6
63 6 3 2 1 5 3 4 4 3 3 6 4 3 4 3 4 6 5 4 3 3 6 3 6 4 3 4 4 4 5 5 2 4 5 3 2 3 4 7 7 2 1 6 5 3 4 6 3 5 1
64 4 6 4 7 6 6 7 5 6 5 7 10 7 6 6 7 7 6 7 7 6 8 7 8 6 8 8 7 8 7 8 6 8 6 9 7 7 8 6 10 9 7 7 7 7 5 6 7 8 5
65 5 6 6 3 5 3 5 4 4 2 5 3 3 5 4 6 3 4 6 4 4 2 5 6 6 4 4 4 5 5 3 5 5 4 5 5 5 4 5 2 5 5 5 5 4 3 3 5 5 3
66 3 3 1 2 3 3 2 4 3 2 3 3 2 4 3 2 1 3 2 2 2 2 3 4 2 1 4 3 3 2 1 3 1 1 2 2 4 3 4 1 3 3 2 4 3 3 4 3 2 3
67 7 6 5 6 7 5 4 4 4 7 5 4 5 7 5 5 5 5 5 5 5 5 4 4 6 5 5 7 6 6 5 4 4 6 5 3 7 5 5 5 3 6 5 6 5 2 5 8 6 6
68 5 5 6 4 5 4 5 4 6 6 4 4 3 4 4 7 6 7 7 4 5 2 4 5 2 5 7 3 4 6 6 5 5 4 4 6 7 7 7 6 5 4 6 4 5 6 6 5 6 5
69 8 6 5 6 6 6 5 6 8 5 7 7 6 6 8 7 5 6 7 5 5 5 7 2 8 7 6 8 6 7 9 6 6 5 10 5 7 8 6 6 7 5 7 6 5 7 7 7 5 6
70 7 9 8 7 8 6 9 8 9 6 8 8 9 7 7 8 10 9 8 6 7 8 9 7 7 6 7 7 10 8 8 7 6 7 9 8 5 5 6 8 9 8 7 9 7 6 6 8 8 9
71 6 5 6 5 4 5 6 6 6 5 4 3 4 5 5 6 6 6 6 6 3 5 4 5 4 5 6 4 6 6 5 5 6 5 7 7 8 6 4 7 4 6 7 6 7 6 7 5 6 5
72 2 5 4 2 4 2 3 4 2 3 2 5 4 5 3 2 3 1 5 4 3 5 3 2 6 5 5 5 3 4 4 5 1 5 4 2 3 3 2 3 2 3 3 2 2 5 3 3 3 4
73 4 4 5 3 6 5 6 7 6 4 5 5 4 7 3 6 4 5 5 4 4 5 4 3 5 3 4 6 4 3 4 6 3 5 6 5 4 6 7 3 4 3 7 1 5 4 4 6 5 3
74 4 3 8 6 6 7 4 4 6 7 6 5 6 5 5 5 7 6 6 5 5 4 7 6 7 7 7 5 7 8 8 5 6 5 7 5 5 5 6 7 7 6 5 7 7 4 7 7 5 7
75 3 6 2 2 4 5 4 2 2 4 3 2 4 6 3 2 4 5 2 4 3 1 3 3 4 6 3 4 4 1 4 1 2 4 3 4 4 3 3 3 5 4 5 4 4 3 5 5 2 3
76 5 8 7 5 7 7 7 8 6 5 7 3 4 7 5 5 7 7 6 7 5 3 4 7 4 5 5 6 4 5 5 3 6 6 7 7 5 8 8 5 7 5 7 5 4 7 7 6 4 6
77 7 9 4 6 5 4 7 7 8 7 6 7 6 6 6 6 6 6 7 6 8 7 5 7 5 8 9 8 6 4 6 5 7 7 5 6 5 7 6 7 5 8 6 6 6 5 7 5 6 7
78 3 5 7 6 7 5 6 5 4 4 5 7 5 6 5 4 4 5 4 6 5 7 6 5 5 7 6 6 8 7 4 3 6 4 7 6 4 6 8 5 5 7 7 4 4 4 6 6 5 4
79 4 3 4 4 3 4 4 5 4 5 1 1 3 4 4 2 2 3 4 5 3 2 3 4 3 6 5 2 3 4 3 2 2 1 5 2 2 3 2 5 2 3 4 6 7 2 2 3 4 4
80 6 7 7 7 4 6 6 6 5 6 7 6 4 5 7 4 5 4 5 8 4 5 6 7 6 5 5 5 6 6 6 5 4 6 4 6 6 6 5 6 6 5 4 5 6 5 5 5 5 6
81 6 5 4 4 6 6 4 4 4 5 4 4 4 4 5 5 5 6 5 4 5 4 6 5 5 3 4 5 4 4 2 5 6 4 4 4 5 3 5 5 7 5 4 4 4 4 6 3 6 4
82 3 2 1 3 4 3 4 3 4 4 3 4 4 5 2 5 4 4 3 5 2 6 2 5 4 2 3 3 4 4 4 4 2 5 2 6 3 3 5 3 4 3 3 3 5 4 3 1 4 5
83 4 6 6 4 4 4 5 5 6 6 3 5 3 5 6 5 6 5 5 5 7 7 4 5 6 8 5 5 6 6 6 5 5 4 7 5 8 5 6 7 5 6 6 6 4 6 3 6 4 6
84 6 4 4 7 5 4 6 4 7 7 5 6 7 4 6 6 7 4 4 5 7 4 5 6 5 6 6 7 5 3 6 5 7 5 5 6 4 5 5 4 6 4 6 3 7 6 5 5 6 5
85 7 4 6 5 5 5 6 3 4 4 7 4 4 5 2 6 2 4 6 7 4 5 4 7 4 6 6 5 6 6 6 6 5 4 5 7 3 6 7 3 6 5 6 4 5 4 5 5 4 8
86 3 6 5 3 5 4 6 3 4 3 4 4 4 3 5 6 4 3 6 5 2 4 5 5 4 4 3 4 2 3 6 5 6 4 3 4 3 4 4 5 5 3 3 4 2 4 4 5 3 5
87 2 3 2 4 3 3 3 3 3 6 3 5 4 4 5 5 4 3 6 3 4 3 5 3 5 2 4 2 4 3 3 4 5 4 3 4 5 5 5 4 5 4 4 4 4 3 5 5 3 2
88 5 4 3 5 4 3 4 6 5 3 3 4 4 4 4 2 5 4 4 4 2 2 5 5 4 3 8 1 3 5 2 4 3 6 3 5 5 2 3 5 3 5 3 4 5 3 2 3 5 5
89 6 7 6 5 6 6 6 4 4 4 7 6 4 4 6 4 6 4 4 4 6 6 5 4 3 5 4 5 6 5 5 5 7 4 4 4 6 6 4 8 6 5 3 6 3 6 4 6 6 4
90 5 5 4 4 4 3 5 7 4 5 4 5 5 6 4 5 3 4 6 3 3 6 3 7 4 3 3 4 4 4 4 4 5 6 6 2 5 3 4 3 3 3 4 7 5 4 2 2 1 6
91 4 4 6 6 4 5 6 6 5 2 6 5 6 6 6 6 8 4 6 5 6 5 7 3 3 6 5 6 6 5 5 2 5 5 4 6 6 5 4 6 3 4 6 6 5 5 5 4 3 7
92 8 7 9 8 9 7 7 7 7 8 8 8 7 6 9 6 7 6 9 7 8 7 5 6 8 6 7 8 8 10 8 8 7 9 9 5 5 8 6 10 6 5 7 6 6 7 10 10 6 8
93 6 4 4 5 5 6 7 4 5 6 3 5 3 5 4 3 5 4 6 4 4 5 5 6 7 5 5 3 5 4 3 3 4 2 4 4 4 6 5 4 7 4 4 4 3 4 1 1 5 2
94 5 4 5 3 5 6 5 5 6 4 6 6 3 4 4 2 5 6 4 4 4 3 3 3 3 3 5 5 4 5 7 6 4 6 5 6 2 5 7 4 6 5 7 3 4 6 6 6 6 6
95 8 6 7 8 7 7 7 8 7 7 9 8 7 7 7 6 8 6 8 9 8 10 10 7 8 7 6 6 7 8 7 8 8 8 9 9 7 5 8 8 7 6 5 9 6 8 5 7 8 8
96 5 7 6 6 8 7 3 7 6 5 8 6 7 5 7 4 4 4 7 4 8 7 6 6 7 7 7 6 5 6 5 6 8 6 4 6 6 4 6 8 8 8 6 6 6 6 3 6 8 7
97 3 7 6 5 7 7 5 4 4 5 6 7 6 6 5 4 5 6 3 8 7 5 3 6 7 4 5 6 4 7 5 7 4 5 5 4 6 5 7 6 6 7 8 7 7 4 4 4 7 5
98 4 4 6 4 4 6 7 5 5 5 4 5 5 7 3 6 4 5 7 5 6 5 5 4 3 5 3 6 6 4 6 4 3 5 4 5 5 7 5 5 6 3 4 4 5 5 4 5 4 5
99 5 5 5 2 6 5 3 6 5 6 5 5 3 5 6 2 3 2 6 5 5 6 5 4 4 4 6 1 4 4 4 2 5 4 3 5 5 3 3 5 3 2 5 2 6 6 5 7 3 3
100 7 6 3 7 8 6 9 6 6 6 7 4 7 8 9 7 7 8 5 9 10 7 9 7 5 7 8 8 9 7 8 7 5 7 7 9 6 7 7 6 8 7 9 7 6 8 8 9 6 7

Probability of each scenario occurring:
0.02 0.02 0.02 0.02 0.02 0.02 0.02 0.02 0.02 0.02 0.02 0.02 0.02 0.02 0.02 0.02 0.02 0.02 0.02 0.02 0.02 0.02 0.02 0.02 0.02 0.02 0.02 0.02 0.02 0.02 0.02 0.02 0.02 0.02 0.02 0.02 0.02 0.02 0.02 0.02 0.02 0.02 0.02 0.02 0.02 0.02 0.02 0.02 0.02 0.02

Travel costs:
0.0 1.331 1.595 2.007 1.786 0.703 1.608 1.272 0.894 1.841 2.07 1.317 1.314 2.033 1.179 1.672 1.22 1.7 1.471 1.881 2.245 1.817 1.464 2.193 1.159 1.352 1.906 2.24 1.933 1.891 1.716 2.033 0.63 0.354 0.275 2.796 1.82 1.957 1.988 1.756 1.545 2.296 1.801 0.462 2.189 1.285 1.78 0.8 1.216 0.676 1.608 1.004 2.05 1.931 0.979 0.889 1.688 2.165 1.462 2.06 0.845 1.601 1.234 1.842 1.79 0.899 0.872 2.019 1.347 1.204 1.001 2.166 2.026 2.373 1.523 0.969 2.143 1.688 1.526 1.209 0.487 2.241 2.206 2.262 1.765 2.153 2.438 1.148 1.918 0.771 1.155 1.082 1.525 1.586 0.81 0.957 1.672 1.521 1.422 1.363 1.483
1.331 0.0 0.31 1.975 1.009 0.706 2.674 2.584 1.072 0.861 1.852 1.735 2.645 1.971 1.995 0.987 1.612 2.976 1.431 1.69 2.414 0.544 0.237 2.148 2.092 2.045 2.412 1.151 1.423 3.199 2.881 3.364 1.863 1.368 1.508 1.491 2.234 3.288 0.659 0.469 2.664 2.63 3.06 1.781 2.46 2.203 3.104 1.599 1.485 1.064 2.904 0.341 1.272 1.485 1.439 0.606 1.466 3.486 1.754 2.299 1.76 1.634 1.228 2.078 0.839 2.172 0.855 2.58 2.651 2.238 1.897 2.873 1.937 1.095 1.507 2.085 0.869 0.804 2.097 2.498 1.015 3.569 0.986 2.696 0.565 3.011 1.107 0.671 3.127 1.445 0.893 2.264 1.413 2.28 1.104 2.243 1.76 2.029 0.092 2.475 0.583
1.595 0.31 0.0 2.232 0.826 0.923 2.982 2.823 1.182 0.621 2.086 2.037 2.902 2.224 2.122 1.189 1.916 3.265 1.709 1.935 2.371 0.235 0.138 2.397 2.402 2.143 2.711 0.858 1.275 3.479 3.184 3.624 2.153 1.585 1.791 1.203 2.258 3.546 0.466 0.434 2.969 2.913 3.271 2.053 2.74 2.342 3.375 1.752 1.539 1.227 3.187 0.641 1.058 1.696 1.543 0.776 1.395 3.759 2.049 2.278 2.068 1.911 1.519 2.362 0.615 2.458 0.982 2.621 2.931 2.546 2.206 2.939 2.187 0.792 1.487 2.273 0.564 0.97 2.165 2.726 1.226 3.82 0.675 2.987 0.605 3.109 0.87 0.962 3.319 1.755 0.926 2.463 1.379 2.366 1.234 2.474 1.74 2.086 0.233 2.78 0.46
2.007 1.975 2.232 0.0 2.975 2.109 1.88 2.926 2.6 2.834 0.279 0.777 2.784 0.046 3.183 1.094 0.825 2.602 0.587 0.316 4.105 2.417 2.208 0.19 1.443 3.343 0.869 3.08 3.353 2.919 2.215 3.306 1.907 2.338 1.87 3.067 3.757 3.273 2.221 1.945 1.985 0.787 3.528 2.105 0.603 3.291 2.975 2.782 3.045 2.431 2.637 1.815 3.245 0.656 2.862 2.212 3.293 3.243 0.601 3.943 1.421 0.411 0.842 0.401 2.814 2.115 2.427 4.003 2.506 1.64 1.378 4.172 0.086 2.831 3.238 2.942 2.661 1.34 3.497 2.954 2.223 3.586 2.834 0.937 1.775 4.153 2.551 1.327 3.72 1.268 2.644 3.003 3.182 3.584 2.56 2.756 3.458 3.474 2.017 1.875 2.543
1.786 1.009 0.826 2.975 0.0 1.121 3.364 2.803 0.989 0.27 2.861 2.641 2.958 2.973 1.795 1.989 2.516 3.468 2.414 2.696 1.648 0.778 0.794 3.151 2.837 1.734 3.328 0.58 0.459 3.621 3.5 3.663 2.415 1.607 2.047 1.417 1.665 3.576 1.17 1.251 3.318 3.592 3.125 2.229 3.43 2.027 3.471 1.549 1.1 1.166 3.361 1.185 0.283 2.492 1.235 0.936 0.689 3.858 2.693 1.596 2.492 2.616 2.189 3.044 0.239 2.68 0.921 2.046 3.096 2.937 2.648 2.403 2.94 1.011 0.877 2.112 0.873 1.785 1.678 2.672 1.305 3.809 0.771 3.638 1.43 2.642 1.379 1.651 3.109 2.237 0.658 2.321 0.757 1.906 1.079 2.444 1.096 1.582 0.987 3.131 0.432
0.703 0.706 0.923 2.109 1.121 0.0 2.244 1.9 0.503 1.145 2.077 1.608 1.987 2.12 1.329 1.398 1.485 2.402 1.521 1.889 2.004 1.132 0.787 2.298 1.72 1.412 2.283 1.54 1.355 2.592 2.391 2.71 1.313 0.665 0.942 2.11 1.708 2.629 1.355 1.171 2.202 2.601 2.357 1.164 2.458 1.523 2.472 0.914 0.959 0.395 2.311 0.462 1.397 1.807 0.828 0.19 1.207 2.859 1.696 1.852 1.375 1.706 1.267 2.075 1.096 1.598 0.319 2.012 2.049 1.816 1.532 2.264 2.098 1.68 1.13 1.38 1.453 1.314 1.505 1.804 0.309 2.899 1.506 2.617 1.234 2.36 1.789 0.874 2.421 1.142 0.569 1.558 1.08 1.658 0.487 1.551 1.351 1.455 0.789 2.014 0.783
1.608 2.674 2.982 1.88 3.364 2.244 0.0 1.537 2.5 3.376 2.121 1.239 1.28 1.926 2.472 2.41 1.297 0.785 1.76 2.016 3.715 3.217 2.876 1.978 0.596 2.685 1.123 3.755 3.541 1.098 0.337 1.54 0.995 1.896 1.334 4.146 3.226 1.534 3.251 2.962 0.15 1.536 2.062 1.254 1.57 2.441 1.221 2.249 2.774 2.283 0.873 2.343 3.637 2.301 2.525 2.432 3.29 1.405 1.377 3.519 0.914 1.693 1.73 1.49 3.33 0.853 2.471 3.3 0.88 0.436 0.786 3.299 1.955 3.767 3.108 2.015 3.543 2.579 2.896 1.653 2.091 1.823 3.651 1.377 2.88 3.127 3.695 2.138 2.309 1.24 2.757 1.939 3.122 2.856 2.415 1.6 3.223 2.93 2.76 0.256 3.011
1.272 2.584 2.823 2.926 2.803 1.9 1.537 0.0 1.815 2.936 3.074 2.148 0.285 2.963 1.246 2.89 2.11 1.004 2.515 2.905 2.492 3.029 2.687 3.085 1.561 1.445 2.456 3.34 2.778 0.969 1.374 0.868 1.025 1.245 1.198 4.003 1.974 0.779 3.242 3.024 1.392 2.901 0.603 0.896 2.868 1.107 0.754 1.279 1.833 1.662 0.851 2.269 3.017 3.051 1.615 2.059 2.429 1.108 2.325 2.3 1.504 2.575 2.331 2.628 2.88 0.829 1.926 1.928 0.684 1.421 1.562 1.839 2.972 3.568 2.189 0.761 3.344 2.94 1.654 0.164 1.602 1.01 3.375 2.787 3.037 1.618 3.685 2.395 0.81 1.714 2.151 0.575 2.257 1.529 1.727 0.36 2.193 1.724 2.672 1.328 2.613
0.894 1.072 1.182 2.6 0.989 0.503 2.5 1.815 0.0 1.129 2.577 2.051 1.97 2.613 0.941 1.889 1.933 2.507 2.014 2.389 1.506 1.333 1.05 2.789 2.041 0.973 2.706 1.53 1.049 2.643 2.589 2.674 1.512 0.637 1.169 2.256 1.21 2.587 1.647 1.533 2.431 3.052 2.168 1.289 2.918 1.162 2.486 0.593 0.457 0.218 2.392 0.928 1.218 2.309 0.367 0.482 0.798 2.872 2.156 1.35 1.71 2.193 1.758 2.541 1.074 1.744 0.219 1.528 2.128 2.097 1.87 1.805 2.592 1.817 0.661 1.149 1.608 1.785 1.032 1.687 0.431 2.823 1.602 3.051 1.636 1.94 2.034 1.374 2.181 1.542 0.337 1.354 0.641 1.208 0.092 1.456 0.861 0.971 1.134 2.253 0.842
1.841 0.861 0.621 2.834 0.27 1.145 3.376 2.936 1.129 0.0 2.7 2.564 3.07 2.829 1.997 1.809 2.44 3.539 2.291 2.544 1.918 0.528 0.627 3.004 2.826 1.955 3.249 0.406 0.719 3.712 3.534 3.785 2.458 1.708 2.086 1.175 1.922 3.7 0.913 1.024 3.341 3.486 3.294 2.297 3.318 2.229 3.575 1.714 1.317 1.275 3.441 1.099 0.44 2.316 1.42 0.955 0.955 3.963 2.6 1.864 2.482 2.494 2.081 2.935 0.055 2.739 1.014 2.302 3.177 2.943 2.633 2.654 2.793 0.755 1.129 2.276 0.604 1.591 1.915 2.813 1.378 3.945 0.517 3.546 1.209 2.882 1.11 1.528 3.294 2.203 0.793 2.482 1.009 2.14 1.212 2.576 1.357 1.822 0.818 3.152 0.365
2.07 1.852 2.086 0.279 2.861 2.077 2.121 3.074 2.577 2.7 0.0 0.951 2.953 0.237 3.229 0.909 0.967 2.821 0.598 0.191 4.081 2.255 2.077 0.347 1.648 3.376 1.144 2.919 3.259 3.135 2.453 3.507 2.05 2.382 1.966 2.847 3.761 3.469 2.027 1.764 2.218 1.053 3.676 2.223 0.872 3.353 3.177 2.817 3.03 2.425 2.846 1.735 3.123 0.421 2.864 2.158 3.23 3.46 0.779 3.927 1.579 0.499 0.845 0.669 2.685 2.283 2.39 4.028 2.699 1.85 1.559 4.218 0.192 2.635 3.195 3.027 2.478 1.151 3.517 3.09 2.227 3.783 2.657 1.211 1.586 4.223 2.331 1.241 3.856 1.375 2.586 3.105 3.131 3.621 2.547 2.879 3.426 3.487 1.883 2.097 2.432
1.317 1.735 2.037 0.777 2.641 1.608 1.239 2.148 2.051 2.564 0.951 0.0 2.01 0.815 2.492 1.205 0.125 1.885 0.523 0.808 3.523 2.26 1.968 0.94 0.707 2.67 0.687 2.885 2.949 2.194 1.553 2.557 1.132 1.667 1.135 3.093 3.127 2.518 2.19 1.892 1.311 1.001 2.751 1.343 0.877 2.575 2.228 2.116 2.464 1.854 1.901 1.466 2.923 1.065 2.252 1.756 2.813 2.521 0.177 3.347 0.644 0.47 0.554 0.527 2.531 1.34 1.918 3.336 1.748 0.912 0.609 3.471 0.827 2.768 2.711 2.204 2.561 1.405 2.841 2.179 1.634 2.833 2.705 1.009 1.77 3.423 2.603 1.083 2.945 0.546 2.176 2.248 2.677 2.902 1.993 1.988 2.905 2.832 1.805 1.169 2.223
1.314 2.645 2.902 2.784 2.958 1.987 1.28 0.285 1.97 3.07 2.953 2.01 0.0 2.824 1.496 2.852 1.986 0.72 2.417 2.792 2.756 3.118 2.769 2.935 1.375 1.701 2.253 3.476 2.969 0.713 1.095 0.722 0.929 1.362 1.181 4.097 2.238 0.643 3.302 3.066 1.132 2.697 0.793 0.881 2.677 1.375 0.522 1.474 2.04 1.797 0.567 2.317 3.186 2.967 1.81 2.159 2.632 0.903 2.186 2.561 1.375 2.456 2.254 2.464 3.016 0.67 2.056 2.208 0.407 1.215 1.406 2.124 2.837 3.667 2.399 1.0 3.44 2.925 1.913 0.44 1.705 0.93 3.486 2.572 3.063 1.901 3.752 2.385 1.032 1.627 2.3 0.835 2.458 1.8 1.879 0.55 2.423 1.978 2.735 1.088 2.734
2.033 1.971 2.224 0.046 2.973 2.12 1.926 2.963 2.613 2.829 0.237 0.815 2.824 0.0 3.207 1.076 0.859 2.647 0.599 0.296 4.119 2.406 2.202 0.179 1.486 3.366 0.914 3.07 3.355 2.963 2.261 3.349 1.943 2.361 1.9 3.044 3.776 3.315 2.204 1.93 2.03 0.821 3.566 2.138 0.638 3.317 3.018 2.805 3.06 2.447 2.681 1.818 3.242 0.627 2.879 2.22 3.3 3.287 0.639 3.958 1.459 0.433 0.855 0.447 2.809 2.155 2.438 4.025 2.548 1.683 1.419 4.196 0.047 2.813 3.248 2.971 2.646 1.323 3.517 2.99 2.24 3.628 2.82 0.975 1.758 4.181 2.529 1.328 3.756 1.299 2.652 3.035 3.191 3.607 2.575 2.791 3.471 3.493 2.011 1.92 2.542
1.179 1.995 2.122 3.183 1.795 1.329 2.472 1.246 0.941 1.997 3.229 2.492 1.496 3.207 0.0 2.695 2.398 2.183 2.632 3.038 1.271 2.268 1.99 3.37 2.202 0.215 3.042 2.373 1.641 2.207 2.434 2.087 1.546 0.847 1.37 3.161 0.761 1.995 2.587 2.462 2.357 3.452 1.38 1.266 3.357 0.232 1.999 0.424 0.7 0.938 2.038 1.791 1.946 3.042 0.587 1.389 1.266 2.35 2.641 1.074 1.953 2.774 2.384 3.018 1.943 1.619 1.146 0.857 1.806 2.169 2.091 0.99 3.198 2.727 1.015 0.497 2.529 2.637 0.43 1.084 1.061 2.159 2.5 3.4 2.55 1.034 2.97 2.153 1.325 1.947 1.233 0.671 1.109 0.412 0.893 0.957 0.965 0.483 2.064 2.219 1.762
1.672 0.987 1.189 1.094 1.989 1.398 2.41 2.89 1.889 1.809 0.909 1.205 2.852 1.076 2.695 0.0 1.121 2.946 0.708 0.78 3.348 1.348 1.196 1.239 1.826 2.802 1.76 2.011 2.41 3.23 2.698 3.514 1.932 1.895 1.692 1.984 3.099 3.455 1.127 0.856 2.456 1.846 3.456 1.995 1.663 2.864 3.205 2.271 2.343 1.789 2.923 0.967 2.24 0.507 2.226 1.42 2.433 3.549 1.127 3.214 1.589 0.873 0.68 1.323 1.798 2.231 1.679 3.41 2.713 2.022 1.659 3.656 1.034 1.737 2.441 2.622 1.572 0.247 2.903 2.856 1.635 3.765 1.749 1.96 0.682 3.727 1.472 0.543 3.587 1.265 1.816 2.752 2.359 3.049 1.884 2.612 2.686 2.854 1.002 2.288 1.569
1.22 1.612 1.916 0.825 2.516 1.485 1.297 2.11 1.933 2.44 0.967 0.125 1.986 0.859 2.398 1.121 0.0 1.907 0.471 0.808 3.411 2.14 1.845 0.999 0.736 2.572 0.813 2.762 2.824 2.212 1.601 2.559 1.087 1.566 1.054 2.982 3.021 2.516 2.078 1.78 1.358 1.119 2.712 1.28 0.988 2.489 2.232 2.015 2.35 1.738 1.913 1.341 2.798 1.03 2.142 1.632 2.692 2.538 0.242 3.236 0.612 0.47 0.452 0.624 2.406 1.317 1.797 3.238 1.746 0.941 0.608 3.381 0.865 2.651 2.592 2.126 2.443 1.311 2.74 2.131 1.519 2.831 2.585 1.133 1.664 3.343 2.496 0.965 2.898 0.454 2.053 2.18 2.557 2.806 1.877 1.931 2.789 2.728 1.683 1.205 2.098
1.7 2.976 3.265 2.602 3.468 2.402 0.785 1.004 2.507 3.539 2.821 1.885 0.72 2.647 2.183 2.946 1.907 0.0 2.376 2.692 3.453 3.494 3.141 2.72 1.178 2.394 1.9 3.94 3.545 0.319 0.482 0.756 1.113 1.87 1.475 4.466 2.938 0.757 3.61 3.343 0.646 2.32 1.398 1.243 2.347 2.082 0.45 2.092 2.66 2.308 0.153 2.635 3.718 2.937 2.416 2.589 3.235 0.64 2.047 3.257 1.357 2.355 2.282 2.229 3.487 0.807 2.547 2.925 0.386 0.973 1.305 2.843 2.671 4.054 3.017 1.687 3.824 3.074 2.609 1.159 2.166 1.039 3.9 2.162 3.3 2.61 4.065 2.568 1.655 1.685 2.817 1.542 3.061 2.51 2.415 1.226 3.072 2.666 3.067 0.727 3.183
1.471 1.431 1.709 0.587 2.414 1.521 1.76 2.515 2.014 2.291 0.598 0.523 2.417 0.599 2.632 0.708 0.471 2.376 0.0 0.41 3.519 1.912 1.667 0.776 1.207 2.783 1.059 2.566 2.777 2.679 2.069 3.015 1.495 1.785 1.376 2.663 3.181 2.969 1.775 1.482 1.826 1.205 3.112 1.644 1.031 2.755 2.692 2.222 2.461 1.849 2.378 1.239 2.688 0.562 2.283 1.625 2.707 3.005 0.421 3.359 1.053 0.204 0.256 0.656 2.266 1.754 1.84 3.437 2.202 1.412 1.073 3.622 0.58 2.375 2.65 2.43 2.185 0.931 2.928 2.519 1.645 3.284 2.346 1.291 1.335 3.624 2.158 0.764 3.282 0.801 2.058 2.514 2.595 3.027 1.977 2.3 2.871 2.901 1.483 1.676 1.982
1.881 1.69 1.935 0.316 2.696 1.889 2.016 2.905 2.389 2.544 0.191 0.808 2.792 0.296 3.038 0.78 0.808 2.692 0.41 0.0 3.893 2.113 1.918 0.463 1.514 3.186 1.109 2.777 3.087 3.002 2.342 3.363 1.881 2.192 1.783 2.751 3.571 3.322 1.907 1.634 2.103 1.094 3.505 2.046 0.909 3.164 3.035 2.626 2.841 2.235 2.709 1.557 2.962 0.352 2.673 1.975 3.049 3.329 0.645 3.738 1.418 0.34 0.654 0.63 2.526 2.124 2.204 3.837 2.552 1.719 1.411 4.028 0.255 2.517 3.01 2.841 2.35 1.026 3.326 2.916 2.037 3.637 2.525 1.232 1.462 4.034 2.235 1.063 3.681 1.198 2.404 2.922 2.947 3.43 2.358 2.702 3.239 3.296 1.726 1.972 2.265
2.245 2.414 2.371 4.105 1.648 2.004 3.715 2.492 1.506 1.918 4.081 3.523 2.756 4.119 1.271 3.348 3.411 3.453 3.519 3.893 0.0 2.398 2.281 4.295 3.378 1.058 4.147 2.137 1.228 3.462 3.699 3.291 2.749 1.895 2.494 3.005 0.518 3.201 2.788 2.799 3.609 4.521 2.477 2.472 4.398 1.386 3.245 1.478 1.063 1.678 3.306 2.384 1.601 3.796 1.273 1.936 0.98 3.576 3.643 0.197 3.086 3.697 3.264 4.029 1.883 2.867 1.691 0.708 3.077 3.378 3.238 1.056 4.098 2.639 0.909 1.766 2.52 3.205 0.844 2.329 1.894 3.314 2.402 4.501 2.952 1.403 3.027 2.861 2.328 2.99 1.534 1.921 1.001 0.975 1.545 2.226 0.661 0.791 2.44 3.459 1.911
1.817 0.544 0.235 2.417 0.778 1.132 3.217 3.029 1.333 0.528 2.255 2.26 3.118 2.406 2.268 1.348 2.14 3.494 1.912 2.113 2.398 0.0 0.354 2.576 2.636 2.27 2.929 0.664 1.237 3.705 3.418 3.841 2.384 1.786 2.02 0.979 2.335 3.761 0.393 0.514 3.204 3.117 3.461 2.277 2.941 2.494 3.596 1.919 1.648 1.405 3.415 0.876 0.963 1.853 1.682 0.971 1.419 3.982 2.265 2.323 2.303 2.112 1.734 2.567 0.542 2.687 1.149 2.707 3.157 2.781 2.441 3.04 2.367 0.56 1.547 2.454 0.33 1.113 2.273 2.928 1.428 4.031 0.445 3.197 0.702 3.23 0.702 1.179 3.498 1.989 1.043 2.649 1.432 2.483 1.395 2.677 1.793 2.188 0.462 3.015 0.523
1.464 0.237 0.138 2.208 0.794 0.787 2.876 2.687 1.05 0.627 2.077 1.968 2.769 2.202 1.99 1.196 1.845 3.141 1.667 1.918 2.281 0.354 0.0 2.378 2.302 2.015 2.647 0.918 1.226 3.351 3.071 3.491 2.031 1.448 1.667 1.332 2.147 3.412 0.597 0.52 2.86 2.867 3.133 1.924 2.697 2.209 3.244 1.617 1.419 1.09 3.061 0.534 1.047 1.7 1.413 0.639 1.312 3.629 1.99 2.181 1.964 1.871 1.465 2.315 0.608 2.334 0.847 2.507 2.804 2.44 2.106 2.819 2.167 0.913 1.387 2.136 0.683 0.993 2.043 2.59 1.089 3.685 0.775 2.933 0.672 2.983 1.008 0.908 3.182 1.658 0.807 2.325 1.283 2.241 1.1 2.337 1.641 1.967 0.195 2.67 0.387
2.193 2.148 2.397 0.19 3.151 2.298 1.978 3.085 2.789 3.004 0.347 0.94 2.935 0.179 3.37 1.239 0.999 2.72 0.776 0.463 4.295 2.576 2.378 0.0 1.578 3.532 0.91 3.24 3.534 3.038 2.315 3.436 2.072 2.526 2.05 3.193 3.948 3.406 2.364 2.094 2.091 0.73 3.688 2.278 0.559 3.475 3.105 2.971 3.235 2.621 2.762 1.997 3.419 0.767 3.052 2.399 3.479 3.359 0.766 4.133 1.583 0.601 1.031 0.491 2.986 2.268 2.616 4.192 2.644 1.769 1.529 4.358 0.211 2.973 3.426 3.122 2.81 1.484 3.686 3.119 2.413 3.717 2.986 0.904 1.919 4.336 2.676 1.507 3.884 1.447 2.831 3.18 3.37 3.772 2.751 2.927 3.648 3.664 2.186 1.994 2.72
1.159 2.092 2.402 1.443 2.837 1.72 0.596 1.561 2.041 2.826 1.648 0.707 1.375 1.486 2.202 1.826 0.736 1.178 1.207 1.514 3.378 2.636 2.302 1.578 0.0 2.405 0.901 3.195 3.055 1.489 0.872 1.863 0.661 1.492 0.891 3.555 2.921 1.83 2.657 2.367 0.63 1.344 2.154 0.938 1.307 2.225 1.532 1.902 2.373 1.823 1.198 1.767 3.116 1.764 2.131 1.902 2.838 1.815 0.871 3.188 0.346 1.177 1.146 1.096 2.783 0.733 1.977 3.058 1.066 0.206 0.196 3.121 1.506 3.183 2.681 1.811 2.96 1.987 2.604 1.627 1.614 2.143 3.075 1.245 2.284 3.01 3.1 1.542 2.371 0.649 2.262 1.797 2.679 2.609 1.962 1.486 2.828 2.619 2.177 0.469 2.464
1.352 2.045 2.143 3.343 1.734 1.412 2.685 1.445 0.973 1.955 3.376 2.67 1.701 3.366 0.215 2.802 2.572 2.394 2.783 3.186 1.058 2.27 2.015 3.532 2.405 0.0 3.235 2.313 1.53 2.411 2.649 2.273 1.752 1.007 1.559 3.128 0.547 2.181 2.608 2.506 2.572 3.64 1.528 1.472 3.539 0.36 2.199 0.561 0.638 1.017 2.248 1.871 1.858 3.17 0.606 1.446 1.15 2.543 2.813 0.862 2.148 2.933 2.532 3.194 1.902 1.832 1.19 0.667 2.019 2.377 2.288 0.855 3.354 2.699 0.903 0.708 2.511 2.727 0.215 1.282 1.172 2.33 2.467 3.593 2.607 0.968 2.971 2.264 1.443 2.123 1.227 0.87 1.009 0.248 0.945 1.168 0.808 0.279 2.107 2.432 1.753
1.906 2.412 2.711 0.869 3.328 2.283 1.123 2.456 2.706 3.249 1.144 0.687 2.253 0.914 3.042 1.76 0.813 1.9 1.059 1.109 4.147 2.929 2.647 0.91 0.901 3.235 0.0 3.564 3.631 2.217 1.456 2.646 1.54 2.259 1.676 3.72 3.724 2.63 2.826 2.53 1.254 0.445 3.041 1.804 0.447 3.091 2.319 2.7 3.1 2.501 1.969 2.152 3.61 1.454 2.875 2.438 3.482 2.527 0.665 3.965 1.089 0.889 1.196 0.48 3.217 1.632 2.588 3.898 1.903 1.038 0.96 3.992 0.955 3.419 3.367 2.688 3.219 1.99 3.421 2.527 2.28 2.93 3.371 0.358 2.391 3.899 3.217 1.75 3.266 1.165 2.853 2.689 3.341 3.453 2.642 2.385 3.549 3.424 2.479 1.202 2.91
2.24 1.151 0.858 3.08 0.58 1.54 3.755 3.34 1.53 0.406 2.919 2.885 3.476 3.07 2.373 2.011 2.762 3.94 2.566 2.777 2.137 0.664 0.918 3.24 3.195 2.313 3.564 0.0 0.911 4.117 3.924 4.191 2.853 2.114 2.481 0.869 2.22 4.105 0.956 1.165 3.725 3.77 3.689 2.698 3.596 2.605 3.981 2.109 1.68 1.68 3.843 1.439 0.537 2.515 1.806 1.352 1.235 4.369 2.904 2.115 2.852 2.768 2.376 3.219 0.46 3.138 1.42 2.6 3.58 3.32 3.0 2.964 3.031 0.528 1.446 2.673 0.51 1.774 2.254 3.216 1.782 4.35 0.328 3.844 1.352 3.215 0.973 1.818 3.681 2.561 1.193 2.88 1.328 2.483 1.615 2.98 1.648 2.157 1.087 3.536 0.757
1.933 1.423 1.275 3.353 0.459 1.355 3.541 2.778 1.049 0.719 3.259 2.949 2.969 3.355 1.641 2.41 2.824 3.545 2.777 3.087 1.228 1.237 1.226 3.534 3.055 1.53 3.631 0.911 0.0 3.662 3.637 3.646 2.558 1.683 2.207 1.78 1.335 3.556 1.628 1.705 3.477 3.927 3.017 2.337 3.773 1.865 3.49 1.5 0.956 1.262 3.425 1.539 0.377 2.906 1.163 1.193 0.38 3.87 3.02 1.206 2.714 2.977 2.54 3.386 0.696 2.792 1.078 1.712 3.163 3.129 2.874 2.083 3.324 1.412 0.629 2.039 1.306 2.218 1.425 2.632 1.451 3.76 1.177 3.957 1.88 2.358 1.813 2.026 2.964 2.497 0.794 2.247 0.533 1.657 1.139 2.429 0.773 1.324 1.415 3.296 0.842
1.891 3.199 3.479 2.919 3.621 2.592 1.098 0.969 2.643 3.712 3.135 2.194 0.713 2.963 2.207 3.23 2.212 0.319 2.679 3.002 3.462 3.705 3.351 3.038 1.489 2.411 2.217 4.117 3.662 0.0 0.781 0.463 1.348 2.014 1.691 4.682 2.943 0.485 3.843 3.585 0.962 2.634 1.229 1.429 2.664 2.077 0.235 2.178 2.746 2.456 0.307 2.86 3.861 3.241 2.511 2.774 3.334 0.326 2.359 3.268 1.645 2.664 2.574 2.547 3.659 1.033 2.705 2.889 0.548 1.285 1.606 2.767 2.987 4.262 3.105 1.713 4.033 3.346 2.621 1.133 2.335 0.736 4.097 2.473 3.553 2.505 4.298 2.83 1.484 1.965 2.965 1.541 3.16 2.498 2.551 1.263 3.135 2.689 3.291 1.044 3.363
1.716 2.881 3.184 2.215 3.5 2.391 0.337 1.374 2.589 3.534 2.453 1.553 1.095 2.261 2.434 2.698 1.601 0.482 2.069 2.342 3.699 3.418 3.071 2.315 0.872 2.649 1.456 3.924 3.637 0.781 0.0 1.235 1.086 1.961 1.453 4.367 3.196 1.239 3.482 3.2 0.243 1.861 1.843 1.304 1.903 2.372 0.931 2.266 2.815 2.377 0.6 2.543 3.765 2.618 2.565 2.581 3.36 1.076 1.7 3.502 1.144 2.015 2.018 1.826 3.486 0.855 2.588 3.231 0.69 0.678 1.043 3.192 2.289 3.975 3.162 1.953 3.748 2.854 2.864 1.51 2.202 1.515 3.844 1.696 3.132 2.99 3.932 2.388 2.097 1.482 2.87 1.845 3.189 2.797 2.5 1.508 3.253 2.908 2.97 0.415 3.171
2.033 3.364 3.624 3.306 3.663 2.71 1.54 0.868 2.674 3.785 3.507 2.557 0.722 3.349 2.087 3.514 2.559 0.756 3.015 3.363 3.291 3.841 3.491 3.436 1.863 2.273 2.646 4.191 3.646 0.463 1.235 0.0 1.585 2.079 1.882 4.82 2.777 0.092 4.02 3.779 1.397 3.072 0.888 1.589 3.091 1.918 0.331 2.147 2.7 2.51 0.678 3.034 3.882 3.576 2.483 2.88 3.295 0.317 2.728 3.104 1.963 3.023 2.883 2.948 3.73 1.283 2.772 2.667 0.814 1.667 1.952 2.495 3.369 4.39 3.054 1.619 4.162 3.606 2.472 1.017 2.426 0.284 4.207 2.917 3.768 2.2 4.471 3.073 1.127 2.258 3.008 1.421 3.124 2.316 2.585 1.222 3.047 2.551 3.455 1.451 3.453
0.63 1.863 2.153 1.907 2.415 1.313 0.995 1.025 1.512 2.458 2.05 1.132 0.929 1.943 1.546 1.932 1.087 1.113 1.495 1.881 2.749 2.384 2.031 2.072 0.661 1.752 1.54 2.853 2.558 1.348 1.086 1.585 0.0 0.901 0.372 3.353 2.277 1.524 2.5 2.238 0.919 1.973 1.626 0.28 1.91 1.565 1.286 1.272 1.782 1.297 1.046 1.523 2.68 2.04 1.533 1.502 2.297 1.651 1.307 2.555 0.491 1.551 1.325 1.631 2.408 0.314 1.502 2.399 0.804 0.629 0.584 2.462 1.951 2.943 2.113 1.152 2.714 2.022 1.955 1.047 1.117 1.833 2.794 1.893 2.206 2.36 2.955 1.492 1.813 0.698 1.785 1.151 2.129 1.951 1.425 0.863 2.233 1.976 1.954 0.743 2.096
0.354 1.368 1.585 2.338 1.607 0.665 1.896 1.245 0.637 1.708 2.382 1.667 1.362 2.361 0.847 1.895 1.566 1.87 1.785 2.192 1.895 1.786 1.448 2.526 1.492 1.007 2.259 2.114 1.683 2.014 1.961 2.079 0.901 0.0 0.602 2.758 1.466 1.995 2.019 1.826 1.816 2.649 1.693 0.657 2.541 0.981 1.868 0.449 0.885 0.441 1.757 1.084 1.85 2.208 0.64 0.815 1.4 2.256 1.807 1.709 1.191 1.929 1.539 2.19 1.654 1.11 0.695 1.672 1.493 1.515 1.344 1.837 2.351 2.322 1.212 0.74 2.098 1.872 1.174 1.142 0.359 2.252 2.131 2.616 1.871 1.852 2.453 1.354 1.765 1.122 0.951 0.902 1.23 1.246 0.546 0.891 1.339 1.168 1.453 1.643 1.374
0.275 1.508 1.791 1.87 2.047 0.942 1.334 1.198 1.169 2.086 1.966 1.135 1.181 1.9 1.37 1.692 1.054 1.475 1.376 1.783 2.494 2.02 1.667 2.05 0.891 1.559 1.676 2.481 2.207 1.691 1.453 1.882 0.372 0.602 0.0 2.994 2.052 1.812 2.154 1.903 1.275 2.083 1.77 0.304 1.989 1.441 1.604 1.027 1.482 0.951 1.396 1.17 2.314 1.881 1.24 1.131 1.963 1.981 1.295 2.307 0.594 1.477 1.163 1.661 2.037 0.667 1.14 2.224 1.143 0.929 0.744 2.338 1.898 2.58 1.795 1.073 2.35 1.748 1.745 1.17 0.757 2.11 2.426 2.034 1.887 2.29 2.608 1.206 1.919 0.602 1.425 1.14 1.799 1.781 1.085 0.935 1.937 1.751 1.6 1.091 1.725
2.796 1.491 1.203 3.067 1.417 2.11 4.146 4.003 2.256 1.175 2.847 3.093 4.097 3.044 3.161 1.984 2.982 4.466 2.663 2.751 3.005 0.979 1.332 3.193 3.555 3.128 3.72 0.869 1.78 4.682 4.367 4.82 3.353 2.758 2.994 0.0 3.079 4.74 0.905 1.202 4.145 3.831 4.415 3.255 3.647 3.393 4.576 2.849 2.49 2.359 4.39 1.832 1.405 2.426 2.578 1.944 2.096 4.961 3.061 2.984 3.234 2.847 2.541 3.303 1.227 3.66 2.096 3.46 4.134 3.714 3.361 3.819 3.0 0.439 2.294 3.4 0.659 1.742 3.089 3.897 2.401 5.007 0.662 3.942 1.329 4.056 0.516 2.028 4.436 2.907 1.934 3.6 2.174 3.315 2.329 3.648 2.508 2.996 1.401 3.958 1.414
1.82 2.234 2.258 3.757 1.665 1.708 3.226 1.974 1.21 1.922 3.761 3.127 2.238 3.776 0.761 3.099 3.021 2.938 3.181 3.571 0.518 2.335 2.147 3.948 2.921 0.547 3.724 2.22 1.335 2.943 3.196 2.777 2.277 1.466 2.052 3.079 0.0 2.686 2.708 2.664 3.115 4.115 1.977 1.998 4.003 0.867 2.727 1.025 0.758 1.338 2.791 2.135 1.705 3.514 0.898 1.684 0.984 3.059 3.259 0.327 2.646 3.346 2.925 3.645 1.876 2.374 1.422 0.381 2.564 2.905 2.792 0.748 3.76 2.675 0.795 1.252 2.519 2.987 0.332 1.811 1.536 2.808 2.435 4.081 2.795 1.037 3.012 2.582 1.845 2.584 1.345 1.404 0.914 0.464 1.223 1.712 0.571 0.302 2.278 2.971 1.816
1.957 3.288 3.546 3.273 3.576 2.629 1.534 0.779 2.587 3.7 3.469 2.518 0.643 3.315 1.995 3.455 2.516 0.757 2.969 3.322 3.201 3.761 3.412 3.406 1.83 2.181 2.63 4.105 3.556 0.485 1.239 0.092 1.524 1.995 1.812 4.74 2.686 0.0 3.945 3.707 1.388 3.059 0.809 1.517 3.073 1.827 0.312 2.057 2.609 2.425 0.663 2.959 3.794 3.528 2.393 2.799 3.205 0.394 2.69 3.014 1.916 2.982 2.831 2.919 3.645 1.227 2.687 2.579 0.77 1.637 1.911 2.411 3.334 4.309 2.963 1.528 4.082 3.543 2.381 0.926 2.344 0.315 4.125 2.908 3.698 2.12 4.395 3.008 1.053 2.204 2.921 1.329 3.034 2.225 2.498 1.133 2.955 2.46 3.379 1.43 3.369
1.988 0.659 0.466 2.221 1.17 1.355 3.251 3.242 1.647 0.913 2.027 2.19 3.302 2.204 2.587 1.127 2.078 3.61 1.775 1.907 2.788 0.393 0.597 2.364 2.657 2.608 2.826 0.956 1.628 3.843 3.482 4.02 2.5 2.019 2.154 0.905 2.708 3.945 0.0 0.298 3.257 2.962 3.711 2.434 2.781 2.806 3.756 2.213 2.001 1.683 3.545 0.987 1.339 1.61 2.008 1.226 1.808 4.135 2.164 2.709 2.342 1.965 1.64 2.424 0.932 2.812 1.445 3.076 3.296 2.821 2.465 3.4 2.161 0.61 1.926 2.724 0.463 0.881 2.627 3.155 1.663 4.227 0.651 3.063 0.447 3.574 0.455 1.124 3.77 2.011 1.388 2.909 1.814 2.83 1.697 2.9 2.176 2.547 0.57 3.07 0.893
1.756 0.469 0.434 1.945 1.251 1.171 2.962 3.024 1.533 1.024 1.764 1.892 3.066 1.93 2.462 0.856 1.78 3.343 1.482 1.634 2.799 0.514 0.52 2.094 2.367 2.506 2.53 1.165 1.705 3.585 3.2 3.779 2.238 1.826 1.903 1.202 2.664 3.707 0.298 0.0 2.972 2.675 3.516 2.191 2.495 2.672 3.507 2.067 1.928 1.533 3.284 0.754 1.465 1.353 1.9 1.074 1.826 3.882 1.867 2.701 2.057 1.675 1.342 2.134 1.028 2.552 1.318 3.02 3.039 2.535 2.176 3.325 1.888 0.894 1.908 2.551 0.716 0.613 2.548 2.946 1.479 3.996 0.893 2.771 0.188 3.473 0.733 0.829 3.59 1.724 1.32 2.727 1.803 2.738 1.569 2.69 2.161 2.475 0.399 2.787 0.892
1.545 2.664 2.969 1.985 3.318 2.202 0.15 1.392 2.431 3.341 2.218 1.311 1.132 2.03 2.357 2.456 1.358 0.646 1.826 2.103 3.609 3.204 2.86 2.091 0.63 2.572 1.254 3.725 3.477 0.962 0.243 1.397 0.919 1.816 1.275 4.145 3.115 1.388 3.257 2.972 0.0 1.675 1.913 1.164 1.701 2.317 1.076 2.152 2.687 2.216 0.727 2.329 3.587 2.376 2.437 2.391 3.215 1.275 1.46 3.413 0.914 1.775 1.777 1.601 3.293 0.742 2.415 3.178 0.73 0.44 0.805 3.167 2.057 3.759 3.026 1.893 3.533 2.615 2.784 1.512 2.031 1.681 3.634 1.52 2.899 2.989 3.705 2.155 2.16 1.25 2.699 1.808 3.045 2.737 2.344 1.469 3.132 2.821 2.752 0.19 2.976
2.296 2.63 2.913 0.787 3.592 2.601 1.536 2.901 3.052 3.486 1.053 1.001 2.697 0.821 3.452 1.846 1.119 2.32 1.205 1.094 4.521 3.117 2.867 0.73 1.344 3.64 0.445 3.77 3.927 2.634 1.861 3.072 1.973 2.649 2.083 3.831 4.115 3.059 2.962 2.675 1.675 0.0 3.486 2.231 0.185 3.512 2.748 3.095 3.464 2.855 2.397 2.408 3.872 1.442 3.249 2.741 3.809 2.937 0.907 4.343 1.508 1.005 1.406 0.552 3.459 2.076 2.915 4.305 2.342 1.483 1.39 4.413 0.867 3.569 3.712 3.115 3.385 2.09 3.82 2.97 2.635 3.356 3.549 0.194 2.517 4.331 3.317 1.96 3.71 1.532 3.167 3.124 3.676 3.864 2.994 2.825 3.907 3.817 2.686 1.637 3.165
1.801 3.06 3.271 3.528 3.125 2.357 2.062 0.603 2.168 3.294 3.676 2.751 0.793 3.566 1.38 3.456 2.712 1.398 3.112 3.505 2.477 3.461 3.133 3.688 2.154 1.528 3.041 3.689 3.017 1.229 1.843 0.888 1.626 1.693 1.77 4.415 1.977 0.809 3.711 3.516 1.913 3.486 0.0 1.477 3.46 1.17 0.997 1.58 2.064 2.057 1.254 2.766 3.304 3.642 1.891 2.495 2.644 1.203 2.928 2.3 2.107 3.176 2.921 3.229 3.238 1.427 2.319 1.816 1.183 2.003 2.163 1.615 3.575 3.976 2.394 1.018 3.76 3.489 1.702 0.601 2.048 0.844 3.767 3.364 3.549 1.313 4.141 2.946 0.257 2.311 2.501 0.815 2.484 1.513 2.089 0.846 2.334 1.793 3.145 1.88 3.003
0.462 1.781 2.053 2.105 2.229 1.164 1.254 0.896 1.289 2.297 2.223 1.343 0.881 2.138 1.266 1.995 1.28 1.243 1.644 2.046 2.472 2.277 1.924 2.278 0.938 1.472 1.804 2.698 2.337 1.429 1.304 1.589 0.28 0.657 0.304 3.255 1.998 1.517 2.434 2.191 1.164 2.231 1.477 0.0 2.158 1.29 1.323 0.998 1.523 1.08 1.146 1.448 2.484 2.166 1.273 1.349 2.057 1.706 1.513 2.279 0.726 1.727 1.445 1.859 2.245 0.455 1.308 2.12 0.884 0.908 0.843 2.19 2.141 2.834 1.863 0.884 2.605 2.052 1.675 0.878 0.925 1.811 2.669 2.159 2.183 2.101 2.887 1.509 1.638 0.848 1.583 0.906 1.886 1.672 1.198 0.656 1.97 1.697 1.873 0.998 1.942
2.189 2.46 2.74 0.603 3.43 2.458 1.57 2.868 2.918 3.318 0.872 0.877 2.677 0.638 3.357 1.663 0.988 2.347 1.031 0.909 4.398 2.941 2.697 0.559 1.307 3.539 0.447 3.596 3.773 2.664 1.903 3.091 1.91 2.541 1.989 3.647 4.003 3.073 2.781 2.495 1.701 0.185 3.46 2.158 0.0 3.427 2.763 2.989 3.338 2.726 2.413 2.247 3.708 1.257 3.128 2.591 3.665 2.974 0.762 4.223 1.431 0.829 1.241 0.387 3.292 2.039 2.774 4.206 2.339 1.464 1.327 4.326 0.685 3.388 3.576 3.039 3.206 1.907 3.715 2.928 2.507 3.375 3.371 0.344 2.335 4.258 3.133 1.791 3.678 1.419 3.021 3.059 3.536 3.768 2.864 2.77 3.776 3.707 2.514 1.643 3.001
1.285 2.203 2.342 3.291 2.027 1.523 2.441 1.107 1.162 2.229 3.353 2.575 1.375 3.317 0.232 2.864 2.489 2.082 2.755 3.164 1.386 2.494 2.209 3.475 2.225 0.36 3.091 2.605 1.865 2.077 2.372 1.918 1.565 0.981 1.441 3.393 0.867 1.827 2.806 2.672 2.317 3.512 1.17 1.29 3.427 0.0 1.859 0.609 0.931 1.14 1.933 1.984 2.175 3.189 0.816 1.598 1.487 2.194 2.731 1.194 2.004 2.886 2.513 3.102 2.175 1.592 1.362 0.861 1.717 2.17 2.131 0.901 3.311 2.957 1.237 0.426 2.758 2.819 0.554 0.944 1.24 1.971 2.731 3.447 2.753 0.872 3.195 2.321 1.099 2.035 1.462 0.541 1.335 0.428 1.109 0.866 1.165 0.634 2.275 2.192 1.99
