Number of customers: 100
Vehicle capacity     50
Alpha:               0.75
Number of scenarios: 10

Location coordinates:
0 0.0 0.0
1 1.79792 -0.43953
2 0.71647 -1.64235
3 1.08184 -1.83221
4 0.82152 -0.89454
5 -1.98365 0.02508
6 0.09476 1.76631
7 -0.20803 -0.45604
8 -0.78641 -1.57226
9 -1.52355 0.52385
10 1.81173 0.8772
11 1.27531 1.66938
12 -0.96703 -0.56341
13 -0.9433 -0.15395
14 -0.4961 0.686
15 0.0515 -1.52913
16 -0.28867 1.42381
17 1.43553 -0.97263
18 -1.91351 1.48085
19 -1.68005 0.73624
20 1.8155 0.96524
21 1.13359 -1.8325
22 1.32897 -1.03801
23 0.11826 -1.52135
24 -1.27944 0.20396
25 0.60791 0.41659
26 -0.24878 0.5254
27 -1.24979 -1.88313
28 1.70126 -0.68213
29 -1.25152 -0.08548
30 1.38074 0.80711
31 0.78089 -0.29891
32 1.28454 -1.4108
33 -0.91233 0.81515
34 0.36156 -1.46529
35 1.51164 1.45408
36 -0.40069 -0.46156
37 0.1808 -0.60902
38 1.27356 0.01974
39 1.60045 0.85435
40 0.65278 0.20172
41 1.63983 1.44685
42 0.99425 -0.97351
43 -1.39832 1.6126
44 -0.93895 -0.06154
45 -0.79934 -0.39279
46 0.59624 0.1469
47 -1.82726 -0.47034
48 1.74592 -0.15326
49 -0.42032 0.73858
50 0.24842 -0.85343
51 -1.32207 1.23505
52 -1.39258 0.43072
53 0.39465 1.25775
54 -1.19058 1.59525
55 0.10661 1.46212
56 0.66205 0.25131
57 1.4516 1.00021
58 0.56831 -1.18988
59 1.38672 -1.73293
60 -1.28303 -0.27394
61 -0.46746 1.86372
62 -0.12876 1.04441
63 -1.72967 -0.73559
64 0.43614 -1.76915
65 -0.09118 -0.23631
66 1.60851 0.53772
67 0.82603 -0.46629
68 0.92794 -0.07988
69 0.13494 1.50058
70 1.71467 -1.61166
71 -0.54832 0.46352
72 -0.33728 0.44252
73 -1.40542 -0.68136
74 -0.76503 1.83027
75 1.59945 -0.70446
76 -0.45565 1.42669
77 -0.79616 -0.14086
78 -1.8165 -1.36122
79 -1.13814 0.8601
80 1.21212 0.77737
81 1.97093 -1.33346
82 -1.67056 -0.17524
83 0.08643 -1.49107
84 -1.86993 -0.29655
85 -0.70697 0.25868
86 -1.40739 0.90878
87 -1.7765 1.97004
88 -0.97508 -0.17916
89 -1.86737 1.31728
90 -1.11253 0.78022
91 -0.60425 1.99064
92 -0.56652 -1.01088
93 1.75047 -0.81628
94 1.14533 1.51708
95 0.18438 0.6361
96 0.18341 -1.58043
97 -1.95437 -0.16615
98 0.04077 -0.09907
99 -1.93634 -0.29803
100 -0.68535 1.96861

Demand per scenario:
1 4 3 4 4 1 3 5 4 4 3
2 2 5 5 4 2 3 3 4 3 3
3 8 6 7 7 7 7 4 5 6 6
4 6 3 3 2 3 3 2 3 4 2
5 4 3 5 6 3 4 6 6 4 4
6 6 5 3 8 8 2 6 7 4 6
7 4 5 4 9 4 4 5 3 4 5
8 5 7 6 7 8 7 4 4 6 6
9 3 3 3 3 3 4 3 5 3 5
10 5 5 4 6 4 4 4 2 6 4
11 8 9 9 7 9 8 8 9 6 9
12 5 5 5 4 4 4 4 5 5 5
13 7 7 4 7 6 7 6 5 6 6
14 5 7 3 3 5 5 4 3 7 3
15 4 1 2 4 1 2 3 3 3 1
16 5 5 5 4 4 4 7 8 3 6
17 7 7 7 3 5 5 5 6 4 5
18 6 4 8 5 8 6 4 7 3 6
19 8 7 6 5 5 8 8 8 5 5
20 5 5 4 7 6 6 5 5 5 6
21 5 4 5 7 5 5 5 6 5 3
22 6 5 4 4 7 4 7 5 3 6
23 6 3 5 6 7 5 5 5 6 4
24 7 5 6 4 5 5 4 3 5 6
25 5 8 6 7 8 5 7 8 5 3
26 4 4 4 6 3 6 7 6 2 4
27 6 4 6 7 9 8 5 5 7 8
28 3 5 4 4 5 4 6 5 5 4
29 11 6 7 7 7 8 8 6 8 8
30 9 8 4 6 4 6 7 9 6 5
31 8 5 7 6 7 5 5 6 6 6
32 6 4 4 3 5 2 4 4 4 3
33 8 3 5 6 6 6 6 4 8 7
34 3 2 1 3 4 3 2 5 1 4
35 5 4 4 6 4 6 5 6 6 8
36 6 6 6 5 5 7 5 5 5 5
37 4 3 5 5 5 6 5 5 4 5
38 6 5 6 4 3 4 6 4 6 5
39 5 3 1 6 3 7 5 4 4 3
40 4 4 4 2 6 8 5 5 3 6
41 2 3 2 4 5 2 5 5 4 3
42 5 6 4 9 5 6 7 8 6 5
43 7 4 6 7 3 7 5 5 4 8
44 5 7 7 7 6 7 6 7 6 6
45 4 5 2 3 3 3 2 3 3 2
46 2 1 4 2 3 4 1 3 1 1
47 5 8 7 6 6 6 6 8 8 4
48 5 4 3 4 5 3 5 3 3 4
49 3 5 5 6 5 4 5 5 4 4
50 7 5 4 6 6 5 6 3 5 4
51 2 2 2 3 5 6 6 5 4 3
52 6 6 5 6 7 5 6 7 4 7
53 5 4 6 4 6 4 5 4 5 6
54 7 9 6 6 7 7 7 4 5 7
55 7 4 4 6 3 2 6 6 5 3
56 7 6 4 4 6 7 7 5 9 5
57 5 2 2 3 5 5 2 3 4 5
58 5 3 4 5 3 3 4 4 4 5
59 1 1 2 5 4 5 5 3 3 3
60 4 5 4 6 5 3 6 5 6 7
61 8 5 8 7 5 6 5 6 7 7
62 6 5 4 5 5 7 5 5 4 4
63 10 6 6 8 7 7 8 6 8 6
64 4 8 5 5 5 2 5 6 4 3
65 8 6 6 5 5 7 6 7 5 7
66 5 3 5 7 6 4 5 5 4 4
67 6 6 4 7 4 4 8 4 6 5
68 4 7 5 5 6 7 4 5 6 5
69 7 8 7 5 8 7 6 4 7 9
70 7 7 5 9 8 6 5 7 7 8
71 6 6 5 2 3 5 3 7 3 5
72 8 11 9 9 8 8 10 9 6 6
73 2 3 2 2 3 5 5 2 2 4
74 7 5 7 6 5 4 4 6 4 4
75 5 5 4 3 3 2 2 5 5 3
76 8 7 5 6 5 6 5 8 6 8
77 6 6 6 5 4 3 4 5 3 7
78 6 3 4 4 3 5 4 2 3 4
79 6 7 7 10 5 5 8 5 6 7
80 4 2 4 3 3 4 3 4 5 2
81 3 6 5 6 4 4 5 5 3 6
82 5 6 7 6 8 5 6 6 7 5
83 5 5 5 4 5 6 5 5 7 3
84 6 5 6 7 7 6 7 7 7 6
85 3 3 3 4 3 3 4 3 2 4
86 2 2 2 3 2 4 2 1 2 3
87 5 2 4 6 7 4 5 2 6 6
88 6 7 8 6 7 4 8 6 6 6
89 3 4 4 4 5 4 4 3 5 3
90 1 1 3 1 2 1 3 4 2 3
91 3 3 5 5 5 7 6 3 5 5
92 2 2 3 2 3 6 2 3 2 5
93 8 5 5 6 9 8 4 6 5 6
94 4 5 3 3 4 5 4 2 5 3
95 6 4 3 3 5 5 6 2 4 3
96 6 6 6 6 8 5 5 5 9 6
97 3 1 1 1 2 1 2 3 2 3
98 7 5 8 6 5 4 5 5 4 5
99 4 4 6 6 6 3 7 5 4 6
100 6 5 7 7 4 4 5 9 7 6

Probability of each scenario occurring:
0.1 0.1 0.1 0.1 0.1 0.1 0.1 0.1 0.1 0.1

Travel costs:
0.0 1.851 1.792 2.128 1.215 1.984 1.769 0.501 1.758 1.611 2.013 2.101 1.119 0.956 0.847 1.53 1.453 1.734 2.42 1.834 2.056 2.155 1.686 1.526 1.296 0.737 0.581 2.26 1.833 1.254 1.599 0.836 1.908 1.223 1.509 2.097 0.611 0.635 1.274 1.814 0.683 2.187 1.391 2.134 0.941 0.891 0.614 1.887 1.753 0.85 0.889 1.809 1.458 1.318 1.991 1.466 0.708 1.763 1.319 2.219 1.312 1.921 1.052 1.88 1.822 0.253 1.696 0.949 0.931 1.507 2.353 0.718 0.556 1.562 1.984 1.748 1.498 0.809 2.27 1.427 1.44 2.38 1.68 1.494 1.893 0.753 1.675 2.653 0.991 2.285 1.359 2.08 1.159 1.931 1.901 0.662 1.591 1.961 0.107 1.959 2.084
1.851 0.0 1.618 1.566 1.077 3.81 2.787 2.006 2.822 3.458 1.317 2.173 2.768 2.756 2.555 2.058 2.797 0.645 4.179 3.671 1.405 1.543 0.76 1.998 3.144 1.466 2.263 3.372 0.261 3.07 1.315 1.027 1.099 2.987 1.765 1.915 2.199 1.626 0.697 1.309 1.312 1.893 0.965 3.798 2.763 2.598 1.337 3.625 0.291 2.512 1.604 3.541 3.307 2.202 3.615 2.545 1.329 1.481 1.44 1.357 3.085 3.231 2.432 3.54 1.903 1.9 0.995 0.972 0.941 2.555 1.175 2.514 2.31 3.212 3.424 0.331 2.926 2.611 3.73 3.211 1.351 0.911 3.479 2.009 3.671 2.6 3.477 4.311 2.785 4.065 3.156 3.417 2.432 0.38 2.063 1.939 1.977 3.762 1.79 3.737 3.459
1.792 1.618 0.0 0.412 0.755 3.173 3.465 1.504 1.505 3.116 2.747 3.359 2.0 2.229 2.625 0.675 3.227 0.983 4.083 3.377 2.83 0.458 0.86 0.61 2.719 2.062 2.373 1.981 1.375 2.509 2.538 1.345 0.613 2.948 0.397 3.197 1.626 1.164 1.753 2.649 1.845 3.224 0.724 3.882 2.289 1.964 1.793 2.801 1.81 2.638 0.917 3.526 2.957 2.918 3.758 3.164 1.894 2.743 0.476 0.676 2.423 3.701 2.817 2.609 0.308 1.621 2.356 1.181 1.577 3.196 0.999 2.457 2.336 2.329 3.775 1.288 3.285 2.131 2.549 3.115 2.47 1.292 2.802 0.648 2.916 2.375 3.319 4.389 2.237 3.929 3.035 3.866 1.43 1.323 3.188 2.34 0.537 3.052 1.685 2.974 3.874
2.128 1.566 0.412 0.0 0.973 3.584 3.731 1.886 1.886 3.513 2.806 3.507 2.41 2.63 2.972 1.074 3.533 0.93 4.466 3.772 2.892 0.052 0.832 1.012 3.118 2.298 2.707 2.332 1.306 2.915 2.656 1.563 0.468 3.314 0.808 3.314 2.019 1.519 1.862 2.736 2.079 3.326 0.863 4.245 2.687 2.369 2.038 3.212 1.806 2.977 1.286 3.897 3.353 3.165 4.112 3.436 2.125 2.856 0.822 0.321 2.832 4.008 3.121 3.018 0.649 1.981 2.428 1.39 1.759 3.465 0.67 2.816 2.681 2.741 4.102 1.241 3.603 2.527 2.936 3.49 2.613 1.019 3.213 1.052 3.327 2.752 3.703 4.757 2.639 4.315 3.412 4.178 1.842 1.216 3.35 2.626 0.933 3.463 2.022 3.386 4.192
1.215 1.077 0.755 0.973 0.0 2.952 2.758 1.119 1.745 2.741 2.03 2.604 1.819 1.914 2.058 0.998 2.57 0.619 3.623 2.986 2.109 0.989 0.527 0.942 2.371 1.328 1.778 2.295 0.905 2.225 1.791 0.597 0.693 2.435 0.733 2.448 1.297 0.701 1.02 1.915 1.109 2.48 0.19 3.349 1.948 1.697 1.066 2.683 1.185 2.052 0.575 3.022 2.58 2.194 3.201 2.463 1.157 1.997 0.389 1.011 2.194 3.045 2.159 2.556 0.956 1.125 1.634 0.428 0.822 2.492 1.145 1.929 1.769 2.237 3.153 0.801 2.649 1.785 2.679 2.63 1.717 1.23 2.594 0.947 2.757 1.915 2.867 3.867 1.934 3.482 2.558 3.218 1.393 0.932 2.433 1.658 0.937 2.87 1.115 2.822 3.235
1.984 3.81 3.173 3.584 2.952 0.0 2.711 1.84 1.996 0.679 3.89 3.65 1.175 1.056 1.628 2.561 2.198 3.562 1.457 0.773 3.914 3.629 3.479 2.609 0.727 2.621 1.806 2.044 3.752 0.74 3.454 2.783 3.57 1.331 2.779 3.776 1.656 2.255 3.257 3.679 2.642 3.892 3.141 1.692 1.048 1.256 2.583 0.52 3.734 1.718 2.399 1.379 0.717 2.679 1.759 2.537 2.655 3.571 2.826 3.801 0.762 2.383 2.117 0.802 3.012 1.91 3.629 2.852 2.913 2.582 4.044 1.501 1.698 0.913 2.178 3.657 2.073 1.199 1.396 1.188 3.283 4.181 0.372 2.566 0.341 1.298 1.055 1.956 1.029 1.297 1.153 2.401 1.755 3.828 3.466 2.252 2.697 0.193 2.028 0.327 2.337
1.769 2.787 3.465 3.731 2.758 2.711 0.0 2.243 3.453 2.04 1.934 1.185 2.56 2.183 1.231 3.296 0.514 3.05 2.028 2.052 1.898 3.746 3.064 3.288 2.081 1.444 1.288 3.889 2.928 2.289 1.604 2.176 3.393 1.385 3.243 1.451 2.282 2.377 2.107 1.76 1.661 1.578 2.884 1.501 2.1 2.337 1.695 2.949 2.532 1.15 2.624 1.513 1.999 0.59 1.297 0.304 1.618 1.558 2.994 3.73 2.462 0.571 0.756 3.096 3.552 2.011 1.95 2.349 2.025 0.269 3.746 1.453 1.393 2.871 0.862 2.893 0.647 2.105 3.665 1.53 1.492 3.623 2.624 3.257 2.849 1.708 1.73 1.882 2.22 2.013 1.559 0.734 2.855 3.068 1.08 1.134 3.348 2.817 1.866 2.896 0.806
0.501 2.006 1.504 1.886 1.119 1.84 2.243 0.0 1.257 1.64 2.42 2.592 0.767 0.795 1.178 1.104 1.882 1.723 2.581 1.894 2.473 1.922 1.643 1.114 1.258 1.195 0.982 1.767 1.923 1.107 2.03 1.001 1.772 1.453 1.159 2.57 0.193 0.418 1.556 2.233 1.083 2.652 1.309 2.387 0.831 0.595 1.005 1.619 1.977 1.213 0.605 2.025 1.48 1.817 2.274 1.944 1.121 2.208 1.068 2.043 1.09 2.334 1.503 1.547 1.463 0.249 2.071 1.034 1.197 1.986 2.243 0.981 0.908 1.218 2.353 1.824 1.899 0.667 1.846 1.612 1.881 2.349 1.489 1.076 1.67 0.872 1.817 2.889 0.815 2.429 1.532 2.479 0.661 1.991 2.393 1.16 1.191 1.77 0.435 1.736 2.471
1.758 2.822 1.505 1.886 1.745 1.996 3.453 1.257 0.0 2.222 3.571 3.842 1.025 1.427 2.277 0.839 3.037 2.301 3.255 2.475 3.634 1.938 2.182 0.906 1.843 2.429 2.165 0.558 2.642 1.558 3.218 2.019 2.077 2.391 1.153 3.8 1.176 1.365 2.603 3.404 2.284 3.873 1.879 3.243 1.518 1.18 2.206 1.516 2.903 2.34 1.26 2.858 2.093 3.067 3.193 3.163 2.329 3.41 1.408 2.179 1.39 3.451 2.698 1.261 1.238 1.506 3.192 1.955 2.273 3.208 2.501 2.05 2.064 1.085 3.403 2.539 3.017 1.431 1.051 2.458 3.085 2.768 1.653 0.877 1.674 1.833 2.558 3.678 1.406 3.085 2.375 3.568 0.603 2.647 3.644 2.412 0.97 1.828 1.69 1.716 3.542
1.611 3.458 3.116 3.513 2.741 0.679 2.04 1.64 2.222 0.0 3.354 3.024 1.221 0.892 1.04 2.588 1.528 3.316 1.033 0.264 3.368 3.551 3.252 2.623 0.402 2.134 1.275 2.423 3.443 0.667 2.918 2.447 3.41 0.677 2.741 3.175 1.494 2.047 2.842 3.141 2.2 3.295 2.929 1.096 0.827 1.168 2.153 1.04 3.339 1.124 2.244 0.739 0.161 2.054 1.122 1.881 2.203 3.013 2.704 3.683 0.833 1.706 1.489 1.276 3.016 1.622 3.132 2.55 2.525 1.925 3.879 0.977 1.189 1.211 1.511 3.356 1.398 0.985 1.908 0.511 2.747 3.957 0.714 2.579 0.891 0.859 0.402 1.468 0.892 0.865 0.484 1.731 1.809 3.538 2.848 1.712 2.71 0.813 1.684 0.92 1.67
2.013 1.317 2.747 2.806 2.03 3.89 1.934 2.42 3.571 3.354 0.0 0.957 3.13 2.942 2.316 2.981 2.17 1.888 3.774 3.495 0.088 2.793 1.975 2.936 3.164 1.289 2.09 4.122 1.563 3.211 0.437 1.564 2.348 2.725 2.755 0.65 2.586 2.207 1.012 0.213 1.341 0.595 2.023 3.293 2.906 2.904 1.418 3.88 1.033 2.236 2.332 3.154 3.235 1.467 3.087 1.803 1.309 0.381 2.412 2.645 3.302 2.484 1.948 3.891 2.983 2.205 0.396 1.666 1.303 1.789 2.491 2.396 2.193 3.575 2.747 1.596 2.333 2.8 4.263 2.95 0.608 2.216 3.638 2.93 3.864 2.594 3.219 3.751 2.98 3.705 2.926 2.66 3.037 1.695 0.924 1.645 2.948 3.908 2.022 3.928 2.725
2.101 2.173 3.359 3.507 2.604 3.65 1.185 2.592 3.842 3.024 0.957 0.0 3.164 2.872 2.026 3.425 1.583 2.647 3.194 3.099 0.887 3.505 2.708 3.394 2.945 1.419 1.906 4.358 2.39 3.076 0.869 2.029 3.08 2.349 3.265 0.32 2.711 2.528 1.65 0.877 1.594 0.427 2.658 2.674 2.811 2.925 1.667 3.769 1.882 1.934 2.724 2.633 2.941 0.972 2.467 1.187 1.545 0.692 2.945 3.404 3.213 1.754 1.537 3.849 3.539 2.345 1.18 2.182 1.783 1.153 3.31 2.186 2.026 3.565 2.047 2.396 1.748 2.751 4.329 2.546 0.894 3.082 3.476 3.377 3.709 2.433 2.788 3.067 2.912 3.162 2.548 1.907 3.252 2.531 0.2 1.503 3.428 3.715 2.157 3.766 1.983
1.119 2.768 2.0 2.41 1.819 1.175 2.56 0.767 1.025 1.221 3.13 3.164 0.0 0.41 1.335 1.404 2.1 2.437 2.253 1.482 3.175 2.454 2.345 1.448 0.829 1.855 1.304 1.35 2.671 0.556 2.719 1.768 2.406 1.38 1.606 3.196 0.575 1.149 2.315 2.933 1.791 3.292 2.004 2.218 0.503 0.239 1.717 0.865 2.744 1.412 1.25 1.833 1.081 2.274 2.17 2.292 1.821 2.88 1.658 2.628 0.429 2.478 1.813 0.782 1.85 0.935 2.801 1.796 1.956 2.34 2.879 1.109 1.187 0.454 2.402 2.57 2.055 0.456 1.165 1.434 2.559 3.037 0.804 1.404 0.942 0.862 1.537 2.66 0.384 2.085 1.351 2.58 0.601 2.729 2.965 1.663 1.536 1.064 1.11 1.005 2.548
0.956 2.756 2.229 2.63 1.914 1.056 2.183 0.795 1.427 0.892 2.942 2.872 0.41 0.0 0.952 1.697 1.708 2.516 1.901 1.156 2.977 2.67 2.438 1.731 0.491 1.653 0.972 1.756 2.697 0.316 2.515 1.73 2.558 0.97 1.85 2.935 0.624 1.213 2.224 2.736 1.635 3.039 2.104 1.824 0.093 0.279 1.569 0.939 2.689 1.034 1.382 1.44 0.737 1.945 1.767 1.927 1.656 2.658 1.833 2.815 0.36 2.073 1.449 0.978 2.124 0.856 2.644 1.797 1.873 1.975 3.031 0.733 0.85 0.701 1.992 2.602 1.654 0.148 1.49 1.033 2.348 3.144 0.728 1.688 0.938 0.476 1.16 2.282 0.041 1.737 0.949 2.171 0.936 2.774 2.675 1.377 1.818 1.011 0.986 1.003 2.138
0.847 2.555 2.625 2.972 2.058 1.628 1.231 1.178 2.277 1.04 2.316 2.026 1.335 0.952 0.0 2.282 0.766 2.546 1.625 1.185 2.328 3.0 2.511 2.291 0.92 1.136 0.295 2.677 2.588 1.08 1.881 1.613 2.751 0.436 2.316 2.15 1.152 1.461 1.891 2.103 1.247 2.267 2.231 1.293 0.869 1.121 1.218 1.763 2.394 0.092 1.71 0.992 0.932 1.058 1.144 0.983 1.237 1.973 2.157 3.065 1.241 1.178 0.513 1.882 2.626 1.007 2.11 1.754 1.617 1.03 3.189 0.229 0.291 1.642 1.175 2.515 0.742 0.88 2.436 0.665 1.711 3.188 1.456 2.254 1.689 0.477 0.938 1.813 0.989 1.51 0.624 1.309 1.698 2.703 1.84 0.682 2.366 1.689 0.951 1.744 1.296
1.53 2.058 0.675 1.074 0.998 2.561 3.296 1.104 0.839 2.588 2.981 3.425 1.404 1.697 2.282 0.0 2.972 1.492 3.595 2.851 3.055 1.124 1.369 0.067 2.185 2.024 2.076 1.349 1.854 1.945 2.688 1.43 1.239 2.535 0.317 3.321 1.159 0.929 1.973 2.843 1.832 3.373 1.094 3.46 1.771 1.42 1.762 2.157 2.183 2.316 0.704 3.087 2.434 2.808 3.362 2.992 1.882 2.891 0.618 1.351 1.832 3.432 2.58 1.95 0.453 1.301 2.588 1.315 1.694 3.031 1.665 2.081 2.01 1.686 3.457 1.754 2.999 1.627 1.876 2.669 2.582 1.929 2.191 0.052 2.283 1.942 2.841 3.948 1.696 3.433 2.586 3.58 0.807 1.842 3.237 2.169 0.142 2.425 1.43 2.338 3.575
1.453 2.797 3.227 3.533 2.57 2.198 0.514 1.882 3.037 1.528 2.17 1.583 2.1 1.708 0.766 2.972 0.0 2.952 1.626 1.552 2.154 3.553 2.946 2.973 1.572 1.348 0.899 3.444 2.897 1.79 1.78 2.028 3.242 0.871 2.961 1.801 1.889 2.086 2.1 1.973 1.543 1.929 2.719 1.126 1.621 1.887 1.554 2.44 2.574 0.698 2.34 1.05 1.485 0.703 0.918 0.397 1.51 1.791 2.751 3.574 1.968 0.475 0.412 2.596 3.274 1.672 2.094 2.194 1.934 0.431 3.637 0.995 0.982 2.383 0.626 2.845 0.167 1.645 3.177 1.019 1.634 3.565 2.113 2.939 2.337 1.238 1.232 1.585 1.744 1.582 1.045 0.649 2.45 3.029 1.437 0.919 3.041 2.303 1.558 2.383 0.674
1.734 0.645 0.983 0.93 0.619 3.562 3.05 1.723 2.301 3.316 1.888 2.647 2.437 2.516 2.546 1.492 2.952 0.0 4.152 3.553 1.975 0.911 0.125 1.427 2.959 1.617 2.254 2.835 0.394 2.83 1.781 0.939 0.463 2.951 1.182 2.428 1.906 1.306 1.005 1.834 1.411 2.428 0.441 3.836 2.543 2.309 1.399 3.301 0.876 2.524 1.193 3.532 3.157 2.461 3.673 2.774 1.448 1.973 0.894 0.762 2.807 3.416 2.553 3.174 1.278 1.695 1.52 0.792 1.027 2.794 0.697 2.449 2.268 2.856 3.564 0.314 3.055 2.382 3.275 3.16 1.764 0.646 3.207 1.445 3.374 2.471 3.409 4.356 2.538 4.019 3.093 3.597 2.002 0.352 2.507 2.038 1.392 3.485 1.646 3.439 3.626
2.42 4.179 4.083 4.466 3.623 1.457 2.028 2.581 3.255 1.033 3.774 3.194 2.253 1.901 1.625 3.595 1.626 4.152 0.0 0.78 3.764 4.501 4.106 3.625 1.426 2.737 1.919 3.429 4.212 1.7 3.362 3.229 4.312 1.202 3.722 3.425 2.462 2.959 3.506 3.569 2.867 3.554 3.805 0.532 1.824 2.18 2.842 1.953 4.008 1.668 3.182 0.64 1.172 2.319 0.732 2.02 2.854 3.399 3.646 4.607 1.865 1.496 1.837 2.224 4.01 2.504 3.646 3.361 3.242 2.049 4.767 1.703 1.887 2.221 1.2 4.137 1.459 1.969 2.844 0.993 3.204 4.797 1.674 3.582 1.778 1.717 0.764 0.508 1.907 0.17 1.064 1.405 2.833 4.325 3.059 2.262 3.711 1.648 2.513 1.779 1.321
1.834 3.671 3.377 3.772 2.986 0.773 2.052 1.894 2.475 0.264 3.495 3.099 1.482 1.156 1.185 2.851 1.552 3.553 0.78 0.0 3.503 3.81 3.493 2.886 0.666 2.31 1.447 2.654 3.667 0.927 3.062 2.67 3.66 0.772 3.002 3.271 1.753 2.296 3.039 3.283 2.393 3.395 3.174 0.921 1.089 1.432 2.351 1.216 3.54 1.26 2.499 0.614 0.42 2.139 0.989 1.928 2.392 3.143 2.961 3.937 1.085 1.656 1.582 1.473 3.28 1.863 3.295 2.78 2.733 1.969 4.128 1.164 1.375 1.444 1.426 3.582 1.406 1.245 2.102 0.556 2.892 4.197 0.912 2.843 1.05 1.084 0.323 1.238 1.155 0.61 0.569 1.653 2.072 3.765 2.931 1.867 2.973 0.943 1.913 1.066 1.584
2.056 1.405 2.83 2.892 2.109 3.914 1.898 2.473 3.634 3.368 0.088 0.887 3.175 2.977 2.328 3.055 2.154 1.975 3.764 3.503 0.0 2.88 2.061 3.011 3.187 1.326 2.111 4.184 1.651 3.242 0.463 1.634 2.435 2.732 2.832 0.576 2.636 2.269 1.09 0.242 1.391 0.513 2.106 3.278 2.94 2.946 1.468 3.915 1.121 2.247 2.401 3.149 3.252 1.451 3.071 1.78 1.357 0.366 2.49 2.732 3.337 2.453 1.946 3.932 3.063 2.254 0.475 1.74 1.371 1.764 2.579 2.416 2.215 3.617 2.722 1.684 2.318 2.836 4.313 2.956 0.632 2.304 3.668 3.004 3.895 2.62 3.223 3.73 3.016 3.7 2.934 2.628 3.095 1.783 0.868 1.664 3.024 3.936 2.069 3.959 2.695
2.155 1.543 0.458 0.052 0.989 3.629 3.746 1.922 1.938 3.551 2.793 3.505 2.454 2.67 3.0 1.124 3.553 0.911 4.501 3.81 2.88 0.0 0.818 1.062 3.158 2.31 2.733 2.384 1.283 2.956 2.651 1.574 0.448 3.346 0.855 3.308 2.058 1.551 1.858 2.727 2.09 3.318 0.87 4.275 2.726 2.41 2.051 3.259 1.787 3.004 1.32 3.929 3.392 3.177 4.141 3.451 2.136 2.85 0.856 0.272 2.876 4.028 3.142 3.066 0.7 2.012 2.417 1.4 1.765 3.479 0.622 2.846 2.709 2.788 4.126 1.22 3.626 2.566 2.988 3.523 2.611 0.975 3.257 1.101 3.373 2.786 3.738 4.788 2.68 4.35 3.445 4.2 1.888 1.189 3.35 2.645 0.983 3.509 2.049 3.432 4.214
1.686 0.76 0.86 0.832 0.527 3.479 3.064 1.643 2.182 3.252 1.975 2.708 2.345 2.438 2.511 1.369 2.946 0.125 4.106 3.493 2.061 0.818 0.0 1.304 2.889 1.624 2.221 2.714 0.515 2.751 1.846 0.92 0.375 2.908 1.058 2.499 1.823 1.226 1.059 1.912 1.412 2.504 0.341 3.803 2.469 2.224 1.393 3.207 0.978 2.493 1.096 3.492 3.093 2.479 3.644 2.783 1.452 2.042 0.776 0.697 2.721 3.413 2.542 3.074 1.154 1.631 1.6 0.761 1.039 2.805 0.691 2.404 2.229 2.758 3.551 0.429 3.043 2.307 3.162 3.113 1.819 0.707 3.121 1.323 3.284 2.414 3.358 4.323 2.459 3.97 3.044 3.593 1.896 0.476 2.562 2.028 1.267 3.397 1.594 3.348 3.619
1.526 1.998 0.61 1.012 0.942 2.609 3.288 1.114 0.906 2.623 2.936 3.394 1.448 1.731 2.291 0.067 2.973 1.427 3.625 2.886 3.011 1.062 1.304 0.0 2.22 1.999 2.079 1.415 1.792 1.984 2.649 1.39 1.172 2.554 0.25 3.286 1.18 0.914 1.926 2.8 1.804 3.335 1.033 3.482 1.802 1.455 1.735 2.211 2.126 2.323 0.68 3.11 2.468 2.793 3.38 2.983 1.854 2.852 0.559 1.286 1.876 3.435 2.578 2.008 0.403 1.302 2.542 1.27 1.653 3.022 1.599 2.094 2.016 1.74 3.466 1.692 3.003 1.656 1.941 2.693 2.546 1.862 2.239 0.044 2.335 1.962 2.869 3.972 1.731 3.464 2.61 3.586 0.854 1.778 3.207 2.158 0.088 2.476 1.424 2.391 3.581
1.296 3.144 2.719 3.118 2.371 0.727 2.081 1.258 1.843 0.402 3.164 2.945 0.829 0.491 0.92 2.185 1.572 2.959 1.426 0.666 3.187 3.158 2.889 2.22 0.0 1.899 1.08 2.087 3.11 0.291 2.728 2.121 3.03 0.713 2.341 3.058 1.102 1.671 2.56 2.952 1.932 3.173 2.56 1.414 0.432 0.766 1.877 0.869 3.046 1.012 1.858 1.032 0.253 1.978 1.394 1.872 1.942 2.845 2.315 3.295 0.478 1.848 1.425 1.042 2.615 1.267 2.907 2.21 2.226 1.919 3.502 0.776 0.972 0.894 1.706 3.019 1.474 0.594 1.655 0.671 2.557 3.596 0.545 2.177 0.774 0.575 0.716 1.835 0.489 1.259 0.6 1.91 1.409 3.197 2.757 1.526 2.307 0.77 1.355 0.827 1.862
0.737 1.466 2.062 2.298 1.328 2.621 1.444 1.195 2.429 2.134 1.289 1.419 1.855 1.653 1.136 2.024 1.348 1.617 2.737 2.31 1.326 2.31 1.624 1.999 1.899 0.0 0.864 2.956 1.55 1.926 0.866 0.736 1.949 1.572 1.898 1.376 1.337 1.111 0.775 1.085 0.219 1.458 1.443 2.336 1.619 1.623 0.27 2.592 1.273 1.077 1.32 2.096 2.001 0.868 2.15 1.16 0.174 1.026 1.607 2.286 2.013 1.803 0.968 2.606 2.192 0.957 1.008 0.909 0.591 1.183 2.311 1.157 0.946 2.293 1.971 1.497 1.467 1.511 3.006 1.802 0.704 2.218 2.354 1.978 2.578 1.324 2.075 2.846 1.691 2.634 1.758 1.987 1.848 1.681 1.225 0.477 2.042 2.628 0.767 2.643 2.02
0.581 2.263 2.373 2.707 1.778 1.806 1.288 0.982 2.165 1.275 2.09 1.906 1.304 0.972 0.295 2.076 0.899 2.254 1.919 1.447 2.111 2.733 2.221 2.079 1.08 0.864 0.0 2.608 2.294 1.174 1.654 1.319 2.47 0.724 2.082 1.99 0.999 1.213 1.604 1.878 0.958 2.101 1.947 1.582 0.906 1.071 0.926 1.866 2.107 0.274 1.466 1.287 1.148 0.975 1.425 1.002 0.951 1.765 1.9 2.788 1.307 1.356 0.533 1.945 2.395 0.778 1.857 1.462 1.323 1.048 2.902 0.306 0.121 1.672 1.403 2.22 0.925 0.862 2.453 0.95 1.482 2.895 1.585 2.044 1.818 0.53 1.22 2.103 1.012 1.802 0.901 1.508 1.569 2.408 1.711 0.447 2.15 1.84 0.688 1.878 1.508
2.26 3.372 1.981 2.332 2.295 2.044 3.889 1.767 0.558 2.423 4.122 4.358 1.35 1.756 2.677 1.349 3.444 2.835 3.429 2.654 4.184 2.384 2.714 1.415 2.087 2.956 2.608 0.0 3.186 1.798 3.763 2.576 2.578 2.719 1.665 4.332 1.656 1.916 3.16 3.952 2.822 4.409 2.421 3.499 1.848 1.557 2.744 1.526 3.459 2.75 1.818 3.119 2.318 3.545 3.479 3.61 2.865 3.951 1.946 2.641 1.61 3.828 3.135 1.244 1.69 2.014 3.746 2.513 2.827 3.656 2.977 2.449 2.498 1.212 3.745 3.083 3.404 1.8 0.77 2.746 3.625 3.267 1.759 1.393 1.703 2.21 2.796 3.889 1.726 3.259 2.667 3.927 1.108 3.184 4.159 2.899 1.465 1.856 2.202 1.727 3.893
1.833 0.261 1.375 1.306 0.905 3.752 2.928 1.923 2.642 3.443 1.563 2.39 2.671 2.697 2.588 1.854 2.897 0.394 4.212 3.667 1.651 1.283 0.515 1.792 3.11 1.55 2.294 3.186 0.0 3.012 1.523 0.997 0.839 3.012 1.552 2.145 2.113 1.522 0.822 1.54 1.371 2.13 0.765 3.857 2.712 2.517 1.381 3.535 0.531 2.553 1.463 3.58 3.288 2.339 3.681 2.672 1.397 1.701 1.242 1.097 3.012 3.344 2.516 3.431 1.668 1.847 1.223 0.901 0.98 2.687 0.93 2.525 2.328 3.107 3.521 0.104 3.017 2.555 3.583 3.231 1.539 0.705 3.41 1.806 3.592 2.585 3.492 4.374 2.723 4.091 3.171 3.53 2.291 0.143 2.268 2.01 1.764 3.692 1.76 3.658 3.567
1.254 3.07 2.509 2.915 2.225 0.74 2.289 1.107 1.558 0.667 3.211 3.076 0.556 0.316 1.08 1.945 1.79 2.83 1.7 0.927 3.242 2.956 2.751 1.984 0.291 1.926 1.174 1.798 3.012 0.0 2.779 2.044 2.861 0.962 2.123 3.163 0.93 1.525 2.527 3.003 1.926 3.272 2.415 1.704 0.313 0.547 1.862 0.693 2.998 1.17 1.685 1.322 0.535 2.125 1.682 2.059 1.943 2.913 2.129 3.11 0.191 2.101 1.593 0.807 2.384 1.17 2.927 2.112 2.179 2.107 3.336 0.892 1.056 0.615 1.977 2.917 1.709 0.459 1.395 0.952 2.61 3.456 0.429 1.941 0.653 0.644 1.006 2.121 0.292 1.532 0.877 2.175 1.151 3.09 2.883 1.607 2.072 0.707 1.292 0.717 2.131
1.599 1.315 2.538 2.656 1.791 3.454 1.604 2.03 3.218 2.918 0.437 0.869 2.719 2.515 1.881 2.688 1.78 1.781 3.362 3.062 0.463 2.651 1.846 2.649 2.728 0.866 1.654 3.763 1.523 2.779 0.0 1.258 2.22 2.293 2.49 0.66 2.187 1.856 0.795 0.225 0.947 0.69 1.822 2.893 2.477 2.488 1.025 3.453 1.027 1.802 2.01 2.736 2.799 1.084 2.689 1.433 0.909 0.206 2.156 2.54 2.875 2.129 1.528 3.472 2.744 1.804 0.353 1.389 0.996 1.426 2.442 1.959 1.756 3.159 2.377 1.527 1.938 2.374 3.863 2.519 0.171 2.22 3.206 2.638 3.433 2.159 2.79 3.365 2.554 3.288 2.493 2.311 2.664 1.665 0.748 1.209 2.671 3.474 1.618 3.496 2.37
0.836 1.027 1.345 1.563 0.597 2.783 2.176 1.001 2.019 2.447 1.564 2.029 1.768 1.73 1.613 1.43 2.028 0.939 3.229 2.67 1.634 1.574 0.92 1.39 2.121 0.736 1.319 2.576 0.997 2.044 1.258 0.0 1.221 2.027 1.239 1.899 1.193 0.675 0.587 1.415 0.517 1.946 0.708 2.899 1.736 1.583 0.483 2.614 0.976 1.587 0.769 2.603 2.293 1.604 2.734 1.886 0.563 1.462 0.916 1.557 2.064 2.497 1.622 2.548 1.51 0.874 1.177 0.173 0.264 1.912 1.611 1.532 1.342 2.22 2.631 0.914 2.123 1.585 2.806 2.242 1.159 1.577 2.455 1.38 2.651 1.589 2.499 3.419 1.76 3.102 2.179 2.676 1.524 1.099 1.852 1.109 1.414 2.738 0.767 2.717 2.7
1.908 1.099 0.613 0.468 0.693 3.57 3.393 1.772 2.077 3.41 2.348 3.08 2.406 2.558 2.751 1.239 3.242 0.463 4.312 3.66 2.435 0.448 0.375 1.172 3.03 1.949 2.47 2.578 0.839 2.861 2.22 1.221 0.0 3.127 0.925 2.874 1.934 1.364 1.431 2.287 1.732 2.88 0.525 4.042 2.601 2.319 1.703 3.251 1.34 2.743 1.177 3.714 3.249 2.813 3.894 3.105 1.775 2.417 0.75 0.338 2.808 3.714 2.833 3.089 0.921 1.809 1.975 1.05 1.378 3.13 0.475 2.622 2.463 2.787 3.835 0.773 3.329 2.438 3.101 3.321 2.189 0.691 3.203 1.201 3.345 2.599 3.553 4.561 2.573 4.169 3.248 3.891 1.894 0.755 2.931 2.324 1.114 3.47 1.808 3.408 3.912
1.223 2.987 2.948 3.314 2.435 1.331 1.385 1.453 2.391 0.677 2.725 2.349 1.38 0.97 0.436 2.535 0.871 2.951 1.202 0.772 2.732 3.346 2.908 2.554 0.713 1.572 0.724 2.719 3.012 0.962 2.293 2.027 3.127 0.0 2.612 2.507 1.375 1.795 2.326 2.513 1.681 2.629 2.614 0.934 0.877 1.213 1.65 1.578 2.829 0.498 2.033 0.587 0.615 1.38 0.828 1.207 1.672 2.371 2.492 3.432 1.15 1.139 0.816 1.753 2.915 1.334 2.536 2.16 2.046 1.252 3.576 0.506 0.685 1.576 1.026 2.936 0.763 0.963 2.357 0.23 2.125 3.596 1.247 2.513 1.467 0.593 0.504 1.442 0.996 1.079 0.203 1.215 1.858 3.123 2.174 1.111 2.634 1.431 1.321 1.513 1.176
1.509 1.765 0.397 0.808 0.733 2.779 3.243 1.159 1.153 2.741 2.755 3.265 1.606 1.85 2.316 0.317 2.961 1.182 3.722 3.002 2.832 0.855 1.058 0.25 2.341 1.898 2.082 1.665 1.552 2.123 2.49 1.239 0.925 2.612 0.0 3.138 1.26 0.875 1.743 2.63 1.692 3.18 0.801 3.546 1.914 1.58 1.629 2.404 1.907 2.338 0.622 3.182 2.583 2.723 3.432 2.938 1.743 2.696 0.344 1.06 2.031 3.431 2.557 2.215 0.313 1.31 2.359 1.102 1.497 2.975 1.361 2.133 2.032 1.933 3.483 1.453 3.005 1.759 2.181 2.767 2.399 1.615 2.407 0.276 2.519 2.028 2.961 4.046 1.855 3.565 2.686 3.588 1.033 1.533 3.084 2.109 0.212 2.655 1.403 2.577 3.59
2.097 1.915 3.197 3.314 2.448 3.776 1.451 2.57 3.8 3.175 0.65 0.32 3.196 2.935 2.15 3.321 1.801 2.428 3.425 3.271 0.576 3.308 2.499 3.286 3.058 1.376 1.99 4.332 2.145 3.163 0.66 1.899 2.874 2.507 3.138 0.0 2.707 2.455 1.454 0.606 1.519 0.128 2.482 2.914 2.881 2.958 1.596 3.854 1.624 2.06 2.631 2.842 3.079 1.134 2.706 1.405 1.473 0.458 2.807 3.189 3.286 2.021 1.691 3.912 3.398 2.329 0.921 2.039 1.641 1.377 3.072 2.286 2.108 3.615 2.308 2.16 1.967 2.805 4.359 2.716 0.74 2.825 3.575 3.272 3.808 2.52 2.97 3.328 2.975 3.382 2.709 2.183 3.224 2.283 0.372 1.559 3.312 3.826 2.139 3.868 2.256
0.611 2.199 1.626 2.019 1.297 1.656 2.282 0.193 1.176 1.494 2.586 2.711 0.575 0.624 1.152 1.159 1.889 1.906 2.462 1.753 2.636 2.058 1.823 1.18 1.102 1.337 0.999 1.656 2.113 0.93 2.187 1.193 1.934 1.375 1.26 2.707 0.0 0.6 1.742 2.395 1.245 2.794 1.486 2.302 0.671 0.405 1.168 1.427 2.169 1.2 0.758 1.931 1.334 1.894 2.203 1.989 1.28 2.36 1.212 2.193 0.902 2.326 1.53 1.357 1.552 0.383 2.244 1.227 1.382 2.034 2.408 0.937 0.906 1.028 2.321 2.015 1.889 0.509 1.677 1.513 2.034 2.527 1.302 1.139 1.478 0.783 1.7 2.794 0.64 2.306 1.431 2.461 0.574 2.18 2.511 1.244 1.262 1.582 0.571 1.544 2.447
0.635 1.626 1.164 1.519 0.701 2.255 2.377 0.418 1.365 2.047 2.207 2.528 1.149 1.213 1.461 0.929 2.086 1.306 2.959 2.296 2.269 1.551 1.226 0.914 1.671 1.111 1.213 1.916 1.522 1.525 1.856 0.675 1.364 1.795 0.875 2.455 0.6 0.0 1.261 2.039 0.938 2.521 0.891 2.726 1.246 1.004 0.863 2.013 1.63 1.476 0.254 2.379 1.886 1.879 2.596 2.072 0.986 2.05 0.698 1.648 1.502 2.556 1.682 1.915 1.188 0.461 1.831 0.661 0.916 2.11 1.832 1.297 1.172 1.588 2.616 1.422 2.133 1.083 2.134 1.974 1.728 1.931 1.902 0.887 2.074 1.241 2.197 3.238 1.233 2.812 1.898 2.716 0.849 1.583 2.335 1.245 0.971 2.181 0.529 2.14 2.719
1.274 0.697 1.753 1.862 1.02 3.257 2.107 1.556 2.603 2.842 1.012 1.65 2.315 2.224 1.891 1.973 2.1 1.005 3.506 3.039 1.09 1.858 1.059 1.926 2.56 0.775 1.604 3.16 0.822 2.527 0.795 0.587 1.431 2.326 1.743 1.454 1.742 1.261 0.0 0.896 0.647 1.473 1.032 3.111 2.214 2.114 0.689 3.139 0.503 1.84 1.347 2.866 2.698 1.518 2.925 1.855 0.654 0.996 1.4 1.756 2.573 2.536 1.737 3.097 1.975 1.389 0.617 0.661 0.36 1.868 1.69 1.875 1.665 2.769 2.727 0.794 2.229 2.076 3.385 2.554 0.76 1.522 2.951 1.921 3.159 1.995 2.825 3.62 2.257 3.398 2.504 2.722 2.109 0.962 1.503 1.251 1.936 3.233 1.239 3.226 2.763
1.814 1.309 2.649 2.736 1.915 3.679 1.76 2.233 3.404 3.141 0.213 0.877 2.933 2.736 2.103 2.843 1.973 1.834 3.569 3.283 0.242 2.727 1.912 2.8 2.952 1.085 1.878 3.952 1.54 3.003 0.225 1.415 2.287 2.513 2.63 0.606 2.395 2.039 0.896 0.0 1.151 0.594 1.926 3.093 2.7 2.705 1.228 3.675 1.018 2.024 2.178 2.947 3.023 1.271 2.888 1.613 1.115 0.208 2.29 2.596 3.096 2.301 1.74 3.69 2.87 2.013 0.317 1.531 1.151 1.602 2.469 2.184 1.981 3.375 2.559 1.559 2.134 2.595 4.072 2.739 0.396 2.219 3.429 2.792 3.656 2.383 3.008 3.556 2.775 3.499 2.714 2.48 2.859 1.677 0.804 1.433 2.817 3.698 1.828 3.72 2.543
0.683 1.312 1.845 2.079 1.109 2.642 1.661 1.083 2.284 2.2 1.341 1.594 1.791 1.635 1.247 1.832 1.543 1.411 2.867 2.393 1.391 2.09 1.412 1.804 1.932 0.219 0.958 2.822 1.371 1.926 0.947 0.517 1.732 1.681 1.692 1.519 1.245 0.938 0.647 1.151 0.0 1.589 1.224 2.489 1.613 1.569 0.079 2.569 1.149 1.2 1.13 2.229 2.058 1.087 2.311 1.374 0.05 1.129 1.394 2.069 1.993 2.004 1.149 2.56 1.983 0.863 1.013 0.69 0.394 1.398 2.101 1.229 1.019 2.24 2.159 1.31 1.652 1.489 2.922 1.908 0.803 2.023 2.354 1.785 2.571 1.361 2.178 3.005 1.672 2.756 1.858 2.186 1.72 1.497 1.405 0.639 1.843 2.633 0.682 2.637 2.216
2.187 1.893 3.224 3.326 2.48 3.892 1.578 2.652 3.873 3.295 0.595 0.427 3.292 3.039 2.267 3.373 1.929 2.428 3.554 3.395 0.513 3.318 2.504 3.335 3.173 1.458 2.101 4.409 2.13 3.272 0.69 1.946 2.88 2.629 3.18 0.128 2.794 2.521 1.473 0.594 1.589 0.0 2.505 3.043 2.988 3.055 1.667 3.962 1.604 2.178 2.688 2.969 3.198 1.259 2.834 1.533 1.544 0.485 2.846 3.19 3.392 2.148 1.814 4.015 3.434 2.414 0.91 2.079 1.685 1.506 3.059 2.399 2.218 3.715 2.435 2.152 2.096 2.908 4.453 2.839 0.794 2.8 3.686 3.323 3.919 2.63 3.094 3.456 3.079 3.51 2.832 2.309 3.303 2.266 0.499 1.666 3.359 3.94 2.224 3.979 2.383
1.391 0.965 0.724 0.863 0.19 3.141 2.884 1.309 1.879 2.929 2.023 2.658 2.004 2.104 2.231 1.094 2.719 0.441 3.805 3.174 2.106 0.87 0.341 1.033 2.56 1.443 1.947 2.421 0.765 2.415 1.822 0.708 0.525 2.614 0.801 2.482 1.486 0.891 1.032 1.926 1.224 2.505 0.0 3.523 2.138 1.885 1.189 2.866 1.113 2.221 0.755 3.2 2.769 2.31 3.372 2.592 1.269 2.026 0.478 0.855 2.382 3.192 2.309 2.734 0.972 1.312 1.631 0.534 0.896 2.619 0.962 2.108 1.944 2.417 3.31 0.662 2.804 1.975 2.837 2.812 1.764 1.041 2.782 1.045 2.943 2.101 3.051 4.042 2.123 3.666 2.741 3.368 1.561 0.772 2.495 1.802 1.013 3.057 1.294 3.007 3.388
2.134 3.798 3.882 4.245 3.349 1.692 1.501 2.387 3.243 1.096 3.293 2.674 2.218 1.824 1.293 3.46 1.126 3.836 0.532 0.921 3.278 4.275 3.803 3.482 1.414 2.336 1.582 3.499 3.857 1.704 2.893 2.899 4.042 0.934 3.546 2.914 2.302 2.726 3.111 3.093 2.489 3.043 3.523 0.0 1.736 2.093 2.475 2.127 3.606 1.312 2.965 0.385 1.182 1.828 0.208 1.512 2.469 2.915 3.424 4.353 1.89 0.964 1.391 2.371 3.847 2.264 3.193 3.045 2.877 1.537 4.482 1.429 1.58 2.294 0.67 3.789 0.961 1.854 3.003 0.796 2.741 4.476 1.808 3.441 1.967 1.52 0.704 0.52 1.841 0.554 0.88 0.879 2.752 3.977 2.545 1.86 3.563 1.864 2.236 1.985 0.797
0.941 2.763 2.289 2.687 1.948 1.048 2.1 0.831 1.518 0.827 2.906 2.811 0.503 0.093 0.869 1.771 1.621 2.543 1.824 1.089 2.94 2.726 2.469 1.802 0.432 1.619 0.906 1.848 2.712 0.313 2.477 1.736 2.601 0.877 1.914 2.881 0.671 1.246 2.214 2.7 1.613 2.988 2.138 1.736 0.0 0.359 1.549 0.978 2.686 0.953 1.427 1.352 0.669 1.876 1.676 1.848 1.631 2.616 1.883 2.864 0.404 1.982 1.371 1.039 2.192 0.866 2.617 1.811 1.867 1.896 3.073 0.654 0.785 0.776 1.9 2.619 1.565 0.163 1.568 0.943 2.309 3.176 0.74 1.759 0.96 0.395 1.077 2.197 0.123 1.662 0.859 2.079 1.02 2.793 2.615 1.322 1.889 1.021 0.98 1.025 2.046
0.891 2.598 1.964 2.369 1.697 1.256 2.337 0.595 1.18 1.168 2.904 2.925 0.239 0.279 1.121 1.42 1.887 2.309 2.18 1.432 2.946 2.41 2.224 1.455 0.766 1.623 1.071 1.557 2.517 0.547 2.488 1.583 2.319 1.213 1.58 2.958 0.405 1.004 2.114 2.705 1.569 3.055 1.885 2.093 0.359 0.0 1.496 1.031 2.557 1.193 1.145 1.71 1.015 2.037 2.026 2.064 1.597 2.647 1.583 2.564 0.498 2.281 1.586 0.991 1.85 0.725 2.581 1.627 1.755 2.111 2.794 0.892 0.955 0.671 2.223 2.419 1.852 0.252 1.404 1.298 2.327 2.926 0.898 1.411 1.075 0.658 1.437 2.557 0.277 2.016 1.214 2.391 0.66 2.585 2.726 1.423 1.542 1.177 0.89 1.141 2.364
0.614 1.337 1.793 2.038 1.066 2.583 1.695 1.005 2.206 2.153 1.418 1.667 1.717 1.569 1.218 1.762 1.554 1.399 2.842 2.351 1.468 2.051 1.393 1.735 1.877 0.27 0.926 2.744 1.381 1.862 1.025 0.483 1.703 1.65 1.629 1.596 1.168 0.863 0.689 1.228 0.079 1.667 1.189 2.475 1.549 1.496 0.0 2.501 1.188 1.176 1.059 2.205 2.009 1.129 2.3 1.403 0.123 1.208 1.337 2.039 1.926 2.02 1.154 2.488 1.923 0.787 1.085 0.655 0.402 1.43 2.084 1.188 0.979 2.166 2.165 1.316 1.657 1.422 2.845 1.875 0.881 2.02 2.29 1.715 2.506 1.308 2.144 2.992 1.605 2.727 1.822 2.2 1.641 1.503 1.476 0.639 1.776 2.57 0.607 2.571 2.227
1.887 3.625 2.801 3.212 2.683 0.52 2.949 1.619 1.516 1.04 3.88 3.769 0.865 0.939 1.763 2.157 2.44 3.301 1.953 1.216 3.915 3.259 3.207 2.211 0.869 2.592 1.866 1.526 3.535 0.693 3.453 2.614 3.251 1.578 2.404 3.854 1.427 2.013 3.139 3.675 2.569 3.962 2.866 2.127 0.978 1.031 2.501 0.0 3.587 1.855 2.111 1.779 1.0 2.815 2.161 2.734 2.592 3.594 2.501 3.453 0.579 2.701 2.276 0.283 2.61 1.752 3.581 2.653 2.783 2.781 3.721 1.584 1.747 0.472 2.534 3.435 2.341 1.082 0.891 1.498 3.286 3.895 0.334 2.169 0.179 1.337 1.442 2.441 0.901 1.788 1.44 2.748 1.372 3.594 3.576 2.296 2.297 0.33 1.905 0.204 2.693
1.753 0.291 1.81 1.806 1.185 3.734 2.532 1.977 2.903 3.339 1.033 1.882 2.744 2.689 2.394 2.183 2.574 0.876 4.008 3.54 1.121 1.787 0.978 2.126 3.046 1.273 2.107 3.459 0.531 2.998 1.027 0.976 1.34 2.829 1.907 1.624 2.169 1.63 0.503 1.018 1.149 1.604 1.113 3.606 2.686 2.557 1.188 3.587 0.0 2.343 1.653 3.367 3.192 1.954 3.418 2.301 1.157 1.19 1.569 1.62 3.031 2.995 2.225 3.524 2.08 1.839 0.705 0.972 0.821 2.309 1.459 2.376 2.167 3.195 3.2 0.57 2.71 2.542 3.762 3.057 1.073 1.201 3.417 2.132 3.619 2.487 3.327 4.113 2.721 3.901 3.007 3.181 2.466 0.663 1.775 1.75 2.116 3.7 1.706 3.685 3.227
0.85 2.512 2.638 2.977 2.052 1.718 1.15 1.213 2.34 1.124 2.236 1.934 1.412 1.034 0.092 2.316 0.698 2.524 1.668 1.26 2.247 3.004 2.493 2.323 1.012 1.077 0.274 2.75 2.553 1.17 1.802 1.587 2.743 0.498 2.338 2.06 1.2 1.476 1.84 2.024 1.2 2.178 2.221 1.312 0.953 1.193 1.176 1.855 2.343 0.0 1.727 1.029 1.02 0.966 1.152 0.895 1.187 1.89 2.167 3.062 1.33 1.126 0.423 1.972 2.65 1.029 2.039 1.734 1.577 0.943 3.175 0.303 0.307 1.728 1.145 2.482 0.689 0.956 2.522 0.728 1.633 3.164 1.549 2.287 1.781 0.559 1.002 1.832 1.072 1.558 0.693 1.266 1.756 2.67 1.749 0.613 2.396 1.781 0.956 1.837 1.258
0.889 1.604 0.917 1.286 0.575 2.399 2.624 0.605 1.26 2.244 2.332 2.724 1.25 1.382 1.71 0.704 2.34 1.193 3.182 2.499 2.401 1.32 1.096 0.68 1.858 1.32 1.466 1.818 1.463 1.685 2.01 0.769 1.177 2.033 0.622 2.631 0.758 0.254 1.347 2.178 1.13 2.688 0.755 2.965 1.427 1.145 1.059 2.111 1.653 1.727 0.0 2.613 2.084 2.116 2.84 2.32 1.18 2.21 0.464 1.438 1.637 2.81 1.935 1.982 0.935 0.704 1.946 0.695 1.03 2.357 1.651 1.539 1.422 1.663 2.869 1.359 2.386 1.264 2.126 2.204 1.894 1.788 2.035 0.658 2.19 1.466 2.418 3.475 1.397 3.031 2.126 2.969 0.83 1.503 2.535 1.491 0.73 2.308 0.782 2.254 2.973
1.809 3.541 3.526 3.897 3.022 1.379 1.513 2.025 2.858 0.739 3.154 2.633 1.833 1.44 0.992 3.087 1.05 3.532 0.64 0.614 3.149 3.929 3.492 3.11 1.032 2.096 1.287 3.119 3.58 1.322 2.736 2.603 3.714 0.587 3.182 2.842 1.931 2.379 2.866 2.947 2.229 2.969 3.2 0.385 1.352 1.71 2.205 1.779 3.367 1.029 2.613 0.0 0.807 1.717 0.383 1.447 2.215 2.784 3.075 4.018 1.509 1.061 1.208 2.012 3.481 1.918 3.012 2.74 2.606 1.481 4.162 1.093 1.264 1.918 0.815 3.507 0.887 1.473 2.643 0.418 2.575 4.176 1.453 3.068 1.627 1.154 0.337 0.864 1.456 0.551 0.501 1.042 2.37 3.694 2.483 1.621 3.193 1.537 1.907 1.652 0.971
1.458 3.307 2.957 3.353 2.58 0.717 1.999 1.48 2.093 0.161 3.235 2.941 1.081 0.737 0.932 2.434 1.485 3.157 1.172 0.42 3.252 3.392 3.093 2.468 0.253 2.001 1.148 2.318 3.288 0.535 2.799 2.293 3.249 0.615 2.583 3.079 1.334 1.886 2.698 3.023 2.058 3.198 2.769 1.182 0.669 1.015 2.009 1.0 3.192 1.02 2.084 0.807 0.0 1.969 1.182 1.82 2.062 2.901 2.544 3.522 0.713 1.706 1.405 1.214 2.861 1.462 3.003 2.393 2.376 1.865 3.718 0.845 1.055 1.112 1.534 3.2 1.367 0.826 1.841 0.499 2.628 3.798 0.667 2.425 0.87 0.707 0.478 1.586 0.739 1.006 0.448 1.748 1.661 3.381 2.761 1.59 2.555 0.82 1.528 0.909 1.693
1.318 2.202 2.918 3.165 2.194 2.679 0.59 1.817 3.067 2.054 1.467 0.972 2.274 1.945 1.058 2.808 0.703 2.461 2.319 2.139 1.451 3.177 2.479 2.793 1.978 0.868 0.975 3.545 2.339 2.125 1.084 1.604 2.813 1.38 2.723 1.134 1.894 1.879 1.518 1.271 1.087 1.259 2.31 1.828 1.876 2.037 1.129 2.815 1.954 0.966 2.116 1.717 1.969 0.0 1.621 0.353 1.041 1.088 2.454 3.151 2.272 1.054 0.565 2.913 3.027 1.571 1.411 1.777 1.44 0.356 3.158 1.233 1.096 2.646 1.293 2.303 0.867 1.837 3.428 1.584 0.948 3.033 2.514 2.766 2.747 1.487 1.836 2.285 1.985 2.263 1.581 1.239 2.464 2.478 0.794 0.656 2.846 2.747 1.402 2.802 1.293
1.991 3.615 3.758 4.112 3.201 1.759 1.297 2.274 3.193 1.122 3.087 2.467 2.17 1.767 1.144 3.362 0.918 3.673 0.732 0.989 3.071 4.141 3.644 3.38 1.394 2.15 1.425 3.479 3.681 1.682 2.689 2.734 3.894 0.828 3.432 2.706 2.203 2.596 2.925 2.888 2.311 2.834 3.372 0.208 1.676 2.026 2.3 2.161 3.418 1.152 2.84 0.383 1.182 1.621 0.0 1.304 2.289 2.708 3.294 4.209 1.871 0.771 1.196 2.392 3.737 2.136 2.992 2.884 2.701 1.329 4.327 1.301 1.434 2.287 0.486 3.616 0.754 1.78 3.022 0.737 2.538 4.31 1.834 3.34 2.01 1.421 0.72 0.696 1.787 0.732 0.819 0.707 2.68 3.803 2.337 1.676 3.46 1.92 2.094 2.035 0.628
1.466 2.545 3.164 3.436 2.463 2.537 0.304 1.944 3.163 1.881 1.803 1.187 2.292 1.927 0.983 2.992 0.397 2.774 2.02 1.928 1.78 3.451 2.783 2.983 1.872 1.16 1.002 3.61 2.672 2.059 1.433 1.886 3.105 1.207 2.938 1.405 1.989 2.072 1.855 1.613 1.374 1.533 2.592 1.512 1.848 2.064 1.403 2.734 2.301 0.895 2.32 1.447 1.82 0.353 1.304 0.0 1.332 1.422 2.692 3.442 2.224 0.701 0.479 2.864 3.248 1.71 1.764 2.058 1.747 0.048 3.469 1.194 1.112 2.623 0.946 2.631 0.563 1.84 3.416 1.383 1.3 3.36 2.416 2.953 2.646 1.453 1.612 1.95 1.966 1.979 1.397 0.886 2.563 2.81 1.04 0.83 3.044 2.627 1.563 2.697 0.94
0.708 1.329 1.894 2.125 1.157 2.655 1.618 1.121 2.329 2.203 1.309 1.545 1.821 1.656 1.237 1.882 1.51 1.448 2.854 2.392 1.357 2.136 1.452 1.854 1.942 0.174 0.951 2.865 1.397 1.943 0.909 0.563 1.775 1.672 1.743 1.473 1.28 0.986 0.654 1.115 0.05 1.544 1.269 2.469 1.631 1.597 0.123 2.592 1.157 1.187 1.18 2.215 2.062 1.041 2.289 1.332 0.0 1.088 1.444 2.112 2.015 1.969 1.12 2.587 2.033 0.897 0.989 0.736 0.425 1.356 2.14 1.229 1.017 2.268 2.128 1.339 1.622 1.51 2.957 1.9 0.761 2.055 2.371 1.835 2.591 1.369 2.171 2.983 1.693 2.745 1.852 2.151 1.761 1.525 1.355 0.613 1.893 2.65 0.713 2.656 2.183
1.763 1.481 2.743 2.856 1.997 3.571 1.558 2.208 3.41 3.013 0.381 0.692 2.88 2.658 1.973 2.891 1.791 1.973 3.399 3.143 0.366 2.85 2.042 2.852 2.845 1.026 1.765 3.951 1.701 2.913 0.206 1.462 2.417 2.371 2.696 0.458 2.36 2.05 0.996 0.208 1.129 0.485 2.026 2.915 2.616 2.647 1.208 3.594 1.19 1.89 2.21 2.784 2.901 1.088 2.708 1.422 1.088 0.0 2.361 2.734 3.017 2.104 1.581 3.624 2.95 1.977 0.488 1.594 1.2 1.409 2.625 2.071 1.874 3.315 2.367 1.711 1.954 2.521 4.032 2.594 0.327 2.391 3.336 2.841 3.566 2.282 2.86 3.371 2.698 3.334 2.574 2.282 2.849 1.841 0.601 1.318 2.875 3.6 1.789 3.628 2.346
1.319 1.44 0.476 0.822 0.389 2.826 2.994 1.068 1.408 2.704 2.412 2.945 1.658 1.833 2.157 0.618 2.751 0.894 3.646 2.961 2.49 0.856 0.776 0.559 2.315 1.607 1.9 1.946 1.242 2.129 2.156 0.916 0.75 2.492 0.344 2.807 1.212 0.698 1.4 2.29 1.394 2.846 0.478 3.424 1.883 1.583 1.337 2.501 1.569 2.167 0.464 3.075 2.544 2.454 3.294 2.692 1.444 2.361 0.0 0.982 2.066 3.224 2.341 2.342 0.594 1.159 2.017 0.768 1.167 2.725 1.221 1.995 1.867 2.038 3.301 1.14 2.81 1.721 2.391 2.667 2.07 1.41 2.458 0.568 2.597 1.93 2.882 3.935 1.845 3.495 2.59 3.39 1.149 1.24 2.768 1.866 0.548 2.722 1.212 2.659 3.398
